#!ascii label  , from subject sub-v1s0x0050642_ses-1 vox2ras=TkReg
1203
44098  -8.200  -38.988  42.217 0.0000000000
47207  -36.637  -36.144  36.335 0.0000000000
55379  -35.517  -27.585  35.556 0.0000000000
50214  -29.755  -33.009  38.887 0.0000000000
64732  -42.849  -18.340  18.245 0.0000000000
62732  -34.352  -21.342  25.149 0.0000000000
47101  -38.599  -34.344  43.392 0.0000000000
47187  -32.851  -36.436  37.031 0.0000000000
66530  -47.779  -17.670  21.804 0.0000000000
137435  -49.415  -12.045  20.857 0.0000000000
75613  -51.184  -7.879  19.264 0.0000000000
56522  -39.095  -27.059  32.087 0.0000000000
57665  -32.909  -26.195  28.930 0.0000000000
59739  -39.180  -24.436  27.578 0.0000000000
61746  -41.550  -21.368  24.901 0.0000000000
49217  -21.158  -33.497  36.923 0.0000000000
42193  -6.094  -41.071  45.334 0.0000000000
51259  -36.985  -32.563  37.644 0.0000000000
55357  -39.886  -27.017  38.379 0.0000000000
52315  -24.745  -31.292  34.383 0.0000000000
50291  -29.533  -33.025  31.940 0.0000000000
73904  -48.103  -8.895  12.979 0.0000000000
133360  -53.126  -5.531  15.630 0.0000000000
64688  -38.960  -18.316  21.223 0.0000000000
63712  -45.661  -21.043  23.195 0.0000000000
46076  -10.520  -37.373  39.356 0.0000000000
37124  -4.274  -45.518  41.552 0.0000000000
69315  -48.792  -14.718  21.892 0.0000000000
57695  -38.601  -26.618  28.697 0.0000000000
47221  -19.485  -35.238  34.764 0.0000000000
43129  -7.244  -40.113  44.260 0.0000000000
50265  -37.384  -34.284  34.755 0.0000000000
136279  -37.200  -34.416  37.115 0.0000000000
51276  -27.657  -31.330  36.926 0.0000000000
135087  -27.942  -31.218  33.246 0.0000000000
50241  -30.094  -32.844  35.991 0.0000000000
46158  -34.691  -37.369  36.436 0.0000000000
47247  -32.812  -36.397  34.379 0.0000000000
121733  -35.064  -36.680  33.491 0.0000000000
140801  -28.147  -32.333  40.702 0.0000000000
143073  -25.657  -31.917  38.321 0.0000000000
71186  -43.301  -12.757  18.652 0.0000000000
73895  -46.920  -9.020  14.870 0.0000000000
121807  -52.071  -6.157  17.646 0.0000000000
58782  -32.803  -25.048  26.216 0.0000000000
64665  -36.738  -19.086  23.347 0.0000000000
123590  -43.102  -22.977  24.041 0.0000000000
142411  -16.323  -35.802  38.049 0.0000000000
46057  -14.649  -35.623  40.162 0.0000000000
122640  -12.915  -36.008  41.153 0.0000000000
46098  -12.217  -36.801  38.187 0.0000000000
38223  -5.631  -46.153  40.311 0.0000000000
132775  -37.163  -36.031  39.130 0.0000000000
50199  -37.597  -33.441  40.743 0.0000000000
49158  -39.790  -32.386  43.198 0.0000000000
48174  -32.091  -34.829  41.216 0.0000000000
48221  -31.797  -34.603  37.404 0.0000000000
46041  -33.873  -35.880  40.700 0.0000000000
45054  -35.548  -37.844  39.915 0.0000000000
139209  -45.549  -18.756  20.468 0.0000000000
67465  -45.849  -16.885  20.925 0.0000000000
70221  -46.294  -13.644  20.751 0.0000000000
73025  -46.380  -10.769  19.181 0.0000000000
74708  -47.661  -8.433  18.460 0.0000000000
73029  -50.286  -10.102  20.106 0.0000000000
58674  -37.266  -25.247  34.183 0.0000000000
58679  -34.030  -25.731  32.819 0.0000000000
57650  -36.258  -26.186  30.443 0.0000000000
57723  -36.155  -25.723  27.653 0.0000000000
60781  -36.273  -23.166  26.735 0.0000000000
63686  -37.713  -20.025  25.510 0.0000000000
61733  -38.869  -21.846  27.071 0.0000000000
48195  -19.980  -33.605  38.774 0.0000000000
47196  -17.506  -35.498  36.509 0.0000000000
73921  -54.322  -9.749  11.430 0.0000000000
41207  -5.075  -41.414  45.526 0.0000000000
51295  -36.201  -32.749  34.951 0.0000000000
53278  -36.214  -30.218  36.542 0.0000000000
52248  -37.623  -31.671  40.047 0.0000000000
54287  -38.095  -29.205  38.998 0.0000000000
56458  -37.851  -26.456  37.302 0.0000000000
56487  -39.495  -27.022  34.598 0.0000000000
49255  -30.866  -34.584  34.429 0.0000000000
50193  -23.884  -32.834  39.645 0.0000000000
50250  -22.625  -32.716  35.690 0.0000000000
75634  -49.433  -7.125  16.411 0.0000000000
122164  -50.754  -7.360  14.163 0.0000000000
74735  -51.977  -8.359  13.118 0.0000000000
141959  -54.575  -6.748  13.151 0.0000000000
43213  -7.911  -40.335  39.624 0.0000000000
138503  -7.054  -42.217  40.164 0.0000000000
64703  -41.333  -18.537  20.701 0.0000000000
62765  -40.909  -20.320  23.591 0.0000000000
62791  -42.018  -20.312  22.505 0.0000000000
63760  -44.270  -20.078  20.996 0.0000000000
64678  -46.383  -19.507  22.606 0.0000000000
45010  -9.133  -38.117  41.046 0.0000000000
40279  -6.414  -42.821  42.252 0.0000000000
40262  -5.223  -43.326  43.501 0.0000000000
40261  -4.268  -43.331  43.224 0.0000000000
44085  -7.787  -39.364  43.082 0.0000000000
47252  -37.232  -36.169  34.559 0.0000000000
48258  -37.056  -35.067  35.504 0.0000000000
48240  -37.014  -35.164  36.587 0.0000000000
51258  -28.371  -31.747  37.452 0.0000000000
51277  -28.542  -31.601  36.484 0.0000000000
50229  -29.766  -32.805  37.867 0.0000000000
46185  -36.144  -37.017  35.634 0.0000000000
46203  -35.139  -37.067  34.559 0.0000000000
46204  -36.151  -36.990  34.841 0.0000000000
47269  -36.686  -36.429  33.297 0.0000000000
130852  -30.411  -33.861  40.720 0.0000000000
50171  -29.220  -33.084  41.344 0.0000000000
50196  -29.030  -32.620  39.493 0.0000000000
51239  -27.441  -31.810  38.869 0.0000000000
73893  -45.489  -9.967  15.495 0.0000000000
54317  -35.078  -29.268  34.593 0.0000000000
56502  -34.586  -27.476  34.264 0.0000000000
60779  -33.352  -23.501  25.562 0.0000000000
59786  -32.676  -24.265  24.005 0.0000000000
62750  -34.525  -20.552  24.527 0.0000000000
46125  -15.519  -36.350  37.341 0.0000000000
46082  -15.570  -35.686  38.902 0.0000000000
46100  -14.481  -36.254  38.316 0.0000000000
46080  -13.834  -36.229  38.865 0.0000000000
46123  -13.564  -36.842  37.253 0.0000000000
136480  -37.495  -35.047  41.565 0.0000000000
144135  -38.167  -34.028  41.745 0.0000000000
48166  -39.251  -32.888  43.205 0.0000000000
47098  -33.942  -34.826  42.769 0.0000000000
47118  -33.303  -35.530  41.166 0.0000000000
45994  -35.159  -35.049  43.543 0.0000000000
47090  -38.341  -34.921  43.916 0.0000000000
122494  -36.671  -35.574  42.755 0.0000000000
46027  -37.145  -35.529  42.119 0.0000000000
46091  -36.672  -37.051  39.687 0.0000000000
65622  -47.147  -18.368  21.477 0.0000000000
65628  -45.960  -18.265  20.611 0.0000000000
67450  -47.727  -17.022  21.417 0.0000000000
69332  -49.009  -13.866  21.639 0.0000000000
69331  -48.003  -14.339  21.606 0.0000000000
127312  -48.179  -12.689  21.034 0.0000000000
72100  -46.663  -11.905  20.194 0.0000000000
72102  -48.247  -11.427  20.548 0.0000000000
73027  -47.960  -10.052  19.878 0.0000000000
72103  -49.801  -11.534  20.638 0.0000000000
57599  -37.869  -25.902  33.379 0.0000000000
57615  -36.868  -25.533  32.248 0.0000000000
57634  -37.509  -26.185  31.536 0.0000000000
58767  -38.659  -25.554  27.530 0.0000000000
57724  -37.134  -25.943  27.860 0.0000000000
58766  -37.702  -25.421  27.458 0.0000000000
58785  -36.346  -24.819  27.287 0.0000000000
59755  -37.667  -24.190  27.048 0.0000000000
61732  -38.216  -22.442  26.930 0.0000000000
60761  -38.747  -23.287  27.253 0.0000000000
135010  -21.971  -32.902  39.256 0.0000000000
49181  -20.836  -33.210  39.269 0.0000000000
48219  -20.270  -33.840  37.577 0.0000000000
47197  -18.791  -34.771  35.859 0.0000000000
74745  -55.133  -8.522  12.182 0.0000000000
73923  -55.611  -8.946  10.913 0.0000000000
41227  -5.631  -41.525  45.298 0.0000000000
50242  -36.923  -33.710  36.302 0.0000000000
50252  -36.962  -33.528  34.745 0.0000000000
52308  -36.392  -32.305  36.222 0.0000000000
138232  -36.050  -30.823  35.968 0.0000000000
123597  -36.651  -30.971  37.580 0.0000000000
51211  -39.204  -31.701  42.050 0.0000000000
129316  -37.741  -32.768  40.935 0.0000000000
52238  -38.698  -31.341  41.318 0.0000000000
55337  -40.854  -27.954  39.747 0.0000000000
54276  -39.500  -29.331  39.994 0.0000000000
55346  -39.331  -27.755  39.099 0.0000000000
55356  -37.962  -27.824  38.351 0.0000000000
122108  -38.761  -26.462  37.594 0.0000000000
129375  -38.718  -26.103  36.488 0.0000000000
56459  -39.838  -26.447  36.719 0.0000000000
51316  -28.740  -31.692  33.165 0.0000000000
47185  -32.202  -35.209  37.134 0.0000000000
140341  -31.600  -34.716  35.599 0.0000000000
47226  -31.843  -35.246  35.577 0.0000000000
48289  -32.015  -35.852  32.787 0.0000000000
50177  -25.223  -32.760  40.741 0.0000000000
51291  -24.636  -31.519  36.127 0.0000000000
51255  -24.372  -31.942  37.502 0.0000000000
51289  -23.394  -32.093  35.243 0.0000000000
50275  -22.961  -32.864  33.583 0.0000000000
74710  -49.231  -7.920  19.140 0.0000000000
75630  -48.695  -7.504  17.511 0.0000000000
75631  -49.415  -7.185  17.793 0.0000000000
77390  -52.769  -5.595  16.354 0.0000000000
76520  -51.191  -6.063  16.198 0.0000000000
76538  -52.053  -6.348  14.511 0.0000000000
75648  -51.363  -7.810  13.550 0.0000000000
75644  -52.580  -6.819  13.819 0.0000000000
138394  -53.295  -7.340  13.256 0.0000000000
76540  -53.767  -6.069  14.099 0.0000000000
58708  -33.219  -25.877  30.416 0.0000000000
56537  -33.244  -27.029  31.313 0.0000000000
64716  -39.355  -18.925  18.974 0.0000000000
63755  -39.795  -18.233  20.887 0.0000000000
133669  -40.150  -19.902  24.990 0.0000000000
62763  -39.325  -19.483  24.153 0.0000000000
62753  -40.649  -20.289  24.068 0.0000000000
61770  -44.660  -22.508  23.366 0.0000000000
61781  -42.344  -21.823  22.854 0.0000000000
62781  -44.099  -21.765  22.072 0.0000000000
63742  -43.132  -20.400  21.534 0.0000000000
63727  -44.896  -21.055  22.017 0.0000000000
63745  -45.325  -20.362  21.819 0.0000000000
64666  -46.179  -20.053  22.873 0.0000000000
126128  -12.155  -36.334  40.770 0.0000000000
46031  -11.365  -36.664  41.124 0.0000000000
46013  -10.462  -36.892  42.259 0.0000000000
45048  -9.975  -37.738  39.684 0.0000000000
45047  -9.461  -38.373  39.183 0.0000000000
139745  -9.591  -38.469  38.386 0.0000000000
40311  -6.837  -43.321  39.734 0.0000000000
41294  -6.688  -42.165  42.038 0.0000000000
39317  -6.427  -43.649  40.644 0.0000000000
37125  -4.665  -45.820  41.257 0.0000000000
38199  -5.388  -44.842  41.585 0.0000000000
38197  -4.437  -44.798  42.057 0.0000000000
39281  -4.724  -43.326  43.452 0.0000000000
39305  -4.119  -44.378  42.293 0.0000000000
45987  -36.415  -35.456  44.891 0.0000000000
67433  -48.460  -16.286  22.948 0.0000000000
67442  -48.468  -16.294  22.091 0.0000000000
68427  -49.553  -14.810  22.387 0.0000000000
56555  -38.907  -26.911  30.012 0.0000000000
142165  -20.837  -34.061  35.454 0.0000000000
48234  -20.532  -34.055  36.425 0.0000000000
43115  -7.477  -39.442  45.723 0.0000000000
42211  -6.812  -40.772  44.114 0.0000000000
48291  -37.980  -35.156  33.879 0.0000000000
50253  -37.046  -34.280  35.757 0.0000000000
51280  -37.034  -33.455  37.222 0.0000000000
55369  -40.944  -26.628  36.971 0.0000000000
52304  -26.082  -30.981  35.720 0.0000000000
52324  -26.081  -30.814  33.442 0.0000000000
52305  -27.445  -30.978  35.107 0.0000000000
51303  -29.114  -31.786  34.394 0.0000000000
51304  -29.677  -32.681  34.316 0.0000000000
46157  -33.783  -37.251  36.820 0.0000000000
47228  -32.758  -36.460  35.389 0.0000000000
141956  -33.374  -36.761  34.819 0.0000000000
47266  -34.102  -36.484  33.112 0.0000000000
47268  -35.861  -36.468  32.801 0.0000000000
50179  -27.293  -32.334  41.114 0.0000000000
50195  -25.856  -32.258  40.106 0.0000000000
51221  -26.609  -31.958  39.459 0.0000000000
51256  -26.216  -31.587  37.808 0.0000000000
69346  -43.998  -14.537  18.709 0.0000000000
74730  -47.546  -8.745  13.622 0.0000000000
75614  -52.181  -7.855  19.361 0.0000000000
75623  -51.604  -7.057  18.762 0.0000000000
57721  -33.733  -25.651  27.398 0.0000000000
64674  -35.688  -19.477  21.909 0.0000000000
64676  -37.203  -18.879  22.326 0.0000000000
60762  -42.811  -22.144  25.735 0.0000000000
124630  -42.142  -21.863  24.553 0.0000000000
60805  -43.645  -23.100  24.766 0.0000000000
127447  -17.239  -35.036  38.583 0.0000000000
47142  -15.969  -35.401  39.284 0.0000000000
47114  -14.820  -35.189  41.385 0.0000000000
46056  -14.102  -35.710  40.707 0.0000000000
46079  -13.293  -36.159  39.765 0.0000000000
46097  -11.373  -37.018  38.485 0.0000000000
45062  -10.720  -37.595  38.083 0.0000000000
45087  -11.203  -37.880  36.420 0.0000000000
138269  -36.928  -36.289  37.646 0.0000000000
48222  -37.355  -35.322  38.188 0.0000000000
48199  -37.354  -34.720  39.979 0.0000000000
50183  -38.699  -32.740  42.249 0.0000000000
49168  -30.951  -34.234  40.362 0.0000000000
49201  -30.504  -33.483  38.320 0.0000000000
48197  -31.699  -34.798  38.964 0.0000000000
47167  -32.376  -35.476  38.700 0.0000000000
46110  -33.190  -36.386  38.674 0.0000000000
124330  -35.967  -35.415  43.356 0.0000000000
45036  -34.536  -36.995  39.946 0.0000000000
46111  -33.507  -37.065  38.517 0.0000000000
126138  -35.047  -37.595  37.927 0.0000000000
46138  -36.664  -37.095  37.898 0.0000000000
48164  -32.016  -34.588  42.033 0.0000000000
64720  -44.177  -18.903  20.151 0.0000000000
64733  -43.600  -18.112  19.210 0.0000000000
125004  -44.604  -18.397  20.192 0.0000000000
66551  -45.301  -17.603  20.514 0.0000000000
141231  -45.454  -16.167  20.558 0.0000000000
121839  -47.491  -16.233  21.569 0.0000000000
125280  -46.478  -15.115  21.111 0.0000000000
69340  -44.744  -15.100  19.877 0.0000000000
71156  -44.531  -13.370  20.155 0.0000000000
72112  -44.984  -11.803  19.338 0.0000000000
124821  -45.994  -10.684  18.449 0.0000000000
73886  -46.160  -9.762  17.069 0.0000000000
73875  -47.486  -9.501  19.360 0.0000000000
74699  -48.735  -8.592  19.501 0.0000000000
73878  -50.470  -9.352  19.845 0.0000000000
72105  -51.415  -11.347  20.510 0.0000000000
73880  -52.511  -9.271  20.094 0.0000000000
57581  -35.822  -25.784  35.247 0.0000000000
56484  -34.619  -26.410  34.362 0.0000000000
58672  -35.365  -25.231  33.728 0.0000000000
58694  -34.898  -25.226  31.851 0.0000000000
57667  -34.575  -25.915  29.492 0.0000000000
57669  -37.034  -26.530  29.741 0.0000000000
57668  -35.906  -26.341  29.401 0.0000000000
122918  -34.383  -25.986  27.731 0.0000000000
57745  -35.070  -25.279  27.276 0.0000000000
58801  -34.890  -24.250  26.830 0.0000000000
125411  -35.235  -22.657  26.382 0.0000000000
63683  -35.835  -21.199  25.936 0.0000000000
61743  -37.180  -21.704  26.486 0.0000000000
62718  -38.448  -21.156  26.787 0.0000000000
62720  -40.187  -20.187  26.418 0.0000000000
62721  -41.138  -20.425  26.688 0.0000000000
61734  -41.885  -21.157  25.948 0.0000000000
48194  -18.615  -34.286  39.009 0.0000000000
47179  -19.315  -34.502  36.479 0.0000000000
47178  -18.728  -34.521  37.265 0.0000000000
47161  -17.658  -35.032  38.025 0.0000000000
47176  -17.173  -35.499  37.413 0.0000000000
53289  -35.802  -30.123  35.804 0.0000000000
55380  -35.855  -28.325  35.964 0.0000000000
50215  -37.201  -33.866  38.681 0.0000000000
125568  -37.241  -33.132  39.216 0.0000000000
52275  -37.081  -32.261  38.467 0.0000000000
53244  -38.040  -30.706  39.866 0.0000000000
53254  -36.960  -30.639  38.466 0.0000000000
54292  -37.034  -29.081  37.861 0.0000000000
55368  -36.594  -28.494  37.290 0.0000000000
56471  -36.113  -27.316  36.257 0.0000000000
57583  -37.174  -25.745  35.729 0.0000000000
57592  -38.148  -25.746  35.068 0.0000000000
56503  -38.839  -26.866  33.289 0.0000000000
55398  -41.125  -27.414  35.018 0.0000000000
56505  -40.197  -27.495  33.970 0.0000000000
49234  -30.826  -33.357  36.462 0.0000000000
136369  -30.791  -33.482  35.510 0.0000000000
49254  -30.287  -34.060  33.716 0.0000000000
141770  -31.590  -35.781  34.219 0.0000000000
48287  -30.915  -35.184  33.139 0.0000000000
50176  -23.371  -33.016  40.404 0.0000000000
49219  -22.474  -32.912  38.205 0.0000000000
50212  -24.602  -32.488  39.170 0.0000000000
50226  -22.918  -32.653  37.597 0.0000000000
49240  -22.033  -33.215  36.110 0.0000000000
50249  -21.976  -33.398  35.054 0.0000000000
74717  -47.306  -8.689  16.847 0.0000000000
74721  -47.704  -8.580  15.441 0.0000000000
74726  -48.549  -8.049  14.394 0.0000000000
76519  -50.609  -6.373  16.617 0.0000000000
75638  -49.749  -7.081  15.631 0.0000000000
74732  -49.556  -7.970  13.582 0.0000000000
74733  -50.388  -8.530  12.962 0.0000000000
74742  -51.666  -8.917  12.597 0.0000000000
73911  -52.330  -9.377  12.106 0.0000000000
73912  -53.082  -9.293  12.304 0.0000000000
74744  -54.339  -8.723  12.433 0.0000000000
44128  -8.208  -39.500  40.834 0.0000000000
43173  -7.485  -40.374  41.939 0.0000000000
145047  -7.548  -41.047  39.799 0.0000000000
56521  -33.890  -27.339  32.802 0.0000000000
120961  -41.591  -18.487  18.928 0.0000000000
63695  -37.355  -19.799  24.798 0.0000000000
63710  -38.768  -19.348  23.647 0.0000000000
63711  -39.571  -19.380  23.126 0.0000000000
139202  -41.483  -21.186  23.557 0.0000000000
62777  -41.007  -20.090  23.168 0.0000000000
63726  -40.931  -19.454  22.550 0.0000000000
125120  -41.894  -19.171  21.371 0.0000000000
63758  -42.724  -19.507  21.174 0.0000000000
63772  -43.961  -19.322  20.604 0.0000000000
64704  -44.646  -19.461  20.642 0.0000000000
64690  -46.196  -19.393  21.852 0.0000000000
65614  -47.304  -18.445  22.392 0.0000000000
44979  -8.832  -37.799  43.836 0.0000000000
44992  -9.481  -37.414  42.854 0.0000000000
44991  -8.824  -38.094  42.001 0.0000000000
44129  -8.733  -38.867  40.498 0.0000000000
44160  -8.482  -39.843  38.289 0.0000000000
42236  -7.086  -40.801  42.709 0.0000000000
129336  -6.784  -41.666  42.697 0.0000000000
41250  -6.457  -41.728  44.093 0.0000000000
39316  -5.953  -44.339  41.202 0.0000000000
123355  -6.017  -43.367  42.573 0.0000000000
40249  -5.615  -42.738  44.022 0.0000000000
40248  -5.064  -42.759  44.139 0.0000000000
40247  -4.602  -42.623  44.053 0.0000000000
38209  -3.471  -45.479  41.418 0.0000000000
39304  -3.639  -44.430  42.100 0.0000000000
130120  -8.472  -38.341  42.958 0.0000000000
47231  -36.757  -36.194  35.456 0.0000000000
47232  -36.816  -35.588  35.962 0.0000000000
50213  -29.034  -32.426  38.611 0.0000000000
50228  -29.307  -32.262  37.051 0.0000000000
46161  -36.464  -36.735  36.188 0.0000000000
46186  -36.411  -36.720  35.398 0.0000000000
141662  -36.657  -36.550  34.881 0.0000000000
50197  -29.743  -33.189  39.791 0.0000000000
50181  -29.806  -33.404  40.634 0.0000000000
73888  -45.339  -10.168  16.274 0.0000000000
138121  -35.414  -28.529  35.303 0.0000000000
55397  -35.085  -28.077  34.790 0.0000000000
60803  -33.505  -22.847  25.181 0.0000000000
60802  -32.981  -23.449  24.613 0.0000000000
61754  -33.632  -22.015  24.617 0.0000000000
62749  -33.911  -21.186  24.341 0.0000000000
46148  -15.004  -36.730  36.446 0.0000000000
46101  -15.155  -36.137  38.172 0.0000000000
46124  -14.550  -36.517  37.441 0.0000000000
121942  -13.930  -36.496  38.011 0.0000000000
47111  -38.541  -34.233  42.863 0.0000000000
48165  -38.778  -33.589  43.214 0.0000000000
48154  -39.417  -33.187  43.669 0.0000000000
47087  -34.817  -34.910  44.547 0.0000000000
45993  -34.494  -34.800  43.298 0.0000000000
45985  -35.372  -35.147  44.388 0.0000000000
47091  -38.674  -34.348  43.869 0.0000000000
47109  -37.856  -35.344  42.739 0.0000000000
47110  -38.263  -34.879  42.756 0.0000000000
46046  -37.511  -35.246  42.032 0.0000000000
139871  -34.804  -34.944  45.350 0.0000000000
66540  -47.231  -17.687  21.155 0.0000000000
70224  -49.278  -12.888  21.158 0.0000000000
70223  -48.386  -13.422  21.395 0.0000000000
124280  -47.977  -12.017  20.745 0.0000000000
71160  -48.695  -12.089  20.861 0.0000000000
128038  -49.043  -11.429  20.676 0.0000000000
57617  -38.449  -26.590  32.749 0.0000000000
57616  -37.713  -26.018  32.469 0.0000000000
57635  -38.332  -26.593  31.783 0.0000000000
58788  -38.808  -24.937  27.374 0.0000000000
58787  -38.135  -24.923  27.230 0.0000000000
59756  -38.476  -24.255  27.158 0.0000000000
60760  -38.010  -23.434  26.921 0.0000000000
49199  -21.824  -33.034  38.486 0.0000000000
121819  -21.304  -33.147  38.815 0.0000000000
49198  -21.010  -33.343  37.827 0.0000000000
74746  -55.844  -7.995  11.964 0.0000000000
131366  -55.473  -8.795  11.570 0.0000000000
74750  -55.858  -8.288  11.358 0.0000000000
42182  -6.374  -40.307  45.837 0.0000000000
42181  -5.791  -40.803  45.797 0.0000000000
41228  -6.047  -41.731  44.839 0.0000000000
51279  -36.777  -32.882  36.734 0.0000000000
132848  -36.701  -31.914  37.141 0.0000000000
51210  -38.494  -32.001  41.649 0.0000000000
52239  -39.514  -31.179  41.826 0.0000000000
55347  -40.376  -27.478  39.047 0.0000000000
56445  -38.787  -27.210  38.397 0.0000000000
56446  -39.558  -26.574  37.820 0.0000000000
56447  -40.350  -26.587  37.416 0.0000000000
51302  -24.111  -31.747  33.692 0.0000000000
52323  -24.740  -31.244  33.238 0.0000000000
47186  -32.459  -35.810  37.018 0.0000000000
47204  -32.146  -35.500  36.326 0.0000000000
52303  -25.178  -31.244  35.426 0.0000000000
51290  -24.285  -31.587  35.304 0.0000000000
125157  -23.999  -31.815  34.574 0.0000000000
51301  -23.448  -32.262  34.160 0.0000000000
74739  -49.126  -8.819  12.682 0.0000000000
75612  -50.197  -7.907  19.217 0.0000000000
75621  -49.726  -7.391  18.600 0.0000000000
75622  -50.616  -7.270  18.735 0.0000000000
141369  -52.378  -5.666  15.742 0.0000000000
76530  -52.575  -5.826  15.049 0.0000000000
76539  -52.943  -6.159  14.290 0.0000000000
138006  -53.300  -6.561  13.713 0.0000000000
77401  -53.449  -5.738  14.867 0.0000000000
58707  -32.979  -26.033  29.650 0.0000000000
56553  -32.762  -26.454  30.023 0.0000000000
57664  -32.541  -26.597  29.125 0.0000000000
64687  -37.994  -18.600  21.539 0.0000000000
122060  -37.453  -19.045  20.711 0.0000000000
64701  -38.966  -18.378  20.297 0.0000000000
61745  -40.861  -20.743  24.545 0.0000000000
62767  -45.058  -21.649  22.732 0.0000000000
61783  -44.241  -22.325  22.722 0.0000000000
62794  -44.211  -21.096  21.670 0.0000000000
63728  -45.606  -20.626  22.581 0.0000000000
143966  -45.995  -20.507  23.170 0.0000000000
46077  -11.223  -36.850  39.404 0.0000000000
46053  -11.375  -36.682  40.309 0.0000000000
46052  -10.608  -37.161  40.020 0.0000000000
136288  -10.757  -36.986  40.694 0.0000000000
45061  -10.155  -37.882  38.776 0.0000000000
38198  -4.807  -45.179  41.698 0.0000000000
56556  -39.759  -27.116  30.329 0.0000000000
48252  -20.550  -34.472  35.013 0.0000000000
44068  -7.611  -39.525  44.058 0.0000000000
130119  -7.443  -39.597  44.913 0.0000000000
43114  -6.937  -40.308  44.767 0.0000000000
48274  -37.915  -35.780  34.175 0.0000000000
125246  -37.043  -34.602  36.290 0.0000000000
49246  -37.272  -34.713  35.143 0.0000000000
49236  -37.101  -34.109  36.720 0.0000000000
50230  -37.180  -33.963  37.611 0.0000000000
52290  -27.091  -31.030  36.111 0.0000000000
144296  -26.646  -30.938  35.201 0.0000000000
51278  -29.413  -32.185  36.152 0.0000000000
51292  -28.936  -31.618  35.513 0.0000000000
51293  -29.643  -32.319  35.243 0.0000000000
46182  -33.929  -37.236  36.086 0.0000000000
47229  -33.609  -37.041  35.459 0.0000000000
46183  -34.582  -37.218  35.506 0.0000000000
47249  -34.405  -36.777  34.036 0.0000000000
49154  -29.405  -33.246  42.176 0.0000000000
50180  -28.317  -32.616  41.299 0.0000000000
50170  -28.518  -32.867  42.041 0.0000000000
142744  -27.647  -32.066  40.415 0.0000000000
51209  -26.835  -32.033  40.338 0.0000000000
51222  -27.550  -31.902  39.738 0.0000000000
51257  -27.328  -31.533  37.905 0.0000000000
52273  -26.742  -31.267  37.076 0.0000000000
52289  -26.259  -31.112  36.484 0.0000000000
69338  -43.545  -13.918  18.984 0.0000000000
57744  -33.972  -25.215  27.088 0.0000000000
57743  -32.749  -25.531  26.801 0.0000000000
63707  -34.799  -19.811  23.680 0.0000000000
64664  -35.637  -19.250  22.984 0.0000000000
64675  -36.279  -19.038  22.431 0.0000000000
127279  -44.192  -23.100  26.054 0.0000000000
60783  -43.488  -22.890  25.550 0.0000000000
61760  -45.573  -22.478  24.449 0.0000000000
47160  -16.806  -35.491  38.136 0.0000000000
47143  -16.651  -35.226  38.887 0.0000000000
47159  -16.173  -35.644  38.507 0.0000000000
46081  -14.980  -35.719  39.382 0.0000000000
47141  -15.265  -35.525  39.696 0.0000000000
47125  -14.416  -35.512  40.955 0.0000000000
127268  -14.219  -35.890  39.801 0.0000000000
46099  -13.157  -36.633  38.087 0.0000000000
130233  -12.792  -36.419  38.960 0.0000000000
140826  -11.955  -36.616  38.975 0.0000000000
46121  -11.482  -37.334  37.428 0.0000000000
139962  -37.131  -36.425  38.483 0.0000000000
47168  -37.287  -35.753  38.628 0.0000000000
47152  -37.244  -35.474  39.383 0.0000000000
49157  -39.117  -33.139  42.823 0.0000000000
49170  -38.444  -33.520  42.053 0.0000000000
48173  -31.493  -34.586  40.779 0.0000000000
49185  -31.014  -34.232  39.537 0.0000000000
48185  -31.563  -34.711  39.943 0.0000000000
46023  -33.851  -35.692  41.335 0.0000000000
128416  -32.597  -35.346  40.094 0.0000000000
47150  -32.748  -35.609  39.459 0.0000000000
46109  -32.884  -35.893  38.868 0.0000000000
46087  -33.315  -35.992  39.347 0.0000000000
47063  -37.419  -35.174  45.267 0.0000000000
45996  -36.199  -35.455  44.144 0.0000000000
45022  -35.882  -36.687  40.776 0.0000000000
45002  -35.591  -36.250  41.078 0.0000000000
45037  -35.149  -37.301  40.144 0.0000000000
46089  -34.141  -37.299  39.200 0.0000000000
45053  -34.921  -37.605  39.585 0.0000000000
46112  -34.218  -37.445  38.243 0.0000000000
45068  -35.388  -37.797  39.290 0.0000000000
46092  -36.895  -36.429  39.517 0.0000000000
46114  -36.353  -37.338  38.535 0.0000000000
46115  -36.911  -37.033  38.472 0.0000000000
46139  -36.922  -36.804  37.775 0.0000000000
47107  -32.607  -34.817  42.345 0.0000000000
128071  -31.410  -34.398  41.572 0.0000000000
64721  -44.913  -18.976  20.284 0.0000000000
64734  -44.261  -18.451  20.101 0.0000000000
66539  -46.426  -17.670  20.901 0.0000000000
67464  -44.606  -16.642  19.863 0.0000000000
68436  -48.627  -15.554  22.062 0.0000000000
67451  -48.130  -16.308  21.762 0.0000000000
68447  -48.080  -15.426  21.816 0.0000000000
69330  -46.966  -14.377  21.049 0.0000000000
69329  -46.008  -14.520  20.800 0.0000000000
68444  -45.588  -15.398  20.618 0.0000000000
69328  -45.270  -14.655  20.417 0.0000000000
69327  -44.580  -14.245  20.077 0.0000000000
71157  -45.478  -13.036  20.433 0.0000000000
72113  -46.049  -11.514  19.536 0.0000000000
71175  -45.713  -12.229  20.041 0.0000000000
73024  -45.445  -11.158  18.829 0.0000000000
73874  -46.689  -9.935  18.788 0.0000000000
73026  -47.140  -10.311  19.577 0.0000000000
73028  -49.432  -10.176  20.192 0.0000000000
144611  -48.677  -9.896  19.991 0.0000000000
73877  -49.105  -9.333  19.860 0.0000000000
74700  -49.748  -8.698  19.650 0.0000000000
73879  -51.781  -9.671  20.006 0.0000000000
58668  -36.515  -25.444  34.991 0.0000000000
58667  -35.610  -25.481  34.591 0.0000000000
58673  -36.285  -25.211  34.024 0.0000000000
57633  -36.575  -25.906  31.336 0.0000000000
58695  -35.857  -25.345  32.077 0.0000000000
58711  -35.579  -25.563  31.152 0.0000000000
58710  -34.610  -25.378  30.983 0.0000000000
57649  -35.200  -25.765  30.290 0.0000000000
138520  -38.513  -26.796  29.379 0.0000000000
57670  -37.956  -26.697  29.958 0.0000000000
124986  -37.839  -26.632  29.144 0.0000000000
57694  -36.994  -26.450  28.769 0.0000000000
57693  -36.140  -26.240  28.289 0.0000000000
128606  -35.254  -26.245  28.696 0.0000000000
57722  -35.280  -26.060  27.819 0.0000000000
125616  -34.780  -25.627  27.423 0.0000000000
124212  -35.505  -25.604  27.491 0.0000000000
59754  -36.684  -24.071  27.082 0.0000000000
59753  -35.800  -24.256  27.082 0.0000000000
142607  -36.028  -23.755  26.986 0.0000000000
59770  -35.296  -23.607  26.748 0.0000000000
61742  -36.220  -22.084  26.272 0.0000000000
60782  -36.924  -22.657  26.611 0.0000000000
61744  -37.825  -21.727  26.727 0.0000000000
62719  -39.257  -20.677  26.549 0.0000000000
62737  -39.752  -20.086  25.860 0.0000000000
62709  -41.272  -20.687  27.635 0.0000000000
62722  -41.842  -20.893  27.074 0.0000000000
61735  -42.575  -21.669  26.686 0.0000000000
121172  -19.413  -33.759  39.313 0.0000000000
48207  -19.097  -34.193  38.210 0.0000000000
48233  -20.094  -34.583  36.061 0.0000000000
120869  -20.102  -34.230  36.843 0.0000000000
47198  -19.511  -34.842  35.586 0.0000000000
124370  -18.144  -35.256  35.765 0.0000000000
125840  -18.350  -34.879  36.532 0.0000000000
47177  -17.955  -35.075  37.284 0.0000000000
47162  -18.328  -34.690  37.813 0.0000000000
42192  -4.852  -41.179  45.530 0.0000000000
51294  -35.645  -31.885  34.660 0.0000000000
54308  -35.570  -29.287  35.530 0.0000000000
54300  -36.104  -29.150  36.456 0.0000000000
49204  -37.321  -34.498  39.457 0.0000000000
49203  -37.323  -34.639  38.590 0.0000000000
49186  -37.300  -33.990  39.609 0.0000000000
51224  -37.437  -32.593  40.077 0.0000000000
51241  -37.247  -32.401  39.215 0.0000000000
54275  -38.536  -29.731  39.650 0.0000000000
53255  -37.643  -30.204  39.154 0.0000000000
53266  -36.794  -30.048  37.831 0.0000000000
54286  -37.302  -29.642  38.503 0.0000000000
56444  -37.884  -27.174  37.843 0.0000000000
55355  -37.296  -28.048  37.874 0.0000000000
56457  -36.885  -27.214  37.135 0.0000000000
55367  -36.197  -28.055  36.731 0.0000000000
57571  -36.537  -26.416  36.269 0.0000000000
57572  -37.475  -26.199  36.573 0.0000000000
56472  -38.886  -26.240  35.282 0.0000000000
137674  -38.087  -25.853  35.887 0.0000000000
56486  -38.737  -26.533  34.211 0.0000000000
55370  -41.452  -26.736  36.489 0.0000000000
55381  -41.104  -27.067  35.971 0.0000000000
55382  -41.562  -27.169  35.535 0.0000000000
56504  -40.131  -27.477  33.056 0.0000000000
52325  -27.067  -30.913  33.341 0.0000000000
53315  -25.859  -30.814  32.670 0.0000000000
49221  -31.244  -33.994  37.827 0.0000000000
49220  -30.671  -33.384  37.391 0.0000000000
49235  -31.347  -34.034  36.928 0.0000000000
49245  -31.457  -34.027  36.004 0.0000000000
135708  -31.219  -34.244  35.152 0.0000000000
49244  -30.556  -33.808  34.679 0.0000000000
122418  -32.041  -36.078  34.720 0.0000000000
47246  -32.114  -36.120  33.730 0.0000000000
50192  -23.050  -32.873  39.684 0.0000000000
49200  -22.485  -32.880  39.134 0.0000000000
50210  -23.146  -32.792  38.990 0.0000000000
51220  -25.550  -32.194  39.120 0.0000000000
51237  -24.731  -32.142  38.388 0.0000000000
51272  -23.259  -32.129  36.273 0.0000000000
50240  -23.464  -32.234  37.156 0.0000000000
50239  -22.695  -32.686  36.676 0.0000000000
74707  -47.156  -8.807  18.105 0.0000000000
74716  -46.742  -9.235  16.687 0.0000000000
74713  -47.497  -8.424  17.673 0.0000000000
75633  -48.759  -7.557  16.646 0.0000000000
74722  -48.297  -8.085  16.052 0.0000000000
125793  -48.429  -8.063  15.138 0.0000000000
129359  -48.992  -7.581  15.777 0.0000000000
76498  -51.478  -6.445  17.950 0.0000000000
76508  -50.718  -6.509  17.495 0.0000000000
76509  -51.432  -6.089  17.038 0.0000000000
76537  -51.105  -6.640  14.761 0.0000000000
76528  -50.611  -6.497  15.679 0.0000000000
75639  -50.181  -7.075  14.870 0.0000000000
75642  -49.839  -7.606  14.148 0.0000000000
129064  -49.720  -8.381  13.093 0.0000000000
75647  -50.386  -7.999  13.510 0.0000000000
74734  -51.089  -8.437  13.061 0.0000000000
74743  -52.567  -8.859  12.667 0.0000000000
75650  -54.213  -7.413  12.994 0.0000000000
74737  -53.837  -8.141  12.832 0.0000000000
75657  -54.649  -8.046  12.592 0.0000000000
133163  -54.941  -7.251  12.784 0.0000000000
133338  -7.955  -40.029  40.391 0.0000000000
57598  -34.268  -25.982  33.636 0.0000000000
56501  -34.193  -26.895  33.635 0.0000000000
57614  -33.892  -26.427  32.934 0.0000000000
64717  -40.129  -18.487  19.202 0.0000000000
64718  -41.048  -18.333  19.638 0.0000000000
127222  -37.251  -20.670  26.131 0.0000000000
63685  -36.920  -20.277  25.552 0.0000000000
62764  -40.317  -19.792  23.787 0.0000000000
138562  -39.807  -19.538  23.550 0.0000000000
62776  -40.417  -19.813  23.344 0.0000000000
61757  -42.349  -22.172  24.065 0.0000000000
61756  -41.563  -21.480  24.053 0.0000000000
129614  -41.994  -21.691  23.514 0.0000000000
62779  -42.140  -21.077  22.615 0.0000000000
62778  -41.617  -20.558  23.042 0.0000000000
62790  -41.466  -19.987  22.806 0.0000000000
63740  -41.650  -19.581  22.212 0.0000000000
63743  -43.857  -20.600  21.378 0.0000000000
63759  -43.529  -19.895  21.048 0.0000000000
63771  -43.101  -18.974  20.473 0.0000000000
64677  -45.918  -19.947  22.233 0.0000000000
64689  -45.662  -19.752  21.489 0.0000000000
65621  -46.688  -18.973  22.158 0.0000000000
65606  -46.871  -19.023  23.069 0.0000000000
45011  -9.689  -37.448  41.683 0.0000000000
44152  -8.973  -39.096  38.525 0.0000000000
42257  -7.303  -40.962  41.141 0.0000000000
42256  -6.983  -41.300  41.946 0.0000000000
124936  -6.567  -42.832  41.421 0.0000000000
128319  -6.549  -42.297  42.671 0.0000000000
41271  -6.563  -42.058  43.287 0.0000000000
40264  -6.296  -42.681  42.969 0.0000000000
38211  -5.712  -45.209  40.679 0.0000000000
39293  -5.438  -43.779  42.867 0.0000000000
39306  -5.708  -44.114  42.129 0.0000000000
40263  -5.816  -43.097  43.307 0.0000000000
39291  -4.406  -43.879  42.830 0.0000000000
41246  -4.451  -42.032  44.362 0.0000000000
37141  -3.433  -46.091  41.046 0.0000000000
47253  -37.266  -35.607  35.011 0.0000000000
121833  -37.256  -34.839  37.181 0.0000000000
129909  -27.829  -31.251  36.350 0.0000000000
138553  -29.738  -32.563  36.536 0.0000000000
46159  -35.793  -37.248  36.417 0.0000000000
46184  -35.530  -37.198  35.463 0.0000000000
47250  -35.990  -36.823  33.871 0.0000000000
47251  -36.729  -36.599  34.197 0.0000000000
144270  -30.767  -33.985  41.782 0.0000000000
49155  -30.095  -33.660  41.441 0.0000000000
127060  -28.961  -32.805  40.457 0.0000000000
51223  -28.311  -32.212  40.023 0.0000000000
51240  -28.304  -32.084  39.192 0.0000000000
132796  -28.261  -31.937  38.327 0.0000000000
72125  -43.500  -11.853  18.190 0.0000000000
73894  -46.172  -9.452  15.241 0.0000000000
53301  -35.279  -30.223  34.970 0.0000000000
132232  -32.999  -24.557  25.864 0.0000000000
142732  -32.644  -25.018  25.443 0.0000000000
59768  -32.878  -24.093  25.221 0.0000000000
58813  -32.583  -24.920  24.767 0.0000000000
64656  -35.931  -19.386  24.044 0.0000000000
46102  -15.897  -35.982  38.072 0.0000000000
121003  -14.725  -35.934  38.909 0.0000000000
46122  -12.553  -37.110  37.174 0.0000000000
124613  -13.140  -37.299  36.349 0.0000000000
137885  -37.178  -35.252  40.737 0.0000000000
138954  -37.417  -34.739  40.688 0.0000000000
48175  -37.797  -34.534  41.501 0.0000000000
139249  -38.756  -33.307  42.682 0.0000000000
47117  -32.685  -35.138  41.633 0.0000000000
47108  -33.267  -35.330  41.905 0.0000000000
145724  -33.794  -35.478  41.724 0.0000000000
46024  -34.221  -35.763  41.340 0.0000000000
46011  -37.215  -35.534  43.651 0.0000000000
47099  -37.920  -35.367  43.422 0.0000000000
139232  -36.785  -35.581  42.192 0.0000000000
45040  -36.016  -36.876  40.658 0.0000000000
45056  -36.205  -37.157  40.297 0.0000000000
46045  -36.762  -35.714  41.427 0.0000000000
46069  -37.035  -35.524  41.125 0.0000000000
47097  -33.523  -34.591  43.079 0.0000000000
142366  -46.239  -18.661  20.713 0.0000000000
65629  -46.702  -18.251  20.864 0.0000000000
67449  -46.975  -16.971  21.197 0.0000000000
70222  -47.395  -13.375  21.001 0.0000000000
71158  -46.490  -12.745  20.562 0.0000000000
71159  -47.366  -12.386  20.663 0.0000000000
72101  -47.469  -11.600  20.375 0.0000000000
73016  -47.710  -10.846  20.120 0.0000000000
73017  -48.630  -10.660  20.320 0.0000000000
73019  -50.078  -10.871  20.347 0.0000000000
58682  -37.089  -25.303  33.220 0.0000000000
57725  -38.721  -26.241  27.956 0.0000000000
123081  -37.916  -26.325  28.315 0.0000000000
129331  -38.066  -25.888  27.759 0.0000000000
58765  -36.773  -25.355  27.463 0.0000000000
57746  -35.927  -25.303  27.434 0.0000000000
58786  -37.244  -24.841  27.243 0.0000000000
60759  -37.217  -23.372  26.880 0.0000000000
61731  -37.556  -22.653  26.738 0.0000000000
49182  -21.684  -32.914  39.744 0.0000000000
48196  -20.514  -33.470  38.350 0.0000000000
48208  -19.895  -33.909  38.039 0.0000000000
47220  -18.843  -35.192  35.202 0.0000000000
74749  -54.823  -9.191  11.914 0.0000000000
73922  -55.151  -9.406  11.139 0.0000000000
41208  -5.326  -41.272  45.611 0.0000000000
137901  -37.007  -33.895  35.470 0.0000000000
123286  -36.687  -33.233  35.765 0.0000000000
138630  -35.966  -31.674  35.682 0.0000000000
52292  -36.350  -31.184  36.628 0.0000000000
53279  -36.503  -30.402  37.160 0.0000000000
50198  -37.344  -33.358  39.894 0.0000000000
51225  -37.937  -31.922  40.890 0.0000000000
54277  -40.434  -28.855  40.294 0.0000000000
55336  -39.869  -28.305  39.736 0.0000000000
54288  -38.911  -28.725  39.477 0.0000000000
56432  -38.412  -28.204  38.864 0.0000000000
54293  -37.665  -28.671  38.423 0.0000000000
56473  -39.699  -26.693  35.565 0.0000000000
55383  -42.018  -27.115  35.283 0.0000000000
47166  -32.149  -34.990  38.022 0.0000000000
48239  -31.838  -34.791  36.420 0.0000000000
129400  -31.360  -35.016  34.955 0.0000000000
47265  -33.031  -36.327  33.333 0.0000000000
145480  -32.429  -36.158  33.094 0.0000000000
126166  -25.293  -31.732  37.694 0.0000000000
51273  -24.078  -31.827  36.686 0.0000000000
129842  -23.901  -31.784  35.954 0.0000000000
50262  -22.751  -32.795  34.650 0.0000000000
74709  -48.362  -8.086  18.853 0.0000000000
74714  -48.118  -7.902  18.015 0.0000000000
75620  -48.873  -7.551  18.384 0.0000000000
126566  -49.224  -7.199  17.088 0.0000000000
77389  -51.918  -5.796  16.296 0.0000000000
76529  -51.635  -6.002  15.440 0.0000000000
75643  -51.677  -7.074  14.006 0.0000000000
75649  -52.293  -7.616  13.447 0.0000000000
74736  -52.903  -8.208  13.000 0.0000000000
76548  -53.958  -6.655  13.424 0.0000000000
76541  -54.670  -6.001  13.800 0.0000000000
43233  -8.094  -40.429  38.639 0.0000000000
42300  -7.687  -41.131  39.039 0.0000000000
58678  -33.774  -25.689  32.023 0.0000000000
57613  -33.614  -26.077  32.351 0.0000000000
57648  -33.058  -26.351  30.857 0.0000000000
121526  -38.749  -18.847  19.582 0.0000000000
120816  -39.516  -18.385  19.813 0.0000000000
64702  -40.460  -18.218  20.312 0.0000000000
62751  -38.658  -19.698  25.245 0.0000000000
62752  -39.796  -19.650  24.618 0.0000000000
61769  -43.683  -22.770  23.308 0.0000000000
61768  -42.691  -22.439  23.381 0.0000000000
61782  -43.325  -22.258  22.681 0.0000000000
62780  -42.938  -21.614  22.195 0.0000000000
62792  -42.634  -20.805  22.029 0.0000000000
62793  -43.456  -21.123  21.726 0.0000000000
63744  -44.611  -20.599  21.466 0.0000000000
63761  -45.006  -20.037  21.125 0.0000000000
46032  -12.128  -36.368  41.748 0.0000000000
46030  -10.559  -37.012  41.366 0.0000000000
45031  -9.964  -37.493  40.653 0.0000000000
45030  -9.352  -38.257  40.115 0.0000000000
143288  -6.941  -42.746  39.973 0.0000000000
41315  -6.952  -41.969  41.109 0.0000000000
40294  -6.775  -42.800  40.541 0.0000000000
40278  -6.213  -43.527  41.740 0.0000000000
38210  -5.188  -45.620  41.089 0.0000000000
38185  -5.029  -44.464  42.334 0.0000000000
39292  -4.903  -43.896  42.950 0.0000000000
140359  -4.577  -44.276  42.480 0.0000000000
39290  -3.939  -43.921  42.587 0.0000000000
47077  -36.521  -35.425  45.329 0.0000000000
48136  -38.714  -34.356  44.324 0.0000000000
66522  -48.365  -17.011  22.362 0.0000000000
66531  -48.169  -16.902  21.798 0.0000000000
142745  -48.645  -16.163  22.390 0.0000000000
67443  -48.925  -15.558  22.239 0.0000000000
70205  -49.849  -13.626  21.486 0.0000000000
70225  -50.281  -12.996  21.041 0.0000000000
71161  -50.028  -12.259  20.819 0.0000000000
56540  -39.855  -27.289  31.266 0.0000000000
56539  -39.031  -26.931  31.048 0.0000000000
56573  -39.645  -26.946  29.607 0.0000000000
56572  -39.168  -26.834  29.147 0.0000000000
57696  -39.309  -26.445  28.485 0.0000000000
57726  -39.399  -25.962  27.879 0.0000000000
60741  -39.307  -23.623  27.719 0.0000000000
48253  -20.911  -33.802  36.066 0.0000000000
132904  -20.501  -34.365  35.713 0.0000000000
133897  -6.611  -40.433  45.309 0.0000000000
42194  -6.450  -41.054  44.761 0.0000000000
49257  -37.777  -34.814  34.473 0.0000000000
48275  -37.727  -35.219  34.672 0.0000000000
55358  -40.789  -26.820  38.080 0.0000000000
133955  -25.336  -31.025  33.714 0.0000000000
52316  -25.820  -30.996  34.621 0.0000000000
52317  -26.796  -30.903  34.337 0.0000000000
52318  -27.691  -31.055  34.172 0.0000000000
52291  -28.057  -31.189  35.773 0.0000000000
52306  -28.360  -31.181  34.857 0.0000000000
52319  -28.437  -31.298  33.985 0.0000000000
129752  -29.339  -32.293  33.561 0.0000000000
50276  -29.718  -33.095  33.274 0.0000000000
47206  -33.159  -36.904  36.320 0.0000000000
47205  -32.513  -36.159  36.290 0.0000000000
47230  -34.112  -37.000  34.742 0.0000000000
47248  -33.645  -36.625  34.106 0.0000000000
50178  -26.181  -32.471  40.966 0.0000000000
51238  -26.459  -31.810  38.587 0.0000000000
51275  -25.827  -31.382  37.081 0.0000000000
52288  -25.490  -31.258  36.316 0.0000000000
68456  -44.216  -15.362  19.046 0.0000000000
75624  -52.666  -7.195  18.924 0.0000000000
77395  -53.989  -5.494  15.548 0.0000000000
57691  -33.401  -26.020  28.180 0.0000000000
57690  -32.497  -26.391  28.327 0.0000000000
57720  -32.554  -26.000  27.521 0.0000000000
61747  -42.249  -21.840  25.141 0.0000000000
60804  -42.786  -22.580  24.828 0.0000000000
61758  -44.105  -23.101  24.006 0.0000000000
61771  -45.500  -21.865  23.707 0.0000000000
63697  -46.137  -20.905  23.779 0.0000000000
47127  -15.775  -35.140  40.144 0.0000000000
122297  -13.581  -35.762  41.335 0.0000000000
46054  -12.864  -36.142  40.425 0.0000000000
46078  -12.241  -36.402  39.812 0.0000000000
46096  -10.765  -37.306  38.828 0.0000000000
45075  -10.596  -37.923  37.123 0.0000000000
37143  -4.227  -46.470  40.992 0.0000000000
46140  -36.669  -36.467  37.040 0.0000000000
47208  -36.823  -35.800  37.012 0.0000000000
47188  -37.145  -35.857  37.883 0.0000000000
47169  -37.359  -35.103  38.976 0.0000000000
49187  -37.491  -34.013  40.401 0.0000000000
48187  -37.758  -34.089  41.143 0.0000000000
49169  -38.023  -33.467  41.461 0.0000000000
50182  -38.398  -32.762  41.809 0.0000000000
50154  -40.703  -32.072  43.750 0.0000000000
49184  -30.410  -33.643  39.209 0.0000000000
49202  -31.110  -34.108  38.685 0.0000000000
47131  -32.679  -35.288  40.820 0.0000000000
48198  -32.148  -35.208  39.590 0.0000000000
129924  -32.472  -35.574  37.767 0.0000000000
132585  -32.738  -36.069  37.571 0.0000000000
45986  -35.849  -35.330  44.665 0.0000000000
46007  -34.884  -35.198  42.349 0.0000000000
46025  -34.676  -35.762  41.436 0.0000000000
46009  -36.032  -35.483  42.450 0.0000000000
45001  -35.208  -36.298  40.972 0.0000000000
46066  -34.237  -36.395  40.316 0.0000000000
46088  -33.605  -36.640  39.253 0.0000000000
46134  -33.081  -36.629  37.841 0.0000000000
46135  -33.623  -37.204  37.656 0.0000000000
46136  -34.415  -37.444  37.347 0.0000000000
124523  -35.200  -37.481  37.119 0.0000000000
46113  -35.625  -37.640  38.589 0.0000000000
46137  -35.962  -37.390  37.627 0.0000000000
46160  -36.529  -36.978  37.148 0.0000000000
48152  -31.850  -34.229  42.951 0.0000000000
49156  -30.864  -34.127  41.114 0.0000000000
49167  -30.393  -33.763  40.044 0.0000000000
64719  -43.440  -18.468  19.779 0.0000000000
65650  -43.879  -17.920  19.406 0.0000000000
65640  -45.021  -18.058  20.266 0.0000000000
66550  -44.203  -17.359  19.484 0.0000000000
68445  -46.451  -16.021  21.231 0.0000000000
68446  -47.285  -15.251  21.486 0.0000000000
68457  -44.838  -15.856  19.719 0.0000000000
69339  -44.064  -14.551  19.368 0.0000000000
70232  -43.885  -13.737  19.587 0.0000000000
71173  -43.740  -12.937  19.546 0.0000000000
71174  -44.666  -12.544  19.846 0.0000000000
72111  -43.875  -12.139  19.110 0.0000000000
72126  -44.302  -11.424  18.540 0.0000000000
73035  -44.907  -10.795  17.970 0.0000000000
73040  -44.942  -10.426  17.086 0.0000000000
73036  -45.976  -10.240  17.852 0.0000000000
73883  -46.659  -9.396  18.054 0.0000000000
73884  -47.211  -9.063  18.710 0.0000000000
74698  -47.898  -8.745  19.177 0.0000000000
74701  -50.756  -8.621  19.605 0.0000000000
72104  -50.574  -11.641  20.527 0.0000000000
131728  -50.839  -10.752  20.246 0.0000000000
126286  -51.167  -9.264  19.820 0.0000000000
74702  -51.768  -8.732  19.695 0.0000000000
74703  -52.731  -8.496  19.797 0.0000000000
56470  -35.741  -26.502  35.642 0.0000000000
56485  -35.078  -26.954  34.998 0.0000000000
57590  -35.210  -26.036  34.929 0.0000000000
57589  -34.840  -25.638  34.194 0.0000000000
58671  -34.590  -25.362  33.336 0.0000000000
58681  -36.093  -25.172  33.047 0.0000000000
58680  -35.158  -25.145  32.787 0.0000000000
127969  -34.362  -25.288  32.425 0.0000000000
58693  -34.047  -25.330  31.569 0.0000000000
58725  -33.659  -25.699  29.985 0.0000000000
57666  -33.575  -25.992  29.164 0.0000000000
57652  -38.175  -26.631  30.824 0.0000000000
57651  -37.258  -26.397  30.644 0.0000000000
57692  -34.404  -26.112  28.494 0.0000000000
58783  -34.161  -24.702  26.819 0.0000000000
58784  -35.438  -24.819  27.149 0.0000000000
145583  -34.567  -23.820  26.594 0.0000000000
60780  -34.186  -23.208  26.198 0.0000000000
129032  -34.216  -22.237  25.706 0.0000000000
61741  -35.157  -21.676  25.918 0.0000000000
62734  -36.564  -21.045  26.106 0.0000000000
62735  -37.948  -20.593  26.332 0.0000000000
62736  -39.072  -20.116  25.844 0.0000000000
62738  -41.006  -20.508  25.594 0.0000000000
61716  -39.263  -22.455  27.631 0.0000000000
62707  -39.573  -21.098  27.234 0.0000000000
62698  -40.815  -21.049  28.214 0.0000000000
62708  -40.455  -20.587  27.427 0.0000000000
60763  -43.527  -22.606  26.554 0.0000000000
139769  -20.590  -33.789  37.099 0.0000000000
48218  -19.584  -34.208  37.395 0.0000000000
47145  -18.306  -34.585  38.329 0.0000000000
46103  -16.497  -35.837  37.621 0.0000000000
46127  -16.726  -35.864  36.856 0.0000000000
46126  -16.205  -36.189  37.173 0.0000000000
74758  -55.795  -8.327  10.866 0.0000000000
52307  -35.618  -30.992  35.271 0.0000000000
132541  -37.190  -35.335  37.450 0.0000000000
49222  -37.279  -34.482  37.797 0.0000000000
51260  -37.135  -33.139  38.277 0.0000000000
52249  -38.387  -31.066  40.654 0.0000000000
53245  -39.012  -30.224  40.307 0.0000000000
52258  -37.241  -31.359  39.126 0.0000000000
52274  -36.903  -31.632  38.090 0.0000000000
129433  -36.515  -29.571  37.216 0.0000000000
57582  -36.307  -25.909  35.659 0.0000000000
57591  -37.459  -25.381  34.939 0.0000000000
133855  -38.062  -25.822  34.198 0.0000000000
57600  -38.391  -26.403  33.548 0.0000000000
142833  -38.899  -26.974  32.739 0.0000000000
56460  -40.633  -26.709  36.488 0.0000000000
56474  -40.494  -27.046  35.742 0.0000000000
56488  -40.325  -27.296  34.852 0.0000000000
134755  -39.413  -27.173  33.666 0.0000000000
140668  -39.375  -27.170  32.836 0.0000000000
56523  -39.984  -27.402  32.175 0.0000000000
128652  -30.013  -32.929  36.893 0.0000000000
50251  -30.046  -33.160  35.022 0.0000000000
50263  -29.968  -33.428  34.249 0.0000000000
50277  -29.919  -33.880  32.500 0.0000000000
47227  -32.068  -35.850  35.543 0.0000000000
48273  -31.658  -35.534  34.861 0.0000000000
48272  -31.130  -35.344  34.143 0.0000000000
48288  -31.496  -35.604  33.432 0.0000000000
129758  -30.728  -34.787  33.694 0.0000000000
49270  -30.513  -34.536  32.869 0.0000000000
49183  -22.519  -32.850  40.048 0.0000000000
49218  -21.706  -33.162  37.699 0.0000000000
50194  -24.903  -32.640  39.878 0.0000000000
50211  -23.891  -32.554  38.774 0.0000000000
50227  -23.735  -32.314  38.002 0.0000000000
145791  -23.216  -32.644  38.338 0.0000000000
49233  -22.069  -33.122  37.093 0.0000000000
49232  -21.495  -33.462  36.372 0.0000000000
49239  -21.378  -33.663  35.653 0.0000000000
50261  -22.281  -33.415  34.015 0.0000000000
73889  -46.139  -9.570  16.107 0.0000000000
73890  -47.012  -9.076  15.923 0.0000000000
74718  -48.025  -8.049  17.013 0.0000000000
127719  -47.674  -8.500  16.263 0.0000000000
74725  -47.754  -8.553  14.440 0.0000000000
74731  -48.294  -8.336  13.768 0.0000000000
75632  -50.204  -6.972  18.000 0.0000000000
76507  -49.928  -6.823  17.091 0.0000000000
76518  -50.053  -6.742  16.278 0.0000000000
75637  -49.231  -7.577  14.824 0.0000000000
74727  -49.031  -7.884  13.961 0.0000000000
140108  -48.943  -8.278  13.309 0.0000000000
74740  -49.981  -8.866  12.547 0.0000000000
74741  -50.788  -8.917  12.511 0.0000000000
73920  -53.206  -9.860  11.644 0.0000000000
73913  -53.885  -9.323  12.142 0.0000000000
125831  -53.448  -8.791  12.600 0.0000000000
75658  -55.385  -7.747  12.395 0.0000000000
137998  -56.005  -7.304  12.379 0.0000000000
44115  -7.978  -39.588  41.630 0.0000000000
134152  -7.758  -40.182  41.066 0.0000000000
42278  -7.280  -41.423  40.369 0.0000000000
42299  -7.347  -41.750  39.554 0.0000000000
57689  -32.186  -26.884  28.415 0.0000000000
63770  -42.526  -18.507  19.270 0.0000000000
62733  -35.183  -20.817  25.378 0.0000000000
63694  -36.437  -19.825  24.895 0.0000000000
63708  -36.859  -19.464  24.243 0.0000000000
63696  -38.256  -19.584  24.550 0.0000000000
63709  -37.666  -19.410  24.007 0.0000000000
63723  -37.778  -19.027  23.269 0.0000000000
63724  -38.448  -18.879  22.760 0.0000000000
63738  -39.227  -18.775  22.305 0.0000000000
61755  -41.104  -20.872  23.782 0.0000000000
61780  -41.740  -21.193  23.159 0.0000000000
62766  -41.316  -20.711  23.441 0.0000000000
63725  -40.253  -19.445  22.840 0.0000000000
63739  -40.056  -18.785  21.987 0.0000000000
63756  -40.951  -18.712  21.587 0.0000000000
63741  -42.398  -19.955  21.879 0.0000000000
63757  -42.073  -18.677  20.277 0.0000000000
64705  -45.353  -19.404  20.743 0.0000000000
64706  -46.019  -19.186  20.994 0.0000000000
123568  -46.559  -18.864  21.279 0.0000000000
66521  -47.871  -17.874  22.759 0.0000000000
138348  -46.383  -20.180  23.472 0.0000000000
44116  -8.503  -38.855  41.371 0.0000000000
44142  -8.331  -39.544  40.009 0.0000000000
44143  -8.878  -38.969  39.581 0.0000000000
44151  -8.403  -39.675  39.108 0.0000000000
45060  -10.077  -38.236  37.826 0.0000000000
45073  -9.398  -38.860  37.608 0.0000000000
142528  -7.769  -39.680  42.316 0.0000000000
43157  -7.460  -40.109  42.716 0.0000000000
43144  -7.258  -40.283  43.485 0.0000000000
42220  -6.814  -41.232  43.403 0.0000000000
39327  -6.209  -44.678  40.179 0.0000000000
41270  -6.193  -42.459  43.696 0.0000000000
41248  -5.478  -42.161  44.744 0.0000000000
41226  -5.209  -41.710  45.262 0.0000000000
40236  -4.951  -42.178  44.771 0.0000000000
41225  -4.892  -41.670  45.193 0.0000000000
41247  -4.667  -42.003  44.722 0.0000000000
36135  -3.608  -46.740  40.904 0.0000000000
37142  -3.912  -46.101  41.303 0.0000000000
38196  -3.777  -45.082  41.814 0.0000000000
41249  -6.015  -42.236  44.343 0.0000000000
42279  -7.626  -40.661  40.405 0.0000000000
45003  -35.892  -35.895  41.366 0.0000000000
45004  -36.218  -35.657  41.876 0.0000000000
45019  -34.724  -36.618  40.496 0.0000000000
45020  -35.241  -36.807  40.502 0.0000000000
45021  -35.703  -36.868  40.631 0.0000000000
45023  -36.085  -36.223  41.037 0.0000000000
45038  -35.731  -37.455  40.292 0.0000000000
45039  -35.908  -37.288  40.401 0.0000000000
45055  -35.991  -37.705  40.153 0.0000000000
45067  -34.860  -37.658  38.807 0.0000000000
45069  -36.001  -37.675  39.429 0.0000000000
45995  -35.686  -35.284  43.827 0.0000000000
46005  -33.579  -35.123  42.300 0.0000000000
46006  -34.177  -35.279  42.068 0.0000000000
46008  -35.507  -35.314  42.681 0.0000000000
46026  -35.225  -35.706  41.596 0.0000000000
46042  -34.285  -36.112  40.920 0.0000000000
46043  -34.716  -36.238  40.946 0.0000000000
46044  -36.326  -36.392  40.834 0.0000000000
46055  -13.551  -35.910  40.553 0.0000000000
46065  -33.801  -36.140  39.899 0.0000000000
46067  -36.541  -36.580  40.238 0.0000000000
46068  -36.540  -36.030  40.802 0.0000000000
46090  -36.594  -37.252  39.178 0.0000000000
46133  -32.794  -35.997  38.232 0.0000000000
46156  -33.183  -37.017  37.130 0.0000000000
47062  -36.828  -35.348  45.482 0.0000000000
47076  -35.956  -35.294  45.370 0.0000000000
47078  -36.999  -35.453  45.026 0.0000000000
47100  -38.356  -34.942  43.343 0.0000000000
47119  -38.081  -34.694  42.178 0.0000000000
47132  -33.232  -35.640  40.221 0.0000000000
47133  -36.734  -35.942  40.354 0.0000000000
47151  -36.981  -35.745  39.816 0.0000000000
48176  -38.436  -34.001  42.289 0.0000000000
48186  -32.097  -35.006  40.404 0.0000000000
48209  -31.645  -34.502  38.195 0.0000000000
49136  -31.123  -34.029  42.435 0.0000000000
49148  -40.042  -32.583  43.561 0.0000000000
50172  -39.581  -32.267  42.917 0.0000000000
51274  -24.946  -31.582  36.926 0.0000000000
57632  -33.345  -26.200  31.681 0.0000000000
58692  -33.523  -25.777  31.212 0.0000000000
58709  -33.805  -25.467  30.752 0.0000000000
59769  -33.753  -23.999  26.323 0.0000000000
63684  -36.037  -20.410  25.593 0.0000000000
63693  -35.401  -19.967  24.788 0.0000000000
70220  -45.330  -13.897  20.547 0.0000000000
70240  -43.287  -13.392  18.662 0.0000000000
71162  -50.628  -12.412  20.786 0.0000000000
71172  -43.384  -13.356  19.127 0.0000000000
72114  -46.901  -11.139  19.827 0.0000000000
73018  -49.418  -10.921  20.485 0.0000000000
73876  -48.278  -9.301  19.683 0.0000000000
74712  -46.937  -9.038  17.435 0.0000000000
76497  -50.894  -6.775  18.243 0.0000000000
124051  -36.504  -35.741  41.499 0.0000000000
126976  -33.062  -34.790  42.622 0.0000000000
129621  -37.317  -35.561  42.809 0.0000000000
131930  -44.107  -23.116  25.341 0.0000000000
134758  -38.791  -33.731  43.433 0.0000000000
135173  -36.976  -36.912  39.059 0.0000000000
136186  -34.195  -34.661  44.387 0.0000000000
136314  -40.369  -20.165  25.434 0.0000000000
137422  -35.614  -35.644  41.727 0.0000000000
139317  -34.030  -36.718  39.743 0.0000000000
140162  -40.862  -27.614  34.269 0.0000000000
140267  -7.083  -39.919  45.306 0.0000000000
140987  -28.944  -32.255  37.863 0.0000000000
141363  -37.221  -35.211  40.082 0.0000000000
141457  -34.324  -25.550  30.304 0.0000000000
141944  -49.811  -9.526  19.924 0.0000000000
141981  -15.326  -35.834  38.708 0.0000000000
144231  -35.151  -37.278  35.938 0.0000000000
145699  -33.984  -34.590  43.534 0.0000000000
145846  -37.364  -34.958  37.819 0.0000000000
145888  -36.291  -37.466  39.800 0.0000000000
