#!ascii label  , from subject sub-v1s0x0050642_ses-1 vox2ras=TkReg
1951
51172  -43.120  -32.091  48.738 0.0000000000
68410  -52.452  -13.448  25.900 0.0000000000
60694  -41.364  -23.359  31.560 0.0000000000
130340  -4.338  -35.258  39.422 0.0000000000
48148  -23.342  -33.745  43.969 0.0000000000
56327  -12.460  -27.985  48.761 0.0000000000
56269  -7.619  -28.613  53.706 0.0000000000
61705  -48.233  -22.876  28.007 0.0000000000
57499  -12.411  -25.340  41.189 0.0000000000
136326  -4.476  -41.045  44.847 0.0000000000
52240  -40.612  -30.790  41.931 0.0000000000
47075  -35.328  -35.145  45.079 0.0000000000
143735  -32.949  -34.158  47.502 0.0000000000
72088  -53.727  -10.187  23.394 0.0000000000
61676  -43.348  -22.224  29.981 0.0000000000
48193  -18.075  -34.344  39.631 0.0000000000
57447  -5.767  -25.850  44.941 0.0000000000
53205  -8.455  -31.302  44.608 0.0000000000
53225  -10.640  -30.877  41.541 0.0000000000
120795  -6.439  -34.107  37.297 0.0000000000
137805  -10.214  -37.618  49.129 0.0000000000
45923  -7.053  -37.070  50.858 0.0000000000
57594  -44.087  -25.139  35.617 0.0000000000
48055  -28.775  -33.815  48.453 0.0000000000
50168  -26.515  -32.740  41.748 0.0000000000
55233  -10.132  -28.317  51.709 0.0000000000
122553  -5.599  -31.737  47.306 0.0000000000
66472  -49.015  -16.807  28.621 0.0000000000
45977  -12.411  -36.487  46.371 0.0000000000
47095  -15.265  -34.675  42.908 0.0000000000
57451  -13.406  -26.597  44.978 0.0000000000
53252  -12.464  -30.351  38.375 0.0000000000
52117  -8.451  -31.430  55.634 0.0000000000
50102  -4.439  -33.832  49.480 0.0000000000
122155  -4.447  -38.342  42.917 0.0000000000
53186  -45.147  -30.844  47.305 0.0000000000
50146  -40.909  -32.259  45.664 0.0000000000
51184  -42.471  -30.935  45.995 0.0000000000
50129  -40.087  -31.500  47.174 0.0000000000
47079  -37.619  -35.205  44.767 0.0000000000
131587  -38.286  -30.898  49.322 0.0000000000
70195  -52.863  -12.716  23.980 0.0000000000
67417  -49.085  -14.759  24.105 0.0000000000
69306  -51.697  -14.504  22.475 0.0000000000
71146  -52.445  -12.335  21.558 0.0000000000
136150  -41.554  -21.906  30.755 0.0000000000
57653  -41.760  -26.701  30.370 0.0000000000
59719  -40.710  -24.261  29.274 0.0000000000
61702  -40.553  -21.766  28.687 0.0000000000
52224  -5.932  -32.550  42.214 0.0000000000
52234  -7.414  -32.377  40.784 0.0000000000
124880  -5.063  -34.692  38.491 0.0000000000
48250  -5.290  -36.284  35.332 0.0000000000
122147  -4.606  -37.046  36.632 0.0000000000
44956  -9.428  -37.836  46.403 0.0000000000
44043  -7.859  -38.719  47.186 0.0000000000
58649  -45.098  -24.645  38.918 0.0000000000
54264  -43.915  -28.808  42.099 0.0000000000
53247  -40.924  -29.255  40.803 0.0000000000
55350  -42.246  -26.980  39.478 0.0000000000
55371  -41.842  -26.789  36.086 0.0000000000
51151  -31.096  -32.359  50.071 0.0000000000
49136  -31.123  -34.029  42.435 0.0000000000
49125  -29.336  -33.852  44.505 0.0000000000
74705  -54.210  -7.962  19.944 0.0000000000
75626  -54.922  -6.712  18.573 0.0000000000
55232  -8.347  -28.851  51.995 0.0000000000
53144  -7.832  -30.594  49.354 0.0000000000
53126  -6.791  -30.616  50.461 0.0000000000
63668  -49.253  -20.097  27.862 0.0000000000
122314  -45.037  -23.201  26.378 0.0000000000
61749  -46.505  -22.174  25.414 0.0000000000
64650  -47.602  -19.325  25.302 0.0000000000
139038  -13.676  -35.996  49.417 0.0000000000
45973  -14.535  -35.660  47.953 0.0000000000
57402  -10.918  -25.796  48.572 0.0000000000
57437  -9.216  -25.518  46.144 0.0000000000
139615  -13.153  -27.475  46.904 0.0000000000
51252  -9.443  -32.704  37.545 0.0000000000
53242  -11.388  -30.764  39.540 0.0000000000
51269  -10.609  -32.827  36.546 0.0000000000
50041  -9.806  -33.221  55.314 0.0000000000
44036  -5.528  -38.930  47.932 0.0000000000
46989  -5.657  -35.763  50.444 0.0000000000
44950  -4.547  -38.017  46.530 0.0000000000
128972  -4.461  -36.241  45.782 0.0000000000
44067  -4.334  -39.649  44.180 0.0000000000
53217  -44.016  -29.775  43.885 0.0000000000
51153  -32.923  -32.482  49.901 0.0000000000
52183  -35.534  -31.434  50.156 0.0000000000
47042  -34.045  -34.647  46.105 0.0000000000
73856  -54.602  -8.697  22.431 0.0000000000
73020  -53.089  -9.894  20.920 0.0000000000
60714  -45.753  -23.125  29.343 0.0000000000
138991  -42.357  -21.362  27.442 0.0000000000
49165  -22.128  -32.852  40.767 0.0000000000
48161  -21.029  -33.145  42.337 0.0000000000
57486  -9.218  -25.758  42.788 0.0000000000
53191  -10.617  -30.741  46.758 0.0000000000
125522  -12.569  -29.960  45.713 0.0000000000
120906  -9.750  -31.026  43.227 0.0000000000
51218  -8.005  -32.526  39.356 0.0000000000
50256  -7.157  -34.635  35.089 0.0000000000
143104  -10.390  -36.434  51.848 0.0000000000
46966  -9.176  -36.193  53.059 0.0000000000
44025  -8.248  -38.230  49.657 0.0000000000
43091  -6.313  -39.220  47.660 0.0000000000
58683  -43.041  -25.594  32.370 0.0000000000
56506  -41.860  -27.526  33.329 0.0000000000
48113  -25.891  -34.058  46.037 0.0000000000
48065  -30.647  -34.180  48.208 0.0000000000
49115  -27.919  -33.824  45.564 0.0000000000
49142  -24.532  -33.680  42.902 0.0000000000
58521  -11.205  -25.630  50.504 0.0000000000
58514  -10.828  -25.344  52.063 0.0000000000
55260  -11.453  -28.876  50.248 0.0000000000
122616  -9.242  -30.773  47.927 0.0000000000
53196  -6.963  -31.592  45.369 0.0000000000
122275  -4.617  -33.028  42.945 0.0000000000
68395  -50.823  -14.439  27.487 0.0000000000
66498  -47.760  -17.224  25.077 0.0000000000
45928  -11.850  -36.316  50.447 0.0000000000
44953  -11.202  -37.117  47.746 0.0000000000
145621  -10.594  -36.781  44.610 0.0000000000
121953  -18.977  -33.560  43.287 0.0000000000
48106  -18.148  -34.332  45.246 0.0000000000
47048  -16.254  -34.814  46.740 0.0000000000
47083  -13.800  -35.719  44.307 0.0000000000
46014  -11.511  -36.586  42.656 0.0000000000
58561  -5.957  -25.221  47.204 0.0000000000
56372  -9.233  -25.705  44.581 0.0000000000
57488  -13.074  -25.703  42.785 0.0000000000
54251  -13.523  -29.147  43.684 0.0000000000
142170  -14.024  -28.200  42.446 0.0000000000
55331  -14.320  -27.690  40.119 0.0000000000
53090  -6.971  -29.794  54.510 0.0000000000
49036  -7.261  -34.639  53.374 0.0000000000
122238  -5.937  -32.535  52.982 0.0000000000
53104  -5.817  -31.419  52.009 0.0000000000
129167  -4.078  -33.245  47.941 0.0000000000
137828  -4.113  -34.318  44.594 0.0000000000
47124  -4.403  -36.747  41.226 0.0000000000
125156  -3.545  -42.694  42.229 0.0000000000
133741  -3.583  -41.501  41.007 0.0000000000
44159  -4.053  -39.324  37.563 0.0000000000
52192  -44.018  -31.367  48.303 0.0000000000
53157  -42.290  -29.956  48.213 0.0000000000
49105  -42.790  -33.214  48.011 0.0000000000
50133  -44.293  -32.777  47.339 0.0000000000
49095  -41.636  -33.008  49.112 0.0000000000
50138  -41.167  -31.786  46.515 0.0000000000
51166  -41.390  -31.532  49.564 0.0000000000
49081  -40.198  -32.251  50.176 0.0000000000
69291  -52.844  -12.614  24.843 0.0000000000
68413  -50.667  -14.174  24.449 0.0000000000
68417  -50.389  -14.509  23.159 0.0000000000
68419  -52.044  -14.367  23.748 0.0000000000
70193  -53.051  -13.909  23.050 0.0000000000
61663  -41.247  -22.292  31.798 0.0000000000
63632  -41.576  -21.497  32.223 0.0000000000
61654  -41.033  -21.996  33.033 0.0000000000
58726  -41.146  -25.599  29.662 0.0000000000
125880  -41.411  -24.457  30.397 0.0000000000
60704  -40.977  -22.849  30.186 0.0000000000
50175  -4.850  -33.475  40.809 0.0000000000
51216  -5.396  -33.293  40.181 0.0000000000
49196  -4.591  -35.082  38.772 0.0000000000
48216  -5.057  -35.786  37.201 0.0000000000
132994  -4.390  -35.637  38.777 0.0000000000
143587  -8.480  -38.242  44.503 0.0000000000
136506  -7.965  -38.865  44.709 0.0000000000
55329  -44.994  -27.850  41.634 0.0000000000
55332  -43.483  -27.752  41.355 0.0000000000
56422  -44.878  -27.001  41.206 0.0000000000
56434  -43.471  -26.136  39.836 0.0000000000
74693  -55.306  -7.681  21.021 0.0000000000
125111  -54.615  -7.343  19.360 0.0000000000
75628  -56.125  -6.426  19.225 0.0000000000
55221  -8.052  -28.514  52.749 0.0000000000
54165  -7.841  -29.575  51.482 0.0000000000
55230  -7.015  -29.456  52.514 0.0000000000
62701  -48.881  -21.442  27.680 0.0000000000
63653  -49.693  -20.586  28.537 0.0000000000
60746  -46.439  -23.205  27.409 0.0000000000
60786  -46.184  -22.905  25.829 0.0000000000
61737  -47.564  -22.307  26.434 0.0000000000
63677  -48.422  -20.677  26.366 0.0000000000
45950  -15.566  -35.801  49.616 0.0000000000
47022  -16.358  -35.742  48.681 0.0000000000
48111  -24.060  -34.236  46.064 0.0000000000
48130  -22.890  -33.935  45.298 0.0000000000
138906  -10.414  -25.044  40.822 0.0000000000
56326  -12.234  -27.084  48.617 0.0000000000
130146  -12.195  -26.660  47.908 0.0000000000
56336  -12.749  -27.512  47.943 0.0000000000
50238  -9.185  -33.427  36.162 0.0000000000
51253  -10.285  -32.499  37.308 0.0000000000
50248  -9.454  -33.685  35.354 0.0000000000
51095  -11.756  -32.347  55.440 0.0000000000
50052  -11.015  -33.703  54.708 0.0000000000
42167  -4.739  -40.037  46.200 0.0000000000
44945  -4.803  -38.087  47.853 0.0000000000
44046  -4.455  -39.385  45.564 0.0000000000
123033  -4.440  -38.942  45.281 0.0000000000
128936  -4.371  -39.910  44.614 0.0000000000
52204  -46.014  -31.545  45.528 0.0000000000
52208  -43.282  -29.985  45.114 0.0000000000
53211  -46.544  -30.261  45.333 0.0000000000
54254  -46.455  -28.733  44.576 0.0000000000
49092  -37.037  -33.387  47.668 0.0000000000
50117  -36.644  -32.682  48.440 0.0000000000
47044  -35.327  -34.898  46.107 0.0000000000
47086  -33.615  -34.407  44.113 0.0000000000
73007  -54.202  -9.406  23.078 0.0000000000
72086  -52.867  -11.257  22.749 0.0000000000
73011  -52.797  -10.672  21.106 0.0000000000
72095  -53.207  -10.388  22.357 0.0000000000
73862  -54.012  -9.178  21.737 0.0000000000
61693  -44.199  -22.672  29.456 0.0000000000
61678  -45.587  -22.644  30.705 0.0000000000
138140  -45.279  -22.238  31.212 0.0000000000
62687  -42.182  -21.655  29.336 0.0000000000
62710  -41.910  -20.977  27.905 0.0000000000
61703  -42.698  -21.863  28.826 0.0000000000
60724  -44.195  -22.818  28.469 0.0000000000
56368  -5.779  -26.006  43.603 0.0000000000
56399  -7.207  -25.953  42.745 0.0000000000
122944  -7.089  -26.056  43.478 0.0000000000
53199  -9.522  -30.961  45.597 0.0000000000
127734  -10.171  -30.890  45.004 0.0000000000
53213  -9.132  -31.200  43.907 0.0000000000
51233  -6.488  -33.348  38.773 0.0000000000
52243  -7.730  -32.454  40.077 0.0000000000
50224  -6.902  -33.447  37.949 0.0000000000
51250  -7.692  -33.070  37.918 0.0000000000
50236  -6.730  -34.212  36.558 0.0000000000
49248  -6.155  -35.329  34.885 0.0000000000
44932  -10.432  -37.014  50.298 0.0000000000
45925  -9.474  -36.906  51.136 0.0000000000
44026  -9.116  -37.905  49.619 0.0000000000
43103  -6.936  -39.814  45.809 0.0000000000
43097  -6.813  -39.234  47.194 0.0000000000
42171  -6.274  -39.931  46.416 0.0000000000
42180  -5.439  -40.804  45.935 0.0000000000
58675  -43.334  -25.174  33.655 0.0000000000
56475  -42.857  -26.567  35.496 0.0000000000
55399  -41.711  -27.379  34.752 0.0000000000
56508  -42.650  -26.593  33.692 0.0000000000
56544  -42.783  -26.716  32.293 0.0000000000
48054  -27.771  -33.808  48.544 0.0000000000
120898  -26.592  -34.376  47.972 0.0000000000
48091  -26.832  -34.143  47.192 0.0000000000
49077  -33.129  -33.671  48.850 0.0000000000
50104  -31.542  -33.417  49.176 0.0000000000
48066  -31.429  -34.301  47.577 0.0000000000
49145  -28.227  -33.154  43.437 0.0000000000
49124  -28.312  -33.709  44.732 0.0000000000
49144  -27.027  -33.260  43.407 0.0000000000
122881  -26.016  -33.635  43.571 0.0000000000
50158  -25.907  -33.124  42.330 0.0000000000
50166  -24.636  -33.179  41.387 0.0000000000
56275  -10.464  -26.975  52.227 0.0000000000
56284  -11.020  -27.094  51.569 0.0000000000
56294  -11.471  -27.274  50.871 0.0000000000
55245  -11.225  -28.337  50.853 0.0000000000
54193  -10.787  -29.666  49.869 0.0000000000
54192  -9.706  -30.100  49.628 0.0000000000
53175  -6.703  -31.170  48.045 0.0000000000
53176  -7.634  -31.012  47.703 0.0000000000
52197  -5.825  -31.724  46.378 0.0000000000
52206  -5.525  -31.964  44.690 0.0000000000
144122  -5.170  -32.145  45.260 0.0000000000
68394  -49.947  -14.998  27.696 0.0000000000
123213  -51.418  -14.786  29.161 0.0000000000
67390  -50.596  -15.795  29.541 0.0000000000
65582  -48.200  -18.360  26.736 0.0000000000
65593  -47.688  -18.374  25.368 0.0000000000
66477  -48.305  -16.534  27.088 0.0000000000
141185  -48.816  -15.000  25.914 0.0000000000
46992  -13.654  -35.483  50.781 0.0000000000
45971  -12.714  -36.411  47.708 0.0000000000
44949  -12.166  -36.629  48.251 0.0000000000
44959  -11.809  -36.730  47.063 0.0000000000
44962  -10.552  -37.050  46.130 0.0000000000
44963  -11.554  -36.667  46.107 0.0000000000
48171  -19.087  -33.359  41.182 0.0000000000
48159  -19.807  -33.494  43.190 0.0000000000
48170  -18.107  -33.571  41.353 0.0000000000
47106  -15.399  -34.671  41.971 0.0000000000
48142  -17.095  -33.833  43.529 0.0000000000
48141  -16.058  -34.230  43.662 0.0000000000
48105  -17.295  -34.415  45.721 0.0000000000
48103  -15.340  -34.711  45.010 0.0000000000
47066  -14.785  -35.168  45.669 0.0000000000
47084  -14.373  -35.388  43.851 0.0000000000
46015  -12.480  -36.299  42.644 0.0000000000
58543  -6.656  -25.102  47.792 0.0000000000
128341  -11.370  -25.804  45.797 0.0000000000
57448  -9.407  -25.594  45.400 0.0000000000
57462  -11.145  -25.620  44.538 0.0000000000
57472  -10.421  -25.589  43.855 0.0000000000
57474  -12.827  -25.790  43.677 0.0000000000
53215  -11.443  -30.528  43.808 0.0000000000
54243  -13.154  -29.566  44.437 0.0000000000
54256  -11.838  -30.266  42.541 0.0000000000
53251  -11.775  -30.725  38.847 0.0000000000
54267  -12.758  -29.700  40.736 0.0000000000
129377  -13.369  -29.151  40.226 0.0000000000
55330  -13.918  -28.403  40.624 0.0000000000
54274  -13.423  -29.236  39.319 0.0000000000
55343  -14.088  -28.675  38.904 0.0000000000
53091  -7.559  -30.078  55.174 0.0000000000
46977  -8.217  -36.712  52.438 0.0000000000
48004  -7.971  -35.478  53.357 0.0000000000
46975  -6.928  -36.166  52.032 0.0000000000
48045  -5.140  -34.711  49.909 0.0000000000
49052  -5.550  -34.253  51.321 0.0000000000
50080  -5.156  -33.551  50.645 0.0000000000
52126  -5.807  -31.699  52.340 0.0000000000
51128  -5.140  -32.845  50.679 0.0000000000
127653  -5.019  -32.240  49.911 0.0000000000
128086  -4.141  -33.556  48.718 0.0000000000
128257  -4.472  -37.257  44.193 0.0000000000
49113  -4.410  -35.218  45.039 0.0000000000
137158  -4.520  -36.196  44.054 0.0000000000
48155  -4.418  -35.278  42.824 0.0000000000
46029  -4.470  -37.474  41.889 0.0000000000
39315  -2.945  -44.242  41.184 0.0000000000
121954  -3.497  -42.151  41.816 0.0000000000
53187  -46.125  -29.982  46.900 0.0000000000
49126  -39.895  -33.400  44.408 0.0000000000
49128  -40.821  -32.215  44.069 0.0000000000
50147  -41.661  -31.542  45.458 0.0000000000
51181  -45.121  -32.268  46.277 0.0000000000
49101  -38.035  -33.597  46.622 0.0000000000
49109  -38.411  -33.965  45.888 0.0000000000
49116  -39.324  -33.787  45.110 0.0000000000
51171  -39.269  -30.650  48.512 0.0000000000
71137  -53.463  -11.391  24.357 0.0000000000
68438  -50.285  -14.581  22.192 0.0000000000
70206  -50.721  -13.725  21.447 0.0000000000
71163  -51.251  -12.190  20.711 0.0000000000
70208  -52.328  -13.187  21.741 0.0000000000
71140  -52.922  -12.277  22.886 0.0000000000
62672  -42.080  -21.624  30.570 0.0000000000
62663  -43.332  -21.654  31.546 0.0000000000
63634  -42.772  -21.218  32.250 0.0000000000
63626  -42.097  -20.729  32.869 0.0000000000
56540  -39.855  -27.289  31.266 0.0000000000
56574  -40.401  -26.841  29.736 0.0000000000
57697  -40.303  -25.866  28.692 0.0000000000
58769  -39.701  -24.912  27.928 0.0000000000
60742  -39.726  -23.202  28.180 0.0000000000
60723  -40.257  -22.711  28.721 0.0000000000
62670  -41.338  -22.031  29.893 0.0000000000
131159  -7.163  -31.795  43.268 0.0000000000
52219  -7.516  -31.856  42.472 0.0000000000
52225  -6.507  -32.513  41.765 0.0000000000
51232  -6.008  -33.177  39.559 0.0000000000
140030  -5.594  -34.272  38.275 0.0000000000
49237  -5.571  -35.721  35.743 0.0000000000
48232  -5.441  -35.620  36.567 0.0000000000
47195  -4.961  -36.594  35.942 0.0000000000
44045  -9.717  -38.053  48.059 0.0000000000
44039  -8.977  -38.256  48.519 0.0000000000
131526  -8.513  -38.432  46.901 0.0000000000
57573  -44.208  -24.711  37.318 0.0000000000
53228  -42.851  -29.682  42.543 0.0000000000
53237  -41.018  -29.990  41.344 0.0000000000
54269  -42.238  -28.940  41.453 0.0000000000
55339  -41.936  -27.827  40.099 0.0000000000
55349  -41.635  -27.330  39.252 0.0000000000
55361  -41.948  -26.392  37.595 0.0000000000
56462  -43.012  -25.973  36.953 0.0000000000
49066  -29.592  -33.380  48.976 0.0000000000
48118  -32.115  -33.988  45.484 0.0000000000
48117  -31.091  -34.306  45.944 0.0000000000
48150  -30.326  -33.887  44.274 0.0000000000
144192  -28.699  -33.028  42.734 0.0000000000
75625  -53.435  -7.328  19.043 0.0000000000
76511  -53.781  -6.225  17.732 0.0000000000
77386  -54.297  -5.894  16.999 0.0000000000
129748  -54.517  -5.571  16.241 0.0000000000
124298  -9.227  -28.595  51.840 0.0000000000
122746  -8.993  -29.928  50.147 0.0000000000
54180  -8.424  -29.801  50.734 0.0000000000
53127  -7.451  -30.432  49.983 0.0000000000
53159  -6.036  -31.410  48.531 0.0000000000
129782  -48.743  -18.748  27.513 0.0000000000
64619  -49.912  -19.157  29.124 0.0000000000
61759  -44.979  -22.831  24.128 0.0000000000
62754  -46.143  -21.756  24.552 0.0000000000
63698  -46.651  -20.344  24.109 0.0000000000
62740  -47.453  -21.008  25.375 0.0000000000
64642  -48.453  -19.270  26.701 0.0000000000
45930  -14.083  -35.636  50.306 0.0000000000
143733  -15.065  -35.806  49.768 0.0000000000
45960  -14.010  -35.894  48.511 0.0000000000
128143  -13.241  -36.206  47.189 0.0000000000
47126  -15.029  -35.348  40.530 0.0000000000
47104  -14.055  -35.522  42.531 0.0000000000
58545  -8.261  -25.082  48.609 0.0000000000
57400  -7.990  -25.398  48.033 0.0000000000
57421  -10.558  -25.713  47.701 0.0000000000
57438  -11.792  -26.104  46.470 0.0000000000
56359  -13.247  -27.077  46.133 0.0000000000
52237  -10.051  -31.378  40.234 0.0000000000
124161  -11.378  -30.564  41.148 0.0000000000
52255  -10.478  -31.658  38.569 0.0000000000
52256  -11.241  -31.304  38.271 0.0000000000
52271  -11.509  -31.566  37.468 0.0000000000
53085  -12.303  -30.663  56.428 0.0000000000
52107  -10.720  -31.349  56.283 0.0000000000
51093  -8.693  -32.303  55.507 0.0000000000
44021  -5.991  -38.347  49.080 0.0000000000
45922  -6.362  -36.840  50.601 0.0000000000
124858  -5.214  -37.338  48.949 0.0000000000
45946  -4.861  -36.990  48.597 0.0000000000
48060  -4.586  -36.053  48.389 0.0000000000
49084  -4.296  -34.999  48.049 0.0000000000
47045  -4.488  -36.863  46.197 0.0000000000
45980  -4.447  -37.690  45.187 0.0000000000
44978  -4.384  -39.048  43.195 0.0000000000
51205  -40.439  -31.663  42.854 0.0000000000
50155  -41.500  -31.550  43.806 0.0000000000
51195  -41.888  -31.061  43.485 0.0000000000
52231  -42.377  -30.350  42.828 0.0000000000
53223  -44.174  -29.505  42.933 0.0000000000
56392  -45.507  -27.432  44.009 0.0000000000
49078  -33.952  -33.718  48.618 0.0000000000
52184  -36.489  -30.914  49.996 0.0000000000
49089  -34.660  -34.053  48.199 0.0000000000
144145  -33.721  -34.344  47.271 0.0000000000
47085  -32.996  -34.167  44.803 0.0000000000
73866  -51.619  -10.491  20.293 0.0000000000
73881  -53.200  -8.936  20.241 0.0000000000
73863  -54.647  -8.403  21.442 0.0000000000
128392  -46.995  -23.448  28.766 0.0000000000
60717  -48.037  -23.126  29.606 0.0000000000
60707  -46.849  -23.072  30.215 0.0000000000
61717  -39.987  -21.733  28.075 0.0000000000
60763  -43.527  -22.606  26.554 0.0000000000
60745  -45.718  -23.241  27.791 0.0000000000
49140  -22.567  -33.368  42.584 0.0000000000
48162  -21.875  -33.357  43.050 0.0000000000
49149  -21.641  -32.911  41.473 0.0000000000
49180  -20.292  -33.226  39.794 0.0000000000
121528  -9.398  -25.473  41.952 0.0000000000
57498  -10.262  -25.152  41.676 0.0000000000
54205  -12.474  -29.358  47.961 0.0000000000
54225  -12.791  -29.378  47.036 0.0000000000
122687  -11.307  -30.653  46.164 0.0000000000
53207  -10.815  -30.763  44.399 0.0000000000
53220  -10.450  -30.867  42.487 0.0000000000
52220  -8.293  -31.647  42.373 0.0000000000
52228  -9.364  -31.405  41.621 0.0000000000
52236  -9.172  -31.727  40.692 0.0000000000
51219  -8.829  -32.218  39.108 0.0000000000
48007  -10.039  -35.095  53.759 0.0000000000
46979  -9.617  -36.495  52.456 0.0000000000
45916  -8.642  -36.983  51.867 0.0000000000
132812  -7.789  -37.882  50.383 0.0000000000
44032  -8.307  -38.362  49.253 0.0000000000
140154  -7.440  -38.447  49.048 0.0000000000
44022  -6.646  -38.349  49.130 0.0000000000
43090  -5.890  -39.257  47.615 0.0000000000
43094  -5.100  -40.038  46.602 0.0000000000
42192  -4.852  -41.179  45.530 0.0000000000
59704  -42.607  -24.432  32.196 0.0000000000
61652  -41.713  -22.799  33.972 0.0000000000
60685  -43.100  -23.980  33.783 0.0000000000
53245  -39.012  -30.224  40.307 0.0000000000
56523  -39.984  -27.402  32.175 0.0000000000
57655  -42.722  -26.087  31.106 0.0000000000
48071  -25.308  -34.544  47.226 0.0000000000
48131  -24.408  -34.041  45.276 0.0000000000
51152  -31.989  -32.282  50.071 0.0000000000
50103  -30.478  -33.259  49.205 0.0000000000
48056  -29.676  -34.004  48.382 0.0000000000
123555  -30.196  -34.483  46.360 0.0000000000
121984  -29.463  -34.227  46.915 0.0000000000
142417  -27.598  -33.999  47.049 0.0000000000
49114  -26.916  -33.990  45.772 0.0000000000
48149  -24.732  -33.992  44.460 0.0000000000
49130  -24.152  -33.881  43.737 0.0000000000
49151  -23.191  -33.402  41.934 0.0000000000
77403  -55.282  -5.399  14.640 0.0000000000
76542  -55.758  -5.673  13.844 0.0000000000
76551  -56.763  -5.944  13.502 0.0000000000
57380  -10.103  -25.314  48.890 0.0000000000
57403  -11.750  -26.524  49.084 0.0000000000
58520  -11.016  -25.230  51.209 0.0000000000
57382  -11.720  -26.804  50.003 0.0000000000
55261  -12.189  -28.435  49.295 0.0000000000
54204  -11.879  -29.720  48.693 0.0000000000
53178  -9.928  -30.754  47.344 0.0000000000
53189  -8.751  -31.060  46.173 0.0000000000
53162  -8.389  -30.751  48.498 0.0000000000
121865  -8.197  -31.047  46.960 0.0000000000
53204  -7.640  -31.462  44.981 0.0000000000
52207  -6.788  -31.837  44.043 0.0000000000
51199  -5.226  -32.731  42.460 0.0000000000
142627  -4.203  -34.193  41.402 0.0000000000
68409  -51.659  -13.738  25.921 0.0000000000
64657  -46.982  -19.331  23.824 0.0000000000
130412  -47.318  -18.642  23.832 0.0000000000
66515  -48.087  -17.126  23.282 0.0000000000
67416  -48.374  -15.491  24.430 0.0000000000
67401  -49.584  -14.543  25.773 0.0000000000
45920  -11.429  -36.203  51.082 0.0000000000
44938  -10.768  -37.117  49.589 0.0000000000
45947  -12.348  -36.461  49.384 0.0000000000
44939  -11.632  -36.747  49.408 0.0000000000
44947  -10.914  -37.289  48.415 0.0000000000
140859  -9.835  -37.463  46.091 0.0000000000
122146  -21.181  -33.480  43.403 0.0000000000
48127  -20.481  -34.096  44.575 0.0000000000
137546  -20.158  -34.628  45.200 0.0000000000
48158  -18.048  -33.472  42.428 0.0000000000
121940  -18.976  -33.956  44.069 0.0000000000
143053  -18.881  -34.758  45.568 0.0000000000
48087  -18.282  -34.916  46.256 0.0000000000
47049  -17.907  -35.431  47.128 0.0000000000
144778  -16.922  -35.771  48.392 0.0000000000
47031  -15.341  -35.391  47.625 0.0000000000
47046  -14.266  -35.660  46.276 0.0000000000
45983  -12.951  -36.251  45.752 0.0000000000
47103  -13.581  -35.762  42.827 0.0000000000
46002  -12.724  -36.229  44.114 0.0000000000
45990  -12.219  -36.445  44.660 0.0000000000
44969  -10.791  -36.710  43.967 0.0000000000
140407  -6.014  -25.741  46.026 0.0000000000
57435  -7.302  -25.677  46.543 0.0000000000
56345  -7.617  -25.668  45.837 0.0000000000
125834  -7.559  -25.916  44.620 0.0000000000
122868  -8.607  -25.868  43.780 0.0000000000
121360  -10.738  -25.353  43.195 0.0000000000
121555  -12.194  -25.242  42.108 0.0000000000
55285  -13.254  -28.563  46.620 0.0000000000
55297  -13.719  -28.060  45.314 0.0000000000
56373  -13.875  -27.386  44.660 0.0000000000
54261  -12.028  -30.128  41.930 0.0000000000
55324  -13.774  -28.636  43.035 0.0000000000
56384  -14.111  -27.060  43.739 0.0000000000
56385  -14.248  -26.757  42.879 0.0000000000
56402  -14.314  -26.559  42.031 0.0000000000
57520  -14.130  -25.905  40.988 0.0000000000
56424  -14.703  -26.919  39.628 0.0000000000
49023  -9.673  -34.400  54.355 0.0000000000
134089  -8.492  -33.618  54.804 0.0000000000
51105  -7.428  -32.646  54.748 0.0000000000
48029  -6.405  -35.067  52.223 0.0000000000
50062  -6.590  -33.571  53.378 0.0000000000
51104  -6.746  -32.328  54.240 0.0000000000
52122  -6.185  -31.102  53.561 0.0000000000
53095  -6.228  -30.355  53.479 0.0000000000
54156  -6.245  -30.144  52.692 0.0000000000
53111  -6.271  -30.724  51.343 0.0000000000
52179  -5.407  -31.744  48.932 0.0000000000
52194  -4.979  -32.037  47.647 0.0000000000
50125  -4.215  -34.437  46.947 0.0000000000
50136  -3.888  -33.584  46.287 0.0000000000
51180  -4.706  -32.578  46.424 0.0000000000
51188  -4.133  -33.199  44.472 0.0000000000
50156  -4.198  -34.269  42.300 0.0000000000
48180  -4.262  -35.411  40.731 0.0000000000
41246  -4.451  -42.032  44.362 0.0000000000
40260  -3.893  -43.415  42.821 0.0000000000
41269  -4.128  -42.077  43.459 0.0000000000
123948  -4.232  -40.799  43.526 0.0000000000
43156  -3.942  -40.984  42.314 0.0000000000
44114  -4.030  -39.813  41.787 0.0000000000
43191  -3.667  -40.834  40.688 0.0000000000
137274  -4.191  -39.068  41.546 0.0000000000
45029  -4.185  -38.649  40.848 0.0000000000
46075  -4.174  -37.735  39.626 0.0000000000
46095  -4.219  -37.523  38.673 0.0000000000
46120  -4.338  -37.974  36.941 0.0000000000
139153  -4.021  -39.070  35.689 0.0000000000
52191  -43.253  -31.701  48.715 0.0000000000
52188  -43.505  -30.824  48.965 0.0000000000
51168  -42.588  -31.758  49.160 0.0000000000
50122  -42.414  -32.798  48.309 0.0000000000
50123  -43.399  -32.984  48.126 0.0000000000
49083  -41.611  -33.253  49.182 0.0000000000
49096  -42.192  -33.002  48.401 0.0000000000
51167  -42.050  -32.024  49.057 0.0000000000
50112  -41.578  -31.902  49.345 0.0000000000
52186  -41.633  -31.432  49.377 0.0000000000
69290  -52.797  -13.056  25.387 0.0000000000
69281  -53.320  -13.013  25.986 0.0000000000
68414  -51.602  -13.972  24.520 0.0000000000
69289  -52.306  -13.495  24.956 0.0000000000
69294  -52.639  -13.217  24.260 0.0000000000
60688  -41.184  -22.744  32.071 0.0000000000
138737  -41.142  -22.269  32.451 0.0000000000
61655  -41.159  -22.578  32.810 0.0000000000
59709  -41.753  -24.115  31.076 0.0000000000
60705  -41.167  -23.562  30.726 0.0000000000
50190  -4.392  -34.276  40.310 0.0000000000
49179  -4.721  -34.114  39.700 0.0000000000
49178  -4.500  -34.661  39.575 0.0000000000
44086  -8.117  -38.660  43.856 0.0000000000
56418  -45.517  -27.368  41.891 0.0000000000
55220  -7.380  -28.970  53.078 0.0000000000
55231  -7.585  -29.134  52.285 0.0000000000
61721  -48.464  -22.171  27.430 0.0000000000
61707  -49.299  -21.425  28.431 0.0000000000
127686  -48.807  -22.184  28.257 0.0000000000
60728  -47.325  -23.276  27.862 0.0000000000
60747  -47.132  -22.996  26.887 0.0000000000
61720  -47.893  -22.721  27.180 0.0000000000
62711  -48.152  -22.062  26.754 0.0000000000
45952  -17.159  -35.898  49.823 0.0000000000
45962  -16.390  -35.843  49.354 0.0000000000
143022  -23.318  -33.812  44.706 0.0000000000
121966  -22.668  -33.703  44.419 0.0000000000
57518  -11.777  -25.174  40.467 0.0000000000
49025  -11.448  -34.157  54.079 0.0000000000
43102  -4.511  -40.037  45.646 0.0000000000
44047  -4.541  -39.549  46.008 0.0000000000
142947  -4.448  -39.924  45.354 0.0000000000
44055  -4.422  -39.772  45.086 0.0000000000
43113  -4.404  -40.453  44.706 0.0000000000
53195  -47.039  -29.941  46.058 0.0000000000
52210  -45.831  -30.971  45.553 0.0000000000
54241  -47.161  -29.407  45.502 0.0000000000
54242  -47.710  -29.017  44.596 0.0000000000
48082  -36.264  -34.654  46.493 0.0000000000
49099  -36.641  -34.156  47.100 0.0000000000
122167  -35.195  -34.970  45.678 0.0000000000
72087  -53.208  -10.654  23.152 0.0000000000
73006  -53.756  -9.735  22.591 0.0000000000
128955  -44.228  -22.473  30.187 0.0000000000
130179  -44.740  -22.398  30.743 0.0000000000
61677  -43.793  -22.171  30.845 0.0000000000
61692  -42.757  -22.029  29.438 0.0000000000
57459  -5.375  -25.304  44.573 0.0000000000
57460  -5.495  -25.689  43.951 0.0000000000
138201  -6.483  -26.163  43.359 0.0000000000
121556  -6.660  -26.127  43.976 0.0000000000
138540  -8.848  -31.157  45.329 0.0000000000
53206  -9.340  -31.073  44.760 0.0000000000
53212  -8.409  -31.370  43.733 0.0000000000
124272  -6.237  -33.867  38.041 0.0000000000
51234  -7.334  -32.952  38.808 0.0000000000
143650  -6.607  -33.781  37.632 0.0000000000
136302  -6.859  -33.768  37.232 0.0000000000
49238  -6.618  -34.857  35.672 0.0000000000
50235  -6.289  -34.703  36.698 0.0000000000
44937  -10.002  -37.516  49.894 0.0000000000
44936  -9.330  -37.623  50.004 0.0000000000
44034  -9.479  -37.916  49.315 0.0000000000
42182  -6.374  -40.307  45.837 0.0000000000
58676  -43.729  -25.147  34.633 0.0000000000
58669  -43.987  -24.633  35.298 0.0000000000
58664  -44.200  -24.540  36.087 0.0000000000
51212  -40.106  -31.471  42.379 0.0000000000
56489  -42.747  -26.568  34.632 0.0000000000
57601  -42.929  -26.180  33.317 0.0000000000
49065  -28.780  -33.290  49.033 0.0000000000
48062  -27.192  -34.074  48.268 0.0000000000
48063  -28.263  -33.902  48.117 0.0000000000
49087  -32.432  -34.072  48.082 0.0000000000
48067  -32.268  -34.168  47.475 0.0000000000
50159  -26.804  -32.994  42.519 0.0000000000
133691  -26.221  -33.306  42.964 0.0000000000
50167  -25.563  -32.950  41.562 0.0000000000
141317  -10.466  -27.617  51.868 0.0000000000
55234  -10.924  -27.918  51.429 0.0000000000
124741  -10.580  -28.618  51.247 0.0000000000
54181  -10.645  -29.112  50.701 0.0000000000
138676  -9.853  -29.635  50.419 0.0000000000
53174  -6.081  -31.432  47.772 0.0000000000
142481  -6.486  -31.319  47.549 0.0000000000
52202  -5.679  -31.825  45.457 0.0000000000
52201  -5.154  -32.110  45.969 0.0000000000
67394  -49.389  -15.791  28.308 0.0000000000
68383  -50.261  -15.422  28.750 0.0000000000
67389  -49.834  -16.226  29.116 0.0000000000
65567  -48.322  -17.676  27.367 0.0000000000
66487  -48.000  -17.452  26.514 0.0000000000
67393  -48.780  -16.291  27.888 0.0000000000
68387  -48.925  -15.581  27.397 0.0000000000
45970  -12.561  -36.483  47.124 0.0000000000
48183  -18.859  -33.848  39.965 0.0000000000
128696  -18.289  -33.868  40.458 0.0000000000
48123  -15.933  -34.383  44.495 0.0000000000
48140  -15.104  -34.814  43.938 0.0000000000
135268  -14.546  -35.280  44.668 0.0000000000
124835  -14.533  -35.227  43.113 0.0000000000
59534  -6.649  -24.619  48.086 0.0000000000
57450  -11.795  -25.855  45.289 0.0000000000
57463  -12.509  -25.959  44.620 0.0000000000
53221  -11.280  -30.553  42.935 0.0000000000
54249  -12.040  -30.225  43.240 0.0000000000
130618  -11.333  -30.545  42.025 0.0000000000
123817  -12.362  -30.198  39.087 0.0000000000
54273  -12.689  -29.797  39.743 0.0000000000
54283  -12.907  -29.784  38.822 0.0000000000
53253  -13.100  -29.936  38.004 0.0000000000
53263  -12.655  -30.548  37.558 0.0000000000
52105  -8.994  -30.856  56.085 0.0000000000
52116  -7.697  -31.095  55.255 0.0000000000
134934  -7.593  -37.131  51.461 0.0000000000
46976  -7.520  -36.626  52.188 0.0000000000
45914  -7.145  -36.695  51.611 0.0000000000
49061  -4.796  -34.277  49.760 0.0000000000
49051  -5.074  -34.087  50.295 0.0000000000
50091  -4.808  -33.657  50.133 0.0000000000
121812  -5.033  -33.250  50.459 0.0000000000
51149  -4.703  -33.172  50.053 0.0000000000
51158  -4.361  -33.183  49.384 0.0000000000
47092  -4.531  -36.696  43.376 0.0000000000
47102  -4.537  -37.049  42.601 0.0000000000
46012  -4.498  -37.756  42.576 0.0000000000
38221  -2.377  -45.571  40.151 0.0000000000
132570  -2.746  -44.081  40.483 0.0000000000
144036  -45.362  -30.205  47.068 0.0000000000
49118  -40.532  -32.868  44.682 0.0000000000
129648  -41.093  -32.156  45.174 0.0000000000
50139  -41.737  -31.409  46.315 0.0000000000
51178  -44.969  -31.995  47.138 0.0000000000
50134  -44.760  -32.224  47.218 0.0000000000
121883  -45.127  -31.547  46.942 0.0000000000
141070  -45.333  -30.616  46.453 0.0000000000
50128  -38.930  -32.192  47.285 0.0000000000
48084  -37.704  -34.373  46.043 0.0000000000
49102  -39.193  -32.944  46.500 0.0000000000
50131  -42.206  -31.649  47.257 0.0000000000
49111  -40.166  -32.984  45.649 0.0000000000
49117  -40.070  -33.416  45.022 0.0000000000
50120  -40.630  -31.276  48.549 0.0000000000
50110  -39.822  -31.333  49.238 0.0000000000
51176  -39.620  -30.900  47.919 0.0000000000
50127  -37.907  -32.908  47.496 0.0000000000
71136  -53.035  -12.009  23.973 0.0000000000
71133  -53.709  -11.612  24.904 0.0000000000
67425  -48.629  -15.469  23.476 0.0000000000
67434  -48.943  -15.375  22.688 0.0000000000
67426  -49.390  -14.739  23.272 0.0000000000
68429  -51.193  -14.662  22.922 0.0000000000
68428  -50.423  -14.576  22.612 0.0000000000
69305  -50.990  -14.570  22.320 0.0000000000
69317  -51.340  -14.200  21.855 0.0000000000
70207  -51.572  -13.490  21.482 0.0000000000
70197  -52.105  -13.980  21.994 0.0000000000
70194  -52.972  -13.320  23.528 0.0000000000
70199  -53.103  -13.188  22.924 0.0000000000
71135  -52.910  -12.654  23.572 0.0000000000
62662  -42.336  -21.488  31.458 0.0000000000
62661  -41.820  -21.608  31.290 0.0000000000
63625  -41.523  -20.907  33.300 0.0000000000
142910  -41.649  -21.096  32.695 0.0000000000
56557  -40.617  -27.224  30.565 0.0000000000
56575  -41.153  -26.921  30.177 0.0000000000
59726  -40.683  -25.007  29.037 0.0000000000
57698  -40.716  -25.800  29.100 0.0000000000
140744  -40.358  -25.445  28.704 0.0000000000
57727  -39.910  -25.529  28.210 0.0000000000
58745  -40.120  -24.895  28.425 0.0000000000
59725  -40.261  -24.024  28.702 0.0000000000
61675  -41.285  -22.275  30.907 0.0000000000
62671  -41.779  -21.735  30.206 0.0000000000
52218  -6.623  -32.144  42.540 0.0000000000
51203  -5.945  -32.814  41.400 0.0000000000
50208  -5.207  -34.214  39.018 0.0000000000
50191  -5.311  -33.669  39.565 0.0000000000
50209  -5.793  -33.740  38.856 0.0000000000
48217  -5.407  -35.279  37.175 0.0000000000
141136  -4.909  -36.369  36.703 0.0000000000
123234  -4.735  -37.146  35.724 0.0000000000
46170  -4.538  -37.582  34.984 0.0000000000
46146  -4.349  -37.750  35.991 0.0000000000
44049  -9.337  -38.022  47.115 0.0000000000
44057  -8.738  -38.340  46.175 0.0000000000
57564  -44.624  -24.829  38.527 0.0000000000
53240  -43.235  -29.021  42.192 0.0000000000
53239  -42.534  -29.355  41.998 0.0000000000
54270  -42.781  -28.605  41.717 0.0000000000
55341  -43.007  -27.301  40.680 0.0000000000
130926  -42.398  -27.868  40.634 0.0000000000
125622  -42.143  -27.362  39.814 0.0000000000
55360  -41.868  -26.803  38.650 0.0000000000
55351  -42.694  -26.661  39.751 0.0000000000
56435  -43.965  -25.416  38.854 0.0000000000
123703  -43.215  -25.686  38.799 0.0000000000
50094  -29.420  -32.901  49.341 0.0000000000
122691  -30.391  -32.653  49.742 0.0000000000
48151  -31.290  -33.809  43.922 0.0000000000
144133  -31.573  -33.795  44.428 0.0000000000
134610  -30.863  -33.753  43.407 0.0000000000
74704  -53.512  -8.294  19.874 0.0000000000
75615  -53.094  -7.824  19.444 0.0000000000
75616  -53.859  -7.698  19.433 0.0000000000
129125  -54.088  -7.087  18.893 0.0000000000
131473  -54.190  -6.628  18.295 0.0000000000
76521  -55.274  -6.037  17.163 0.0000000000
126862  -55.387  -6.321  17.926 0.0000000000
55222  -8.782  -28.209  52.501 0.0000000000
54166  -8.786  -29.249  51.324 0.0000000000
54178  -6.994  -30.089  51.349 0.0000000000
54179  -7.606  -30.128  50.665 0.0000000000
53143  -6.920  -30.854  49.539 0.0000000000
142650  -6.406  -30.922  49.948 0.0000000000
64628  -49.212  -19.372  27.870 0.0000000000
65560  -49.286  -18.723  28.482 0.0000000000
64618  -49.609  -19.655  28.463 0.0000000000
131930  -44.107  -23.116  25.341 0.0000000000
60807  -45.261  -23.060  24.873 0.0000000000
61748  -45.886  -22.665  25.108 0.0000000000
62755  -46.549  -20.959  24.437 0.0000000000
62739  -46.809  -21.363  25.036 0.0000000000
63667  -48.876  -20.590  27.202 0.0000000000
64627  -48.947  -19.671  27.243 0.0000000000
45940  -15.629  -35.733  50.196 0.0000000000
45961  -15.297  -35.756  48.879 0.0000000000
45949  -14.516  -35.882  49.317 0.0000000000
45972  -13.519  -36.041  47.777 0.0000000000
141761  -13.862  -35.901  47.331 0.0000000000
46057  -14.649  -35.623  40.162 0.0000000000
57379  -8.928  -25.223  48.375 0.0000000000
57401  -9.762  -25.435  48.050 0.0000000000
57423  -12.461  -26.651  47.203 0.0000000000
57422  -11.363  -26.022  47.235 0.0000000000
57439  -12.729  -26.603  46.420 0.0000000000
52254  -9.648  -31.890  38.831 0.0000000000
52246  -10.228  -31.493  39.380 0.0000000000
52269  -9.954  -32.166  38.061 0.0000000000
52270  -10.746  -31.877  37.771 0.0000000000
51254  -11.087  -32.248  37.032 0.0000000000
51270  -11.433  -32.624  36.269 0.0000000000
138056  -11.013  -32.718  55.474 0.0000000000
51086  -10.943  -32.103  55.820 0.0000000000
126311  -10.331  -32.649  55.604 0.0000000000
52119  -10.087  -31.945  55.968 0.0000000000
51094  -9.518  -32.513  55.624 0.0000000000
44029  -5.710  -38.640  48.542 0.0000000000
44933  -5.725  -37.698  49.363 0.0000000000
44028  -5.174  -38.411  48.224 0.0000000000
45969  -4.614  -37.649  47.371 0.0000000000
45958  -4.668  -37.345  48.096 0.0000000000
47020  -4.610  -36.639  48.261 0.0000000000
45957  -4.520  -36.933  47.650 0.0000000000
47029  -4.518  -36.530  47.127 0.0000000000
45968  -4.516  -37.253  46.841 0.0000000000
121500  -4.410  -39.279  44.792 0.0000000000
44960  -4.429  -38.482  44.985 0.0000000000
44967  -4.395  -38.813  44.413 0.0000000000
45988  -4.434  -37.984  44.616 0.0000000000
126602  -4.365  -39.118  43.854 0.0000000000
51204  -39.332  -32.107  42.612 0.0000000000
50173  -40.388  -31.824  42.890 0.0000000000
50151  -41.586  -31.603  44.465 0.0000000000
142634  -41.967  -31.389  44.082 0.0000000000
52216  -43.689  -29.792  44.757 0.0000000000
51197  -42.705  -30.650  44.178 0.0000000000
52215  -43.254  -30.243  43.786 0.0000000000
134695  -42.456  -30.565  43.232 0.0000000000
52223  -42.957  -30.284  43.311 0.0000000000
52232  -42.998  -30.006  42.999 0.0000000000
54252  -44.426  -29.293  43.594 0.0000000000
55321  -45.310  -27.814  44.712 0.0000000000
46010  -36.463  -35.516  43.487 0.0000000000
51160  -34.571  -32.227  50.007 0.0000000000
50106  -34.425  -33.000  49.340 0.0000000000
51161  -35.124  -32.301  49.667 0.0000000000
51156  -37.728  -30.924  50.059 0.0000000000
51163  -37.413  -31.000  49.479 0.0000000000
49090  -35.299  -34.226  47.690 0.0000000000
50116  -35.544  -33.432  48.449 0.0000000000
127246  -34.546  -34.430  47.354 0.0000000000
48079  -33.890  -34.505  46.553 0.0000000000
47073  -32.955  -34.325  45.722 0.0000000000
47058  -33.762  -34.605  45.844 0.0000000000
136688  -32.538  -34.428  42.962 0.0000000000
74682  -55.546  -7.693  21.971 0.0000000000
72092  -52.000  -11.886  20.919 0.0000000000
72106  -52.183  -11.026  20.731 0.0000000000
73867  -52.452  -10.110  20.482 0.0000000000
126506  -52.955  -9.489  20.501 0.0000000000
73880  -52.511  -9.271  20.094 0.0000000000
73869  -53.957  -8.886  20.997 0.0000000000
139801  -46.323  -23.295  28.843 0.0000000000
60716  -47.337  -23.305  29.513 0.0000000000
60715  -46.564  -23.239  29.470 0.0000000000
61664  -45.984  -22.331  31.295 0.0000000000
61665  -46.756  -22.241  31.251 0.0000000000
62649  -43.841  -21.290  32.209 0.0000000000
139711  -44.487  -21.884  31.535 0.0000000000
61735  -42.575  -21.669  26.686 0.0000000000
61719  -43.108  -21.975  27.431 0.0000000000
60713  -44.954  -23.052  29.000 0.0000000000
60725  -45.015  -23.168  28.134 0.0000000000
60726  -45.713  -23.214  28.533 0.0000000000
60727  -46.442  -23.375  28.207 0.0000000000
49139  -21.948  -33.207  42.288 0.0000000000
56411  -6.639  -25.881  42.155 0.0000000000
56400  -7.931  -25.842  42.552 0.0000000000
121588  -8.626  -25.699  42.270 0.0000000000
57487  -10.027  -25.460  42.566 0.0000000000
53180  -11.699  -30.147  47.862 0.0000000000
54224  -12.171  -29.949  47.277 0.0000000000
53192  -11.503  -30.451  47.033 0.0000000000
53214  -9.949  -30.902  44.129 0.0000000000
128669  -11.056  -30.747  45.281 0.0000000000
121787  -10.608  -30.785  43.498 0.0000000000
53219  -9.550  -31.176  42.381 0.0000000000
52226  -7.197  -32.231  41.663 0.0000000000
132424  -7.835  -32.087  41.296 0.0000000000
52235  -8.194  -32.088  40.699 0.0000000000
52244  -8.559  -32.161  39.922 0.0000000000
52245  -9.415  -31.809  39.693 0.0000000000
129605  -7.389  -33.809  36.590 0.0000000000
51266  -8.016  -33.348  37.170 0.0000000000
48263  -5.555  -35.949  34.785 0.0000000000
47240  -5.254  -36.604  34.385 0.0000000000
46968  -10.785  -35.832  52.613 0.0000000000
129630  -10.268  -36.351  52.303 0.0000000000
44930  -9.088  -37.364  50.562 0.0000000000
44926  -8.902  -37.116  51.202 0.0000000000
44929  -8.556  -37.606  50.682 0.0000000000
44925  -8.403  -37.375  51.303 0.0000000000
44019  -8.145  -38.007  50.158 0.0000000000
121627  -8.439  -38.411  48.828 0.0000000000
44038  -8.169  -38.486  48.150 0.0000000000
140914  -6.648  -39.151  47.688 0.0000000000
43092  -7.108  -38.919  48.080 0.0000000000
43085  -6.734  -38.926  48.239 0.0000000000
44023  -7.257  -38.288  49.280 0.0000000000
44031  -6.832  -38.610  48.734 0.0000000000
44030  -6.243  -38.711  48.677 0.0000000000
42169  -5.372  -40.355  46.301 0.0000000000
42179  -5.142  -41.022  45.818 0.0000000000
42168  -4.944  -40.632  46.030 0.0000000000
59705  -43.147  -24.913  32.609 0.0000000000
60691  -42.799  -24.239  33.011 0.0000000000
59699  -43.350  -24.649  33.397 0.0000000000
53246  -40.073  -29.837  40.739 0.0000000000
55412  -41.467  -27.604  34.130 0.0000000000
120702  -41.049  -27.742  33.377 0.0000000000
123152  -40.855  -27.646  32.368 0.0000000000
57637  -42.811  -26.296  31.798 0.0000000000
58697  -42.838  -25.740  31.633 0.0000000000
59711  -42.893  -25.165  31.850 0.0000000000
48090  -26.003  -34.318  46.854 0.0000000000
48072  -25.992  -34.562  47.593 0.0000000000
133282  -25.318  -34.309  46.589 0.0000000000
48112  -24.896  -34.172  46.008 0.0000000000
49075  -31.053  -33.802  48.731 0.0000000000
49074  -30.105  -33.746  48.739 0.0000000000
120956  -30.073  -34.338  47.898 0.0000000000
48133  -29.842  -34.171  45.003 0.0000000000
124270  -30.292  -34.333  45.582 0.0000000000
48115  -28.623  -33.931  46.037 0.0000000000
48092  -28.444  -33.970  46.858 0.0000000000
48114  -27.546  -33.966  46.464 0.0000000000
124063  -25.091  -33.847  43.640 0.0000000000
49131  -25.664  -33.864  44.373 0.0000000000
49141  -23.465  -33.579  42.956 0.0000000000
49152  -24.091  -33.566  42.056 0.0000000000
123337  -24.285  -33.048  40.541 0.0000000000
50176  -23.371  -33.016  40.404 0.0000000000
77392  -55.416  -5.574  16.336 0.0000000000
77396  -54.892  -5.395  15.505 0.0000000000
77393  -56.321  -5.443  16.259 0.0000000000
76550  -56.216  -6.151  13.258 0.0000000000
136289  -57.486  -5.589  14.173 0.0000000000
58519  -9.509  -24.630  50.161 0.0000000000
58531  -10.376  -25.169  49.814 0.0000000000
57381  -11.234  -25.863  49.553 0.0000000000
57367  -11.463  -26.360  50.662 0.0000000000
55246  -11.705  -27.896  50.210 0.0000000000
137410  -11.878  -28.421  49.757 0.0000000000
54194  -11.781  -29.212  49.477 0.0000000000
54203  -10.429  -30.226  49.038 0.0000000000
53163  -10.167  -30.575  48.205 0.0000000000
53177  -9.044  -30.909  47.084 0.0000000000
53145  -8.753  -30.388  49.421 0.0000000000
142589  -7.484  -31.193  46.908 0.0000000000
122837  -7.825  -31.224  46.264 0.0000000000
53197  -7.498  -31.396  45.694 0.0000000000
139312  -7.082  -31.675  44.662 0.0000000000
52211  -5.366  -32.348  43.959 0.0000000000
139409  -5.158  -32.614  43.281 0.0000000000
125704  -4.658  -33.065  42.157 0.0000000000
51198  -4.394  -33.447  42.314 0.0000000000
143820  -50.937  -14.099  26.553 0.0000000000
68396  -51.517  -13.875  27.222 0.0000000000
68389  -51.461  -14.249  28.289 0.0000000000
61643  -41.535  -22.006  34.267 0.0000000000
64649  -47.109  -19.774  24.508 0.0000000000
143086  -46.725  -19.831  23.808 0.0000000000
66505  -47.572  -17.983  24.573 0.0000000000
66514  -47.667  -17.893  23.666 0.0000000000
66506  -47.771  -17.118  24.211 0.0000000000
67424  -48.127  -16.293  23.803 0.0000000000
67415  -47.910  -16.329  24.815 0.0000000000
134082  -49.256  -14.907  26.683 0.0000000000
123532  -50.180  -14.466  26.626 0.0000000000
68408  -50.606  -14.105  25.507 0.0000000000
45938  -11.299  -36.724  50.044 0.0000000000
138321  -13.186  -36.033  49.719 0.0000000000
45948  -12.833  -36.295  49.158 0.0000000000
121823  -11.566  -36.914  48.145 0.0000000000
44943  -12.028  -36.675  48.866 0.0000000000
44948  -11.557  -36.895  48.485 0.0000000000
44942  -11.173  -37.048  48.935 0.0000000000
44952  -10.478  -37.658  48.008 0.0000000000
128358  -10.581  -37.466  47.488 0.0000000000
124155  -9.971  -37.141  45.263 0.0000000000
44968  -9.098  -37.658  44.789 0.0000000000
44980  -9.870  -37.118  44.074 0.0000000000
48145  -20.497  -33.617  43.745 0.0000000000
48144  -19.759  -33.797  43.963 0.0000000000
48126  -19.668  -34.316  44.654 0.0000000000
48169  -17.177  -33.864  41.478 0.0000000000
48125  -18.102  -33.905  44.309 0.0000000000
123779  -18.934  -34.390  44.836 0.0000000000
48088  -19.268  -35.199  46.137 0.0000000000
145548  -16.550  -34.542  46.085 0.0000000000
48086  -17.254  -34.794  46.638 0.0000000000
133153  -16.946  -35.185  47.369 0.0000000000
47033  -17.481  -35.747  47.925 0.0000000000
47032  -16.414  -35.453  48.012 0.0000000000
141089  -16.015  -35.095  47.381 0.0000000000
47065  -14.038  -35.681  45.337 0.0000000000
45984  -13.586  -36.033  45.975 0.0000000000
45992  -13.352  -35.921  45.126 0.0000000000
46034  -13.638  -35.689  42.081 0.0000000000
46033  -13.027  -35.973  41.980 0.0000000000
122416  -12.677  -36.267  43.370 0.0000000000
124130  -12.092  -36.477  43.236 0.0000000000
46001  -12.140  -36.464  43.887 0.0000000000
45989  -11.451  -36.587  44.443 0.0000000000
46000  -11.460  -36.581  43.564 0.0000000000
59545  -5.878  -24.654  47.328 0.0000000000
58560  -5.642  -24.916  46.881 0.0000000000
59559  -5.472  -24.549  46.338 0.0000000000
57433  -5.884  -25.380  46.741 0.0000000000
57420  -9.392  -25.425  47.145 0.0000000000
57419  -7.675  -25.592  47.303 0.0000000000
57436  -8.246  -25.583  46.591 0.0000000000
56358  -8.602  -25.645  45.117 0.0000000000
56346  -8.332  -25.579  45.680 0.0000000000
56357  -7.923  -25.721  45.165 0.0000000000
56356  -7.263  -25.911  45.251 0.0000000000
56371  -8.264  -25.781  44.537 0.0000000000
56383  -9.495  -25.777  43.850 0.0000000000
57473  -11.598  -25.510  43.844 0.0000000000
122652  -11.943  -25.288  43.042 0.0000000000
121359  -11.034  -25.059  42.358 0.0000000000
54235  -12.975  -29.430  46.186 0.0000000000
54236  -13.599  -28.892  45.013 0.0000000000
54244  -13.685  -28.853  44.354 0.0000000000
53233  -11.438  -30.603  40.289 0.0000000000
143102  -11.706  -30.354  41.569 0.0000000000
53226  -12.063  -30.127  41.176 0.0000000000
54258  -13.562  -29.045  42.171 0.0000000000
56401  -14.156  -27.682  43.076 0.0000000000
140406  -14.296  -27.383  42.277 0.0000000000
55327  -14.286  -27.628  40.883 0.0000000000
56413  -14.403  -27.117  41.457 0.0000000000
57501  -14.339  -26.371  41.227 0.0000000000
57500  -14.055  -25.952  41.653 0.0000000000
139431  -14.492  -26.822  40.558 0.0000000000
57521  -14.313  -26.146  40.524 0.0000000000
54143  -7.153  -29.129  54.215 0.0000000000
48015  -9.313  -35.568  53.548 0.0000000000
48006  -9.292  -34.981  54.036 0.0000000000
138885  -8.017  -34.637  53.909 0.0000000000
140300  -8.092  -34.010  54.330 0.0000000000
50050  -7.751  -33.430  54.565 0.0000000000
49021  -7.465  -34.016  54.037 0.0000000000
45921  -5.811  -36.587  50.246 0.0000000000
46990  -6.125  -36.149  50.942 0.0000000000
46973  -5.906  -35.459  51.144 0.0000000000
50070  -5.697  -33.405  52.176 0.0000000000
49034  -6.186  -33.903  52.705 0.0000000000
50061  -6.161  -33.211  53.085 0.0000000000
51111  -6.405  -32.818  53.594 0.0000000000
51103  -6.229  -31.972  53.622 0.0000000000
52123  -6.563  -31.378  54.208 0.0000000000
52132  -5.505  -31.958  51.681 0.0000000000
53098  -6.108  -31.046  52.946 0.0000000000
144501  -6.060  -31.122  52.507 0.0000000000
54148  -6.458  -29.807  53.345 0.0000000000
53105  -6.116  -30.829  52.356 0.0000000000
54163  -6.215  -30.578  52.113 0.0000000000
126062  -5.919  -31.134  51.728 0.0000000000
133789  -4.856  -32.279  49.112 0.0000000000
53142  -5.396  -31.714  49.921 0.0000000000
52189  -4.954  -32.013  48.373 0.0000000000
135235  -4.636  -32.620  48.050 0.0000000000
144402  -4.461  -35.440  46.639 0.0000000000
49098  -4.370  -34.956  47.228 0.0000000000
49108  -4.305  -34.901  46.351 0.0000000000
135890  -4.285  -34.693  44.741 0.0000000000
125312  -4.204  -34.733  45.512 0.0000000000
50135  -3.834  -34.092  45.636 0.0000000000
51179  -4.169  -32.983  46.010 0.0000000000
50145  -3.874  -33.787  44.982 0.0000000000
51182  -4.054  -33.032  45.231 0.0000000000
50150  -4.023  -33.859  44.181 0.0000000000
133186  -4.403  -35.673  42.094 0.0000000000
49138  -4.275  -34.553  42.484 0.0000000000
125886  -4.343  -35.711  41.359 0.0000000000
49161  -4.193  -34.935  41.180 0.0000000000
48191  -4.330  -36.124  40.642 0.0000000000
40246  -4.199  -42.652  43.585 0.0000000000
40277  -3.580  -43.528  42.349 0.0000000000
138406  -3.859  -42.803  42.888 0.0000000000
121216  -3.881  -42.199  42.847 0.0000000000
42219  -4.107  -41.525  43.214 0.0000000000
137520  -3.422  -42.038  41.307 0.0000000000
42255  -3.681  -41.540  41.749 0.0000000000
145555  -4.037  -40.351  42.260 0.0000000000
43172  -3.817  -40.749  41.567 0.0000000000
137753  -3.799  -40.216  41.105 0.0000000000
128932  -3.742  -40.130  40.412 0.0000000000
44140  -3.875  -39.354  40.175 0.0000000000
45046  -4.003  -38.435  38.969 0.0000000000
47140  -4.269  -36.842  39.400 0.0000000000
121196  -4.363  -37.270  37.680 0.0000000000
52193  -44.838  -30.756  48.130 0.0000000000
123756  -44.075  -30.454  48.547 0.0000000000
53158  -42.371  -29.413  47.336 0.0000000000
50132  -42.770  -32.606  47.379 0.0000000000
49112  -43.191  -33.293  47.624 0.0000000000
50124  -44.051  -32.883  47.958 0.0000000000
49103  -41.286  -31.798  48.089 0.0000000000
50130  -41.026  -31.286  47.220 0.0000000000
126551  -41.793  -31.560  47.514 0.0000000000
50100  -40.475  -32.440  50.221 0.0000000000
50111  -41.067  -32.997  50.064 0.0000000000
48057  -40.543  -33.119  49.740 0.0000000000
52176  -41.409  -31.219  49.964 0.0000000000
70190  -52.929  -12.498  24.373 0.0000000000
70191  -53.302  -12.179  25.084 0.0000000000
143312  -53.018  -12.407  24.954 0.0000000000
68412  -50.082  -14.353  23.868 0.0000000000
68418  -51.206  -14.440  23.675 0.0000000000
69297  -51.946  -14.643  23.173 0.0000000000
69307  -52.464  -14.311  22.679 0.0000000000
69298  -52.584  -14.282  23.392 0.0000000000
69299  -52.851  -13.704  23.620 0.0000000000
62660  -41.457  -21.882  31.584 0.0000000000
62647  -41.231  -21.869  32.377 0.0000000000
62648  -41.298  -21.449  32.912 0.0000000000
62642  -41.269  -21.471  33.673 0.0000000000
57672  -41.072  -26.369  29.738 0.0000000000
58712  -41.653  -25.317  30.220 0.0000000000
59720  -41.027  -24.799  29.747 0.0000000000
60712  -40.865  -23.885  29.950 0.0000000000
120887  -5.087  -32.991  41.585 0.0000000000
51207  -5.467  -33.113  40.858 0.0000000000
137986  -4.926  -33.660  40.111 0.0000000000
49197  -4.744  -34.583  39.132 0.0000000000
49214  -5.020  -35.227  37.952 0.0000000000
48206  -4.597  -35.711  38.116 0.0000000000
47175  -4.617  -36.400  37.474 0.0000000000
44069  -8.562  -38.304  45.256 0.0000000000
44068  -7.611  -39.525  44.058 0.0000000000
54266  -44.984  -28.616  42.182 0.0000000000
54272  -44.011  -28.241  41.734 0.0000000000
55328  -44.489  -28.108  41.687 0.0000000000
133208  -44.278  -27.290  41.288 0.0000000000
55342  -43.545  -27.077  40.896 0.0000000000
55352  -43.032  -26.671  40.147 0.0000000000
56425  -43.900  -26.527  40.622 0.0000000000
57542  -44.616  -25.645  40.154 0.0000000000
52169  -31.395  -31.740  50.238 0.0000000000
49147  -30.222  -33.667  42.323 0.0000000000
75617  -55.161  -7.474  20.075 0.0000000000
126260  -56.650  -6.499  20.470 0.0000000000
122447  -7.154  -29.621  51.956 0.0000000000
63652  -49.180  -20.817  27.946 0.0000000000
62689  -49.868  -21.320  29.133 0.0000000000
123822  -45.693  -23.147  26.984 0.0000000000
140823  -45.741  -23.122  26.284 0.0000000000
60765  -46.347  -23.059  26.588 0.0000000000
61736  -46.857  -22.607  26.126 0.0000000000
62723  -47.238  -21.845  25.694 0.0000000000
62724  -47.996  -21.459  26.089 0.0000000000
62712  -48.536  -21.428  26.868 0.0000000000
45951  -16.420  -35.824  50.020 0.0000000000
47021  -15.598  -35.552  48.287 0.0000000000
47072  -23.667  -34.537  46.732 0.0000000000
121358  -9.650  -25.229  41.000 0.0000000000
121959  -10.069  -25.274  40.063 0.0000000000
57517  -10.958  -25.150  40.182 0.0000000000
124031  -11.559  -26.274  48.216 0.0000000000
51268  -9.743  -32.949  36.743 0.0000000000
51284  -10.044  -33.292  35.979 0.0000000000
50043  -11.424  -33.103  55.130 0.0000000000
50042  -10.627  -33.233  55.225 0.0000000000
43088  -4.935  -39.590  46.848 0.0000000000
44035  -4.980  -38.907  47.449 0.0000000000
44042  -4.717  -39.255  46.618 0.0000000000
44041  -4.541  -38.851  46.215 0.0000000000
44955  -4.461  -38.493  45.807 0.0000000000
52203  -44.022  -30.749  46.114 0.0000000000
51191  -42.845  -30.413  45.693 0.0000000000
52209  -44.382  -30.168  45.892 0.0000000000
53209  -44.418  -29.647  45.531 0.0000000000
53210  -45.556  -30.013  45.443 0.0000000000
54246  -44.412  -29.032  45.093 0.0000000000
54247  -45.643  -28.978  45.390 0.0000000000
47080  -38.183  -34.821  44.501 0.0000000000
50118  -37.514  -32.380  48.076 0.0000000000
48069  -35.842  -34.418  47.090 0.0000000000
47043  -34.578  -34.704  46.204 0.0000000000
47074  -33.699  -34.541  45.101 0.0000000000
128705  -34.295  -34.806  45.256 0.0000000000
71147  -52.834  -11.867  22.115 0.0000000000
72093  -52.593  -11.493  21.344 0.0000000000
72094  -52.912  -10.972  21.899 0.0000000000
73012  -53.148  -10.173  21.590 0.0000000000
73861  -53.518  -9.489  21.277 0.0000000000
73013  -53.510  -9.757  21.909 0.0000000000
60706  -46.002  -23.020  30.150 0.0000000000
61694  -45.008  -22.950  30.006 0.0000000000
62664  -45.479  -21.861  31.749 0.0000000000
62699  -41.467  -21.131  28.394 0.0000000000
62700  -42.040  -21.342  28.644 0.0000000000
61718  -42.557  -21.587  28.094 0.0000000000
61704  -43.352  -22.198  28.259 0.0000000000
49182  -21.684  -32.914  39.744 0.0000000000
56398  -6.566  -26.088  42.821 0.0000000000
121401  -7.882  -26.018  43.268 0.0000000000
53200  -10.391  -30.837  45.878 0.0000000000
53218  -8.861  -31.328  42.989 0.0000000000
51217  -6.760  -32.950  39.477 0.0000000000
126055  -7.360  -32.717  39.601 0.0000000000
51235  -8.254  -32.678  38.564 0.0000000000
50225  -7.329  -33.481  37.378 0.0000000000
122998  -7.070  -34.297  35.900 0.0000000000
45926  -10.106  -36.772  50.989 0.0000000000
45918  -9.954  -36.643  51.767 0.0000000000
44931  -9.690  -37.222  50.492 0.0000000000
44020  -8.724  -37.838  50.015 0.0000000000
141902  -7.237  -39.098  46.981 0.0000000000
43098  -7.460  -38.825  47.738 0.0000000000
125554  -6.804  -39.570  46.412 0.0000000000
43096  -6.272  -39.516  47.014 0.0000000000
42170  -5.812  -40.222  46.365 0.0000000000
58684  -43.116  -25.576  32.932 0.0000000000
59700  -43.460  -24.714  33.820 0.0000000000
59701  -43.657  -24.706  34.471 0.0000000000
54277  -40.434  -28.855  40.294 0.0000000000
122593  -42.323  -26.678  35.903 0.0000000000
55384  -42.447  -26.946  35.011 0.0000000000
55401  -42.355  -26.984  34.208 0.0000000000
56507  -42.376  -27.101  33.405 0.0000000000
56525  -42.417  -27.194  32.537 0.0000000000
56526  -42.781  -26.711  32.897 0.0000000000
57618  -42.967  -26.187  32.653 0.0000000000
50097  -32.991  -33.139  49.402 0.0000000000
50096  -32.174  -32.988  49.583 0.0000000000
50105  -32.388  -33.548  49.069 0.0000000000
49086  -31.619  -34.116  48.156 0.0000000000
137168  -30.752  -34.419  47.639 0.0000000000
49134  -28.805  -33.479  43.987 0.0000000000
49133  -27.680  -33.514  44.144 0.0000000000
49123  -27.269  -33.710  44.946 0.0000000000
49132  -26.635  -33.660  44.263 0.0000000000
49143  -25.462  -33.556  42.909 0.0000000000
77384  -52.366  -5.871  17.042 0.0000000000
57360  -11.087  -26.293  51.859 0.0000000000
58515  -11.233  -25.871  51.254 0.0000000000
53146  -9.446  -30.514  48.791 0.0000000000
53161  -7.343  -30.918  48.665 0.0000000000
122248  -6.908  -31.259  47.274 0.0000000000
121442  -6.890  -31.445  46.338 0.0000000000
121116  -6.311  -31.740  44.838 0.0000000000
52198  -6.322  -31.646  45.674 0.0000000000
51194  -4.715  -32.800  43.970 0.0000000000
68388  -50.834  -14.842  28.452 0.0000000000
68384  -50.913  -15.207  29.192 0.0000000000
64641  -48.033  -18.898  26.024 0.0000000000
65581  -47.905  -18.136  26.100 0.0000000000
66486  -47.806  -17.578  25.709 0.0000000000
67410  -47.950  -16.575  25.894 0.0000000000
67411  -48.297  -15.594  25.437 0.0000000000
67400  -48.499  -15.641  26.425 0.0000000000
45929  -12.871  -35.914  50.258 0.0000000000
45959  -13.001  -36.253  48.270 0.0000000000
44944  -12.624  -36.428  48.674 0.0000000000
44954  -11.992  -36.693  47.725 0.0000000000
44958  -10.964  -37.051  46.956 0.0000000000
44970  -10.969  -36.717  45.308 0.0000000000
143304  -20.058  -33.024  41.482 0.0000000000
48172  -19.912  -33.163  42.371 0.0000000000
126810  -18.978  -33.367  42.336 0.0000000000
48168  -16.284  -34.255  41.710 0.0000000000
48157  -17.120  -33.748  42.529 0.0000000000
48156  -16.182  -34.169  42.690 0.0000000000
48124  -17.011  -34.114  44.608 0.0000000000
48104  -16.298  -34.438  45.300 0.0000000000
47067  -15.688  -34.696  45.941 0.0000000000
133921  -11.208  -36.683  41.830 0.0000000000
58562  -6.348  -25.338  47.339 0.0000000000
126444  -10.530  -25.634  46.129 0.0000000000
57449  -10.491  -25.653  45.147 0.0000000000
57461  -10.112  -25.680  44.390 0.0000000000
53208  -11.677  -30.512  44.685 0.0000000000
53202  -12.498  -30.099  44.980 0.0000000000
53216  -12.298  -30.180  44.100 0.0000000000
54250  -12.867  -29.829  43.490 0.0000000000
53243  -11.959  -30.365  39.653 0.0000000000
53234  -12.105  -30.157  40.398 0.0000000000
54263  -13.451  -29.084  41.176 0.0000000000
55326  -14.068  -28.152  41.591 0.0000000000
55334  -13.941  -28.529  39.752 0.0000000000
54284  -13.575  -29.348  38.461 0.0000000000
46965  -8.447  -36.219  52.974 0.0000000000
48014  -8.709  -35.755  53.372 0.0000000000
46964  -7.721  -36.153  52.806 0.0000000000
48013  -7.181  -35.499  52.925 0.0000000000
46988  -5.315  -35.370  49.917 0.0000000000
48040  -5.467  -34.792  50.687 0.0000000000
145466  -5.297  -34.017  50.855 0.0000000000
49045  -5.424  -33.597  51.408 0.0000000000
133595  -5.421  -33.008  51.823 0.0000000000
51110  -5.674  -32.192  52.509 0.0000000000
123571  -5.453  -32.420  51.918 0.0000000000
51129  -5.330  -32.490  51.294 0.0000000000
52138  -5.293  -32.245  50.994 0.0000000000
53124  -5.290  -31.957  50.577 0.0000000000
52160  -5.044  -32.574  50.300 0.0000000000
52178  -4.716  -32.755  49.606 0.0000000000
51169  -4.396  -32.896  48.827 0.0000000000
48102  -4.457  -35.965  45.254 0.0000000000
122742  -4.393  -35.506  45.793 0.0000000000
47081  -4.471  -36.515  44.831 0.0000000000
48122  -4.465  -35.629  44.669 0.0000000000
49120  -4.401  -34.913  44.334 0.0000000000
49129  -4.333  -34.679  43.421 0.0000000000
145893  -4.507  -35.922  43.377 0.0000000000
127900  -4.490  -36.170  42.676 0.0000000000
47112  -4.461  -36.462  41.942 0.0000000000
40293  -3.213  -43.544  41.743 0.0000000000
41314  -3.282  -42.726  41.325 0.0000000000
41331  -3.259  -42.219  40.592 0.0000000000
43212  -3.764  -40.029  39.593 0.0000000000
48153  -39.017  -33.736  43.895 0.0000000000
48138  -39.724  -33.313  44.110 0.0000000000
49127  -40.344  -32.899  44.240 0.0000000000
49119  -40.932  -32.310  44.526 0.0000000000
50148  -42.216  -31.200  45.807 0.0000000000
50140  -42.772  -31.671  46.870 0.0000000000
50141  -43.580  -32.344  46.792 0.0000000000
51185  -43.851  -31.725  46.486 0.0000000000
51187  -45.264  -31.918  45.962 0.0000000000
53194  -46.196  -30.261  46.215 0.0000000000
48098  -36.603  -35.018  45.926 0.0000000000
48099  -37.257  -34.926  45.765 0.0000000000
48100  -37.894  -34.646  45.528 0.0000000000
48119  -38.038  -34.773  45.007 0.0000000000
50137  -40.221  -32.380  46.404 0.0000000000
49110  -39.288  -33.481  45.709 0.0000000000
48120  -38.672  -34.317  44.811 0.0000000000
48137  -39.204  -33.789  44.228 0.0000000000
50109  -38.687  -31.662  49.884 0.0000000000
49068  -39.627  -32.618  50.367 0.0000000000
51164  -39.190  -30.577  48.830 0.0000000000
122981  -38.491  -30.808  48.912 0.0000000000
50119  -38.502  -31.438  48.135 0.0000000000
49100  -37.336  -33.795  47.068 0.0000000000
72083  -53.287  -11.063  23.832 0.0000000000
72084  -53.934  -10.536  24.042 0.0000000000
72081  -54.178  -10.820  24.661 0.0000000000
67435  -49.705  -14.682  22.770 0.0000000000
68427  -49.553  -14.810  22.387 0.0000000000
68437  -49.421  -14.813  22.111 0.0000000000
143604  -49.457  -14.218  21.840 0.0000000000
71144  -51.047  -12.953  20.997 0.0000000000
71145  -51.801  -12.697  21.170 0.0000000000
70198  -52.800  -13.645  22.353 0.0000000000
71139  -52.881  -12.810  22.196 0.0000000000
71141  -52.889  -11.655  23.514 0.0000000000
62688  -42.425  -21.831  29.990 0.0000000000
62673  -42.795  -21.868  30.768 0.0000000000
63633  -41.987  -21.173  32.120 0.0000000000
57671  -40.400  -26.294  29.111 0.0000000000
58768  -39.326  -25.262  27.675 0.0000000000
59739  -39.180  -24.436  27.578 0.0000000000
59740  -39.743  -24.268  28.044 0.0000000000
60711  -40.582  -23.327  29.344 0.0000000000
62685  -41.115  -21.588  28.941 0.0000000000
62686  -41.664  -21.509  29.305 0.0000000000
125977  -41.961  -21.637  29.846 0.0000000000
143237  -5.301  -24.860  44.978 0.0000000000
52213  -7.645  -31.537  44.053 0.0000000000
52233  -6.730  -32.621  41.014 0.0000000000
51208  -6.143  -32.913  40.406 0.0000000000
142540  -6.466  -32.886  39.888 0.0000000000
49216  -5.950  -34.467  37.546 0.0000000000
123457  -6.024  -35.313  35.931 0.0000000000
49231  -5.805  -35.039  36.968 0.0000000000
145832  -5.663  -35.417  36.486 0.0000000000
48231  -5.220  -36.044  36.232 0.0000000000
47218  -5.070  -36.889  35.101 0.0000000000
44040  -9.627  -38.015  48.812 0.0000000000
44044  -8.754  -38.302  47.689 0.0000000000
44056  -8.014  -38.934  45.535 0.0000000000
44048  -7.996  -38.901  46.328 0.0000000000
43104  -7.374  -39.275  46.410 0.0000000000
57585  -44.073  -25.139  36.502 0.0000000000
58657  -44.195  -24.496  36.746 0.0000000000
58658  -44.498  -24.081  37.591 0.0000000000
52241  -41.467  -30.415  42.058 0.0000000000
53238  -41.884  -29.707  41.673 0.0000000000
54268  -41.606  -29.152  41.096 0.0000000000
54271  -43.357  -28.312  41.692 0.0000000000
54279  -42.059  -28.407  40.828 0.0000000000
54278  -41.371  -28.431  40.397 0.0000000000
55338  -41.529  -27.712  39.682 0.0000000000
55348  -41.299  -27.254  38.851 0.0000000000
55359  -41.371  -26.660  37.661 0.0000000000
123880  -41.674  -26.509  37.307 0.0000000000
140181  -42.053  -26.451  36.657 0.0000000000
144648  -42.482  -26.243  38.941 0.0000000000
56448  -42.709  -25.923  38.156 0.0000000000
55362  -42.341  -26.196  37.063 0.0000000000
56461  -42.750  -26.329  36.242 0.0000000000
49073  -29.221  -33.650  48.733 0.0000000000
48094  -31.901  -34.220  46.344 0.0000000000
140016  -31.327  -33.922  45.194 0.0000000000
48134  -30.767  -33.922  44.777 0.0000000000
49135  -29.838  -33.669  43.739 0.0000000000
145781  -30.320  -33.677  43.003 0.0000000000
49146  -29.403  -33.382  43.096 0.0000000000
50169  -27.513  -32.693  41.924 0.0000000000
76499  -52.326  -6.556  18.293 0.0000000000
76500  -53.349  -6.711  18.448 0.0000000000
76510  -52.857  -6.137  17.752 0.0000000000
77385  -53.281  -5.802  17.058 0.0000000000
77391  -53.660  -5.539  16.318 0.0000000000
142693  -54.870  -5.835  16.666 0.0000000000
76501  -55.859  -6.280  18.486 0.0000000000
56283  -9.684  -27.782  52.337 0.0000000000
126532  -9.746  -29.021  51.137 0.0000000000
144628  -9.158  -29.565  50.762 0.0000000000
54191  -8.152  -30.168  50.020 0.0000000000
53160  -6.607  -31.148  48.856 0.0000000000
66478  -48.754  -17.821  28.171 0.0000000000
66469  -49.578  -17.198  29.397 0.0000000000
139992  -49.152  -17.790  28.879 0.0000000000
63654  -50.131  -19.979  29.087 0.0000000000
60784  -44.782  -23.194  25.496 0.0000000000
60806  -44.504  -23.151  24.747 0.0000000000
63697  -46.137  -20.905  23.779 0.0000000000
63687  -46.999  -20.575  24.781 0.0000000000
63676  -47.512  -20.167  25.276 0.0000000000
138890  -47.954  -20.632  25.750 0.0000000000
124476  -48.130  -19.852  25.977 0.0000000000
45931  -15.095  -35.581  50.444 0.0000000000
141226  -14.496  -35.802  49.872 0.0000000000
122092  -13.401  -36.119  48.900 0.0000000000
47129  -17.283  -34.722  39.285 0.0000000000
47128  -16.561  -34.877  39.741 0.0000000000
47116  -16.425  -34.503  40.709 0.0000000000
47115  -15.575  -34.852  41.044 0.0000000000
47114  -14.820  -35.189  41.385 0.0000000000
47105  -14.645  -35.126  42.248 0.0000000000
47113  -14.200  -35.472  41.742 0.0000000000
143040  -13.984  -35.627  41.374 0.0000000000
58544  -7.530  -25.060  48.393 0.0000000000
58528  -7.032  -24.812  48.314 0.0000000000
134407  -8.602  -25.428  47.597 0.0000000000
129592  -10.203  -25.530  46.855 0.0000000000
135210  -12.161  -26.127  45.931 0.0000000000
139326  -12.876  -26.423  45.596 0.0000000000
53232  -10.696  -30.925  40.684 0.0000000000
53241  -10.768  -31.002  39.851 0.0000000000
52247  -10.974  -31.141  39.071 0.0000000000
52257  -11.942  -30.896  37.912 0.0000000000
52272  -12.210  -31.183  37.113 0.0000000000
52108  -11.790  -31.493  56.036 0.0000000000
53084  -11.319  -30.688  56.625 0.0000000000
52106  -9.823  -31.144  56.272 0.0000000000
52118  -9.253  -31.713  55.867 0.0000000000
44934  -6.449  -37.891  49.665 0.0000000000
121104  -6.024  -37.305  50.005 0.0000000000
45937  -5.523  -36.954  49.559 0.0000000000
44940  -4.950  -37.724  48.456 0.0000000000
45936  -5.143  -36.563  49.068 0.0000000000
47001  -5.093  -35.704  49.238 0.0000000000
48051  -4.715  -35.483  48.783 0.0000000000
49070  -4.631  -34.665  49.114 0.0000000000
49085  -4.300  -34.388  48.658 0.0000000000
48059  -4.449  -35.610  48.236 0.0000000000
48070  -4.465  -35.717  47.438 0.0000000000
48085  -4.495  -36.064  46.484 0.0000000000
45976  -4.476  -37.677  46.078 0.0000000000
138879  -4.465  -37.433  45.673 0.0000000000
47064  -4.482  -36.838  45.407 0.0000000000
129928  -4.460  -37.265  44.888 0.0000000000
129883  -4.424  -38.326  43.824 0.0000000000
52229  -41.010  -31.072  42.503 0.0000000000
49137  -40.265  -32.988  44.043 0.0000000000
50161  -40.526  -31.991  43.397 0.0000000000
51196  -42.148  -31.119  43.812 0.0000000000
50162  -41.192  -31.556  43.484 0.0000000000
51201  -41.464  -31.266  43.263 0.0000000000
51206  -41.301  -31.226  42.957 0.0000000000
52230  -41.731  -30.688  42.660 0.0000000000
53227  -42.173  -30.068  42.269 0.0000000000
53229  -43.682  -29.463  42.603 0.0000000000
53230  -44.384  -29.057  42.376 0.0000000000
54253  -44.819  -28.376  44.533 0.0000000000
54259  -44.731  -29.010  42.983 0.0000000000
55325  -45.410  -27.894  42.675 0.0000000000
51154  -33.817  -31.919  50.219 0.0000000000
126048  -33.640  -33.293  49.207 0.0000000000
49088  -33.243  -34.068  48.115 0.0000000000
132170  -35.831  -31.796  49.528 0.0000000000
51162  -36.665  -31.522  49.241 0.0000000000
50108  -35.998  -32.501  48.999 0.0000000000
50107  -35.269  -32.794  49.144 0.0000000000
50115  -34.748  -33.446  48.760 0.0000000000
124445  -33.995  -34.256  47.940 0.0000000000
48078  -33.079  -34.321  46.866 0.0000000000
48095  -32.942  -34.360  46.348 0.0000000000
48135  -32.221  -33.908  44.539 0.0000000000
136644  -32.101  -34.050  43.691 0.0000000000
47096  -32.912  -34.246  43.628 0.0000000000
48152  -31.850  -34.229  42.951 0.0000000000
73030  -51.037  -9.957  19.985 0.0000000000
74703  -52.731  -8.496  19.797 0.0000000000
74691  -53.797  -8.626  20.393 0.0000000000
73868  -53.426  -9.219  20.733 0.0000000000
74692  -54.506  -8.208  20.613 0.0000000000
61706  -48.468  -22.746  28.936 0.0000000000
60729  -47.780  -23.263  28.766 0.0000000000
60708  -47.598  -23.048  30.233 0.0000000000
61679  -46.389  -22.697  30.774 0.0000000000
60764  -44.349  -23.062  26.939 0.0000000000
60743  -43.914  -22.639  27.559 0.0000000000
60744  -44.510  -23.032  27.701 0.0000000000
121508  -45.058  -23.167  27.333 0.0000000000
48163  -22.599  -33.526  43.495 0.0000000000
49164  -21.243  -32.894  40.319 0.0000000000
49163  -20.665  -32.893  40.979 0.0000000000
48184  -19.704  -33.301  40.416 0.0000000000
48194  -18.615  -34.286  39.009 0.0000000000
47144  -17.866  -34.682  38.774 0.0000000000
56412  -7.298  -25.715  41.991 0.0000000000
121527  -11.285  -24.943  41.259 0.0000000000
55269  -12.372  -28.901  48.808 0.0000000000
55278  -12.711  -28.433  48.241 0.0000000000
54234  -12.232  -30.139  46.439 0.0000000000
53201  -11.913  -30.430  45.549 0.0000000000
52221  -8.925  -31.453  42.181 0.0000000000
52227  -8.534  -31.778  41.537 0.0000000000
53224  -9.980  -31.064  41.817 0.0000000000
53231  -9.992  -31.244  41.099 0.0000000000
51236  -9.126  -32.444  38.331 0.0000000000
51251  -8.559  -32.866  37.743 0.0000000000
51267  -8.876  -33.130  36.951 0.0000000000
46967  -9.994  -35.971  53.097 0.0000000000
45917  -9.276  -36.788  51.829 0.0000000000
46978  -8.909  -36.604  52.467 0.0000000000
45915  -8.073  -37.160  51.837 0.0000000000
145663  -7.996  -37.455  51.291 0.0000000000
44927  -7.188  -37.740  50.200 0.0000000000
44033  -8.975  -38.167  49.208 0.0000000000
126261  -8.690  -38.105  49.585 0.0000000000
43093  -7.761  -38.570  48.627 0.0000000000
43087  -7.977  -38.518  49.077 0.0000000000
44024  -7.803  -38.283  49.532 0.0000000000
44018  -7.584  -38.101  49.868 0.0000000000
44935  -6.881  -37.975  49.688 0.0000000000
44037  -5.970  -38.949  48.283 0.0000000000
43095  -5.886  -39.699  46.922 0.0000000000
135490  -5.535  -39.756  46.881 0.0000000000
43089  -5.336  -39.421  47.222 0.0000000000
42178  -4.677  -40.616  45.658 0.0000000000
137283  -4.607  -40.989  45.282 0.0000000000
60695  -41.941  -23.856  31.848 0.0000000000
60683  -41.507  -23.037  33.197 0.0000000000
60690  -42.041  -23.696  32.690 0.0000000000
60684  -42.218  -23.522  33.515 0.0000000000
60679  -43.320  -23.733  34.622 0.0000000000
53236  -40.168  -30.513  41.348 0.0000000000
53235  -39.335  -30.682  41.050 0.0000000000
54276  -39.500  -29.331  39.994 0.0000000000
56541  -40.731  -27.476  31.459 0.0000000000
56558  -41.544  -27.243  30.827 0.0000000000
125422  -42.134  -27.375  31.910 0.0000000000
56559  -42.319  -26.937  30.885 0.0000000000
57654  -42.293  -26.384  30.711 0.0000000000
58713  -42.253  -25.735  30.677 0.0000000000
59710  -42.389  -24.677  31.433 0.0000000000
47041  -25.732  -34.793  48.320 0.0000000000
137709  -25.336  -34.832  47.807 0.0000000000
48089  -24.537  -34.485  46.802 0.0000000000
121402  -23.659  -33.969  45.351 0.0000000000
120950  -23.928  -33.928  44.566 0.0000000000
50095  -31.275  -32.881  49.717 0.0000000000
48077  -31.246  -34.420  47.086 0.0000000000
48093  -30.843  -34.475  46.663 0.0000000000
48076  -30.460  -34.482  47.316 0.0000000000
141540  -29.411  -34.186  45.627 0.0000000000
48116  -29.405  -34.230  46.230 0.0000000000
48075  -29.716  -34.312  47.494 0.0000000000
48074  -28.823  -33.998  47.548 0.0000000000
120717  -26.627  -34.089  46.482 0.0000000000
49122  -26.261  -33.843  45.126 0.0000000000
49121  -25.291  -34.003  45.217 0.0000000000
123183  -22.917  -33.046  41.063 0.0000000000
49166  -23.727  -33.296  41.234 0.0000000000
77402  -54.330  -5.647  14.732 0.0000000000
77404  -56.288  -5.249  14.690 0.0000000000
75653  -57.113  -6.109  12.898 0.0000000000
58530  -9.068  -24.929  49.233 0.0000000000
56312  -12.045  -27.602  49.418 0.0000000000
143528  -11.438  -26.190  50.175 0.0000000000
123439  -11.279  -29.879  49.162 0.0000000000
53164  -11.093  -30.268  48.465 0.0000000000
53179  -10.842  -30.562  47.621 0.0000000000
53190  -9.697  -30.864  46.469 0.0000000000
138984  -8.493  -30.908  47.631 0.0000000000
53198  -8.168  -31.266  45.508 0.0000000000
52212  -6.443  -31.957  43.381 0.0000000000
123327  -5.987  -31.945  43.997 0.0000000000
52217  -5.785  -32.329  43.124 0.0000000000
50174  -4.373  -33.922  41.035 0.0000000000
69280  -52.935  -13.371  26.424 0.0000000000
68397  -52.259  -13.549  26.838 0.0000000000
61696  -49.242  -22.089  29.210 0.0000000000
61651  -41.203  -22.311  33.555 0.0000000000
64667  -46.565  -19.635  23.265 0.0000000000
64658  -47.370  -18.913  24.567 0.0000000000
65606  -46.871  -19.023  23.069 0.0000000000
65607  -47.397  -18.434  23.174 0.0000000000
66521  -47.871  -17.874  22.759 0.0000000000
67412  -48.896  -14.841  25.078 0.0000000000
68407  -49.817  -14.398  24.799 0.0000000000
140583  -10.576  -36.474  51.397 0.0000000000
45927  -10.918  -36.587  50.713 0.0000000000
45939  -12.194  -36.419  49.868 0.0000000000
44946  -10.211  -37.781  48.470 0.0000000000
129157  -10.078  -37.823  47.564 0.0000000000
44957  -10.123  -37.557  46.852 0.0000000000
44961  -9.240  -37.783  45.685 0.0000000000
44979  -8.832  -37.799  43.836 0.0000000000
48147  -21.825  -33.600  44.058 0.0000000000
48128  -21.309  -34.040  44.850 0.0000000000
48160  -20.533  -33.403  43.072 0.0000000000
48146  -21.073  -33.678  44.139 0.0000000000
47068  -20.180  -35.124  45.974 0.0000000000
48143  -18.086  -33.594  43.399 0.0000000000
137919  -19.541  -34.782  45.384 0.0000000000
47050  -18.860  -35.610  46.942 0.0000000000
121652  -18.328  -36.060  48.287 0.0000000000
47047  -15.199  -35.179  46.707 0.0000000000
47030  -14.458  -35.673  47.114 0.0000000000
45979  -13.735  -35.989  46.744 0.0000000000
45978  -13.104  -36.275  46.540 0.0000000000
47094  -13.915  -35.626  43.341 0.0000000000
47093  -13.285  -35.955  43.571 0.0000000000
46016  -13.155  -35.992  42.754 0.0000000000
47082  -13.176  -35.986  44.388 0.0000000000
45991  -12.783  -36.181  44.917 0.0000000000
45982  -12.300  -36.440  45.504 0.0000000000
45981  -11.734  -36.570  45.199 0.0000000000
45999  -10.580  -36.805  43.224 0.0000000000
58573  -5.380  -24.673  45.650 0.0000000000
56354  -6.219  -26.057  45.186 0.0000000000
57399  -7.268  -25.420  47.733 0.0000000000
57398  -6.755  -25.410  47.498 0.0000000000
57417  -6.540  -25.558  46.993 0.0000000000
125409  -6.730  -25.700  46.488 0.0000000000
57434  -6.494  -25.828  45.893 0.0000000000
56355  -6.647  -26.048  45.256 0.0000000000
123967  -6.924  -26.076  44.634 0.0000000000
142944  -7.192  -26.017  44.138 0.0000000000
144604  -9.107  -25.862  43.351 0.0000000000
139053  -9.776  -25.702  43.277 0.0000000000
128548  -12.999  -28.458  47.502 0.0000000000
129856  -13.101  -29.492  45.368 0.0000000000
55296  -13.436  -28.732  45.792 0.0000000000
55286  -13.460  -27.821  46.072 0.0000000000
56360  -13.533  -27.198  45.498 0.0000000000
54257  -12.588  -29.925  42.592 0.0000000000
54262  -12.842  -29.736  41.723 0.0000000000
145694  -13.111  -29.615  42.339 0.0000000000
141739  -13.989  -28.165  43.916 0.0000000000
57464  -13.569  -26.418  44.231 0.0000000000
57475  -13.793  -26.229  43.356 0.0000000000
57489  -13.977  -26.043  42.497 0.0000000000
122406  -13.251  -25.669  41.900 0.0000000000
58613  -13.433  -25.643  40.978 0.0000000000
58621  -13.967  -25.758  40.413 0.0000000000
57538  -14.467  -26.347  39.843 0.0000000000
56431  -15.000  -27.016  38.781 0.0000000000
55335  -14.497  -27.805  39.288 0.0000000000
55344  -14.754  -27.993  38.466 0.0000000000
55217  -7.034  -29.200  53.518 0.0000000000
49024  -10.537  -34.328  54.231 0.0000000000
50051  -10.154  -33.799  54.824 0.0000000000
127477  -9.294  -33.780  54.884 0.0000000000
48005  -8.673  -35.173  53.811 0.0000000000
49022  -8.776  -34.393  54.346 0.0000000000
50040  -8.968  -33.111  55.313 0.0000000000
51106  -8.153  -32.912  55.148 0.0000000000
51092  -7.876  -32.054  55.280 0.0000000000
45913  -6.675  -36.418  51.307 0.0000000000
48030  -6.788  -35.524  52.396 0.0000000000
48012  -6.627  -34.807  52.745 0.0000000000
48028  -5.956  -34.842  51.699 0.0000000000
49047  -6.206  -34.556  52.297 0.0000000000
49035  -6.743  -34.175  53.153 0.0000000000
137974  -7.000  -33.291  54.099 0.0000000000
52124  -7.171  -31.727  54.814 0.0000000000
52115  -7.001  -30.740  54.712 0.0000000000
53096  -6.442  -30.442  54.080 0.0000000000
52127  -5.985  -31.741  52.974 0.0000000000
130755  -6.602  -29.757  53.882 0.0000000000
54149  -6.893  -29.339  53.798 0.0000000000
54157  -6.674  -29.592  52.943 0.0000000000
54164  -6.545  -29.990  52.164 0.0000000000
53125  -6.033  -31.099  50.358 0.0000000000
127207  -5.738  -31.440  50.920 0.0000000000
120810  -6.062  -31.268  49.457 0.0000000000
52190  -5.481  -31.727  48.098 0.0000000000
52196  -5.083  -32.037  46.820 0.0000000000
50114  -4.041  -34.183  47.835 0.0000000000
50126  -4.000  -33.787  47.059 0.0000000000
51174  -4.322  -33.038  47.007 0.0000000000
51183  -4.670  -32.562  45.481 0.0000000000
51189  -4.490  -32.786  44.776 0.0000000000
51193  -4.273  -33.353  43.658 0.0000000000
50152  -4.248  -34.320  42.996 0.0000000000
50153  -4.140  -33.910  43.388 0.0000000000
50157  -4.176  -33.890  42.611 0.0000000000
50164  -4.195  -33.913  41.832 0.0000000000
49162  -4.206  -34.428  41.003 0.0000000000
48181  -4.268  -34.890  40.320 0.0000000000
41224  -4.607  -41.510  44.965 0.0000000000
41223  -4.443  -41.546  44.522 0.0000000000
139224  -3.634  -43.968  42.349 0.0000000000
41245  -4.332  -41.912  44.051 0.0000000000
136221  -4.316  -41.212  44.097 0.0000000000
43128  -4.316  -40.367  44.159 0.0000000000
138482  -4.282  -40.211  43.689 0.0000000000
131323  -3.821  -41.755  42.433 0.0000000000
139135  -4.089  -41.094  42.898 0.0000000000
43143  -4.208  -40.431  42.974 0.0000000000
44084  -4.316  -39.727  43.455 0.0000000000
124179  -4.241  -39.743  42.661 0.0000000000
44990  -4.318  -38.949  42.303 0.0000000000
137153  -4.449  -38.193  42.264 0.0000000000
45009  -4.366  -38.339  41.673 0.0000000000
46051  -4.360  -37.699  41.092 0.0000000000
44141  -3.856  -39.242  39.299 0.0000000000
46074  -4.219  -37.941  40.392 0.0000000000
47139  -4.317  -37.059  40.361 0.0000000000
139156  -4.277  -36.319  39.966 0.0000000000
48192  -4.266  -35.979  39.312 0.0000000000
47158  -4.335  -36.437  38.465 0.0000000000
45100  -4.156  -38.394  35.368 0.0000000000
39326  -2.591  -44.828  40.501 0.0000000000
43084  -6.321  -38.966  48.273 0.0000000000
43086  -7.281  -38.619  48.662 0.0000000000
43101  -4.491  -40.432  45.243 0.0000000000
44027  -9.571  -37.763  49.594 0.0000000000
44127  -3.965  -39.547  40.996 0.0000000000
44193  -4.066  -39.663  35.374 0.0000000000
44928  -8.124  -37.708  50.799 0.0000000000
44941  -5.403  -38.070  48.792 0.0000000000
44951  -4.715  -38.438  47.013 0.0000000000
45045  -4.008  -38.560  39.887 0.0000000000
45924  -7.654  -37.539  50.839 0.0000000000
45997  -36.772  -35.506  44.347 0.0000000000
45998  -4.498  -37.595  43.250 0.0000000000
46963  -7.182  -36.022  52.535 0.0000000000
46974  -6.405  -35.649  51.729 0.0000000000
47002  -5.407  -36.156  49.731 0.0000000000
47012  -4.816  -36.252  48.705 0.0000000000
47019  -4.471  -36.254  47.912 0.0000000000
47059  -34.438  -34.796  45.752 0.0000000000
47060  -35.760  -35.162  45.753 0.0000000000
47061  -36.277  -35.336  45.649 0.0000000000
47088  -37.298  -35.377  44.465 0.0000000000
47089  -37.818  -35.263  44.142 0.0000000000
48050  -4.477  -35.048  48.569 0.0000000000
48058  -41.209  -33.104  49.383 0.0000000000
48064  -29.255  -34.058  48.032 0.0000000000
48068  -35.198  -34.544  47.041 0.0000000000
48073  -27.653  -34.013  47.601 0.0000000000
48080  -34.898  -34.667  46.657 0.0000000000
48081  -35.540  -34.726  46.513 0.0000000000
48083  -37.101  -34.407  46.425 0.0000000000
48096  -33.579  -34.490  46.313 0.0000000000
48097  -35.946  -35.024  46.029 0.0000000000
48101  -38.585  -34.221  45.281 0.0000000000
48121  -39.313  -33.847  44.614 0.0000000000
48132  -28.915  -33.940  45.256 0.0000000000
48139  -4.470  -35.408  43.810 0.0000000000
48167  -4.281  -34.984  41.885 0.0000000000
49046  -5.824  -34.103  51.977 0.0000000000
49069  -40.726  -32.659  50.086 0.0000000000
49076  -32.613  -33.854  48.555 0.0000000000
49080  -39.512  -32.801  50.062 0.0000000000
49082  -41.200  -32.989  49.722 0.0000000000
49091  -36.169  -33.798  47.761 0.0000000000
49093  -40.523  -32.131  49.047 0.0000000000
49094  -40.821  -33.131  48.857 0.0000000000
49097  -43.139  -33.160  48.169 0.0000000000
49104  -42.107  -33.011  48.216 0.0000000000
49106  -43.733  -33.135  47.729 0.0000000000
49107  -43.802  -33.185  46.892 0.0000000000
49153  -25.018  -33.418  42.177 0.0000000000
49215  -5.459  -34.817  37.758 0.0000000000
50060  -5.893  -33.158  52.661 0.0000000000
50098  -38.014  -32.017  51.002 0.0000000000
50101  -41.043  -31.974  50.109 0.0000000000
50113  -42.108  -32.401  49.069 0.0000000000
50121  -40.555  -30.839  47.906 0.0000000000
50142  -44.615  -32.590  46.873 0.0000000000
50143  -44.896  -32.324  46.784 0.0000000000
50144  -4.061  -34.382  45.090 0.0000000000
50149  -4.232  -34.437  43.953 0.0000000000
50160  -27.782  -32.890  42.718 0.0000000000
50163  -4.187  -34.447  41.711 0.0000000000
50165  -4.532  -33.461  41.629 0.0000000000
50170  -28.518  -32.867  42.041 0.0000000000
51118  -5.271  -33.020  51.162 0.0000000000
51165  -39.823  -30.599  48.445 0.0000000000
51170  -37.569  -31.451  48.762 0.0000000000
51173  -43.580  -32.277  48.240 0.0000000000
51175  -4.770  -32.509  47.208 0.0000000000
51177  -44.143  -31.900  48.090 0.0000000000
51186  -44.602  -31.789  46.272 0.0000000000
51190  -42.252  -30.982  44.558 0.0000000000
51192  -45.324  -31.374  45.768 0.0000000000
51200  -40.930  -31.611  43.189 0.0000000000
51202  -42.559  -30.687  43.559 0.0000000000
52185  -39.393  -30.637  48.380 0.0000000000
52187  -42.947  -31.460  49.139 0.0000000000
52195  -44.623  -31.389  47.507 0.0000000000
52199  -45.199  -31.241  46.360 0.0000000000
52200  -46.047  -31.241  45.907 0.0000000000
52205  -4.985  -32.393  44.695 0.0000000000
52214  -7.977  -31.538  43.145 0.0000000000
52222  -41.869  -30.847  43.128 0.0000000000
52242  -6.949  -32.676  40.170 0.0000000000
53110  -5.599  -31.695  51.356 0.0000000000
53188  -6.292  -31.475  47.107 0.0000000000
53203  -46.177  -30.443  45.767 0.0000000000
53222  -43.543  -29.904  43.155 0.0000000000
54248  -47.203  -29.400  45.267 0.0000000000
54260  -45.244  -28.220  43.727 0.0000000000
54265  -44.417  -28.620  41.947 0.0000000000
54280  -42.771  -27.996  41.225 0.0000000000
54281  -42.998  -27.743  41.177 0.0000000000
55308  -13.843  -28.298  44.667 0.0000000000
55333  -43.989  -27.724  41.474 0.0000000000
55340  -42.610  -27.444  40.441 0.0000000000
55400  -42.087  -27.200  34.640 0.0000000000
55413  -41.969  -27.372  34.062 0.0000000000
56285  -11.328  -26.524  51.223 0.0000000000
56344  -6.951  -25.799  45.891 0.0000000000
56369  -5.994  -26.108  44.329 0.0000000000
56370  -6.397  -26.147  44.520 0.0000000000
56381  -6.177  -26.180  43.665 0.0000000000
56382  -7.769  -25.948  43.972 0.0000000000
56410  -6.212  -26.024  42.282 0.0000000000
56426  -44.364  -26.377  40.749 0.0000000000
56433  -42.828  -26.132  39.314 0.0000000000
56543  -42.601  -26.970  31.616 0.0000000000
56585  -39.831  -26.605  29.080 0.0000000000
57416  -6.180  -25.513  46.849 0.0000000000
57418  -7.201  -25.821  47.000 0.0000000000
57471  -5.385  -25.726  43.173 0.0000000000
57485  -8.572  -25.945  43.027 0.0000000000
57553  -44.619  -25.214  39.320 0.0000000000
57563  -44.133  -25.024  37.928 0.0000000000
57574  -44.514  -24.519  37.944 0.0000000000
57593  -43.572  -25.644  34.925 0.0000000000
57602  -43.210  -25.599  33.968 0.0000000000
57619  -43.091  -25.766  33.190 0.0000000000
57636  -42.644  -26.563  31.157 0.0000000000
58542  -6.062  -24.752  47.716 0.0000000000
58574  -5.588  -25.179  46.243 0.0000000000
58590  -5.200  -24.723  44.315 0.0000000000
58696  -42.602  -25.463  31.211 0.0000000000
59532  -5.858  -24.050  47.337 0.0000000000
59706  -43.285  -25.111  33.083 0.0000000000
60678  -42.566  -23.250  34.273 0.0000000000
60686  -43.523  -24.328  34.151 0.0000000000
60689  -41.461  -23.198  32.390 0.0000000000
60693  -41.141  -22.835  31.226 0.0000000000
60785  -45.501  -23.134  25.643 0.0000000000
61695  -48.625  -22.653  29.830 0.0000000000
62698  -40.815  -21.049  28.214 0.0000000000
69293  -52.457  -13.934  24.014 0.0000000000
69316  -50.126  -14.233  21.824 0.0000000000
70189  -52.768  -12.989  23.915 0.0000000000
71132  -53.044  -12.147  24.455 0.0000000000
75624  -52.666  -7.195  18.924 0.0000000000
76522  -55.986  -5.792  16.917 0.0000000000
76549  -55.292  -6.438  13.193 0.0000000000
77397  -55.831  -5.236  15.487 0.0000000000
121254  -42.201  -26.402  38.517 0.0000000000
122293  -7.001  -25.220  47.963 0.0000000000
122450  -4.948  -34.970  49.366 0.0000000000
122825  -44.108  -25.815  39.973 0.0000000000
122923  -4.118  -39.141  34.821 0.0000000000
123357  -4.592  -33.871  40.365 0.0000000000
124027  -41.647  -26.852  38.371 0.0000000000
124760  -32.138  -34.267  46.933 0.0000000000
124776  -6.427  -25.665  46.461 0.0000000000
124881  -34.322  -34.537  46.798 0.0000000000
125401  -47.072  -30.062  45.534 0.0000000000
125640  -3.987  -34.296  46.284 0.0000000000
126860  -39.912  -26.148  28.502 0.0000000000
127165  -48.611  -20.014  26.667 0.0000000000
128456  -4.440  -38.127  45.499 0.0000000000
129474  -6.153  -30.484  52.910 0.0000000000
129611  -13.277  -29.443  42.884 0.0000000000
130078  -48.556  -17.010  27.866 0.0000000000
131710  -4.277  -35.631  40.064 0.0000000000
131822  -5.629  -32.748  52.350 0.0000000000
131994  -42.354  -31.361  49.180 0.0000000000
132545  -43.432  -22.320  29.084 0.0000000000
133430  -31.936  -33.853  48.672 0.0000000000
137125  -5.254  -24.277  44.966 0.0000000000
137160  -5.534  -25.344  45.423 0.0000000000
137875  -4.312  -33.494  42.966 0.0000000000
138019  -42.061  -31.232  44.829 0.0000000000
138251  -43.587  -24.408  34.466 0.0000000000
139019  -43.885  -25.194  37.225 0.0000000000
139215  -30.135  -34.465  46.952 0.0000000000
139299  -3.852  -33.461  45.641 0.0000000000
139336  -6.602  -37.385  50.250 0.0000000000
141409  -7.882  -31.938  41.872 0.0000000000
141861  -11.755  -30.375  40.754 0.0000000000
142215  -5.807  -35.591  35.091 0.0000000000
142311  -5.141  -35.159  49.561 0.0000000000
142392  -7.003  -33.952  53.632 0.0000000000
143115  -44.227  -24.841  36.200 0.0000000000
143369  -5.534  -32.760  41.921 0.0000000000
143633  -8.797  -25.567  45.525 0.0000000000
145012  -47.690  -17.779  25.196 0.0000000000
145236  -50.739  -14.338  21.890 0.0000000000
145322  -44.345  -32.397  47.393 0.0000000000
145450  -42.491  -28.318  41.211 0.0000000000
