#!ascii label  , from subject sub-v1s0x0050642_ses-1 vox2ras=TkReg
1045
48309  -40.885  -35.827  32.720 0.0000000000
47294  -22.336  -36.545  31.080 0.0000000000
46246  -30.561  -37.415  30.980 0.0000000000
132182  -44.497  -10.560  16.311 0.0000000000
73926  -51.838  -10.215  10.480 0.0000000000
128039  -14.064  -37.097  36.416 0.0000000000
68465  -44.336  -16.005  18.671 0.0000000000
51307  -40.573  -31.893  33.606 0.0000000000
136569  -36.121  -38.355  31.919 0.0000000000
140871  -17.804  -36.895  33.827 0.0000000000
43279  -16.410  -40.987  35.797 0.0000000000
48327  -37.714  -35.348  30.869 0.0000000000
51318  -36.479  -32.429  32.215 0.0000000000
50289  -26.514  -33.520  31.703 0.0000000000
48307  -33.857  -35.770  31.122 0.0000000000
142696  -40.553  -22.518  18.026 0.0000000000
63817  -45.808  -20.210  14.813 0.0000000000
121569  -47.776  -14.727  16.338 0.0000000000
41364  -8.561  -42.248  36.829 0.0000000000
39337  -6.540  -45.040  39.360 0.0000000000
54356  -36.111  -29.401  30.439 0.0000000000
54451  -34.613  -29.382  24.877 0.0000000000
145496  -37.042  -24.517  22.154 0.0000000000
42345  -11.958  -41.023  35.193 0.0000000000
45141  -22.175  -38.537  33.097 0.0000000000
47262  -23.939  -37.019  32.892 0.0000000000
46234  -38.479  -37.585  31.811 0.0000000000
48284  -21.140  -34.281  33.687 0.0000000000
47274  -19.717  -37.015  32.281 0.0000000000
44242  -19.157  -39.317  32.987 0.0000000000
47270  -37.398  -36.162  33.707 0.0000000000
47300  -36.450  -35.828  30.992 0.0000000000
64742  -40.401  -19.707  17.463 0.0000000000
62854  -43.008  -21.640  15.634 0.0000000000
64757  -42.926  -19.246  15.744 0.0000000000
120764  -45.532  -15.626  16.675 0.0000000000
120992  -44.639  -12.667  16.518 0.0000000000
71210  -47.690  -12.329  16.277 0.0000000000
72180  -45.547  -11.549  14.319 0.0000000000
72207  -47.127  -11.931  12.497 0.0000000000
53301  -35.279  -30.223  34.970 0.0000000000
53331  -36.003  -30.781  31.574 0.0000000000
55423  -34.280  -28.995  32.874 0.0000000000
124204  -32.067  -28.350  26.054 0.0000000000
58828  -32.729  -25.788  23.528 0.0000000000
56667  -36.016  -27.110  22.780 0.0000000000
61777  -34.029  -23.035  22.793 0.0000000000
62801  -36.175  -20.922  20.775 0.0000000000
48303  -28.353  -35.579  31.320 0.0000000000
45086  -10.522  -38.438  36.271 0.0000000000
45102  -12.390  -38.507  34.959 0.0000000000
144076  -7.128  -48.334  39.726 0.0000000000
34260  -5.580  -49.775  40.341 0.0000000000
65659  -43.679  -17.543  18.199 0.0000000000
53335  -40.429  -30.499  33.073 0.0000000000
45164  -33.613  -38.497  32.069 0.0000000000
128081  -16.010  -37.160  35.066 0.0000000000
44237  -15.073  -38.940  33.598 0.0000000000
44240  -17.455  -39.327  33.086 0.0000000000
130279  -54.135  -10.827  8.929 0.0000000000
48346  -38.821  -35.760  30.922 0.0000000000
50309  -38.841  -33.883  31.142 0.0000000000
50278  -37.373  -33.752  32.663 0.0000000000
50286  -22.722  -33.558  31.705 0.0000000000
49294  -24.358  -34.486  31.188 0.0000000000
52353  -25.162  -31.697  30.844 0.0000000000
50322  -28.279  -32.772  30.912 0.0000000000
49315  -29.861  -34.936  30.179 0.0000000000
48305  -31.401  -35.270  32.173 0.0000000000
47315  -32.355  -35.793  29.931 0.0000000000
46267  -35.116  -36.408  29.830 0.0000000000
46269  -36.951  -36.439  30.089 0.0000000000
59833  -41.318  -24.526  20.301 0.0000000000
66575  -45.025  -16.957  15.989 0.0000000000
66576  -47.557  -17.327  15.522 0.0000000000
72219  -49.517  -11.887  11.000 0.0000000000
40336  -7.633  -43.882  37.897 0.0000000000
36168  -8.762  -47.402  39.513 0.0000000000
51332  -38.205  -32.152  31.727 0.0000000000
53348  -37.848  -30.194  31.639 0.0000000000
122595  -38.114  -29.413  29.922 0.0000000000
55440  -33.312  -28.025  30.382 0.0000000000
54384  -35.394  -28.953  28.255 0.0000000000
54387  -38.641  -29.515  28.280 0.0000000000
54439  -38.529  -29.626  25.424 0.0000000000
56651  -38.805  -27.323  23.752 0.0000000000
58862  -39.863  -25.222  22.288 0.0000000000
60852  -38.189  -23.404  20.240 0.0000000000
63769  -38.178  -20.165  18.933 0.0000000000
49251  -26.000  -35.158  34.119 0.0000000000
44161  -8.844  -39.664  37.545 0.0000000000
42333  -10.233  -41.396  35.592 0.0000000000
43298  -14.146  -40.931  34.953 0.0000000000
34258  -3.514  -49.705  40.217 0.0000000000
46227  -22.163  -37.749  31.746 0.0000000000
46200  -22.950  -38.208  33.365 0.0000000000
47277  -23.520  -37.052  31.708 0.0000000000
47286  -39.480  -36.775  32.051 0.0000000000
48299  -21.181  -35.751  32.202 0.0000000000
47276  -20.697  -35.973  32.560 0.0000000000
46242  -21.064  -37.305  31.816 0.0000000000
45159  -20.868  -38.331  32.317 0.0000000000
64730  -41.258  -18.941  17.979 0.0000000000
64756  -42.164  -19.298  16.482 0.0000000000
64745  -42.795  -18.618  16.865 0.0000000000
73034  -43.899  -11.137  17.700 0.0000000000
71198  -43.468  -12.765  17.370 0.0000000000
72147  -43.695  -11.589  16.358 0.0000000000
127370  -44.986  -11.701  15.171 0.0000000000
73048  -44.579  -10.862  15.335 0.0000000000
73053  -45.521  -10.351  14.156 0.0000000000
54325  -34.403  -29.796  33.426 0.0000000000
58813  -32.583  -24.920  24.767 0.0000000000
130353  -33.131  -24.208  23.114 0.0000000000
61767  -33.686  -21.710  23.644 0.0000000000
63721  -34.343  -20.482  22.918 0.0000000000
123273  -29.697  -37.212  31.332 0.0000000000
46229  -28.811  -36.913  32.512 0.0000000000
46231  -30.263  -37.798  32.159 0.0000000000
46147  -12.441  -37.550  36.287 0.0000000000
46172  -13.585  -37.636  35.511 0.0000000000
73088  -51.013  -10.847  9.638 0.0000000000
35189  -6.568  -48.493  39.709 0.0000000000
51308  -40.945  -32.548  33.905 0.0000000000
53317  -40.296  -30.968  33.335 0.0000000000
45166  -35.393  -38.451  31.971 0.0000000000
45149  -35.936  -38.791  32.824 0.0000000000
128052  -18.881  -35.729  34.367 0.0000000000
46177  -17.657  -36.331  34.594 0.0000000000
46151  -16.921  -36.072  36.005 0.0000000000
46198  -17.240  -37.001  34.164 0.0000000000
45123  -16.272  -38.375  33.511 0.0000000000
45137  -17.186  -38.363  33.125 0.0000000000
44222  -20.211  -39.413  34.194 0.0000000000
124497  -18.893  -40.052  34.442 0.0000000000
49316  -38.211  -35.136  30.877 0.0000000000
49300  -38.571  -34.559  31.021 0.0000000000
49299  -38.189  -34.665  31.223 0.0000000000
51314  -23.584  -32.274  33.100 0.0000000000
51340  -23.865  -32.365  31.172 0.0000000000
52333  -24.821  -31.162  32.202 0.0000000000
52337  -28.023  -31.495  31.789 0.0000000000
51330  -29.004  -32.440  31.480 0.0000000000
50324  -29.054  -33.478  30.595 0.0000000000
50292  -29.733  -33.726  31.343 0.0000000000
47281  -33.490  -36.123  32.245 0.0000000000
137979  -32.235  -35.578  31.642 0.0000000000
48322  -31.721  -35.298  30.726 0.0000000000
48342  -33.166  -35.620  30.056 0.0000000000
46265  -33.364  -36.463  29.964 0.0000000000
48325  -34.112  -35.660  30.190 0.0000000000
48326  -37.058  -35.752  30.714 0.0000000000
47319  -36.374  -35.965  30.234 0.0000000000
48343  -37.241  -35.860  30.338 0.0000000000
134777  -38.170  -36.068  30.494 0.0000000000
136390  -40.736  -23.329  18.947 0.0000000000
142471  -42.383  -24.025  19.965 0.0000000000
60884  -42.111  -23.159  18.536 0.0000000000
62868  -44.482  -21.188  14.965 0.0000000000
61860  -44.505  -22.453  16.403 0.0000000000
67479  -44.240  -16.567  18.110 0.0000000000
66574  -44.132  -17.444  16.759 0.0000000000
67493  -44.969  -16.351  16.846 0.0000000000
68494  -46.240  -15.215  16.422 0.0000000000
67507  -46.159  -16.041  15.990 0.0000000000
144558  -47.302  -16.134  15.867 0.0000000000
66577  -48.457  -17.447  16.014 0.0000000000
72208  -47.946  -11.806  11.846 0.0000000000
73064  -49.029  -10.149  11.714 0.0000000000
73069  -49.453  -10.588  11.240 0.0000000000
42312  -8.028  -41.269  38.128 0.0000000000
41344  -7.574  -42.123  38.566 0.0000000000
41353  -7.815  -42.966  37.806 0.0000000000
38243  -9.920  -46.295  38.737 0.0000000000
36137  -8.825  -48.231  41.299 0.0000000000
51345  -37.943  -32.900  31.524 0.0000000000
145592  -38.897  -32.531  31.931 0.0000000000
51331  -37.430  -32.472  31.733 0.0000000000
53345  -35.480  -30.144  31.413 0.0000000000
53347  -36.931  -30.311  31.439 0.0000000000
54345  -37.122  -29.806  31.173 0.0000000000
124750  -38.189  -29.614  31.041 0.0000000000
54369  -36.718  -29.193  30.084 0.0000000000
56553  -32.762  -26.454  30.023 0.0000000000
54434  -33.008  -29.386  25.526 0.0000000000
54402  -33.301  -29.449  27.424 0.0000000000
54420  -35.049  -29.495  26.470 0.0000000000
133846  -36.886  -29.202  27.750 0.0000000000
54422  -36.908  -29.494  26.104 0.0000000000
54423  -38.425  -29.642  26.374 0.0000000000
54438  -37.288  -29.548  25.157 0.0000000000
58851  -36.277  -25.468  22.449 0.0000000000
56649  -36.921  -27.470  23.137 0.0000000000
57822  -37.631  -25.928  23.004 0.0000000000
58830  -39.100  -25.947  23.465 0.0000000000
59813  -38.497  -24.847  22.110 0.0000000000
59822  -38.637  -24.096  20.794 0.0000000000
60844  -37.769  -23.742  20.986 0.0000000000
64686  -36.999  -19.054  21.293 0.0000000000
63754  -37.042  -20.133  20.083 0.0000000000
64700  -38.138  -18.735  20.333 0.0000000000
49295  -25.113  -33.764  31.741 0.0000000000
126686  -24.854  -34.371  32.177 0.0000000000
49282  -26.304  -34.128  32.806 0.0000000000
43294  -10.695  -39.978  35.287 0.0000000000
43275  -10.110  -40.573  35.560 0.0000000000
42344  -10.979  -40.937  35.304 0.0000000000
43313  -15.543  -40.549  34.166 0.0000000000
43312  -14.192  -40.262  34.240 0.0000000000
43299  -15.599  -40.935  35.040 0.0000000000
45106  -21.712  -38.849  35.137 0.0000000000
143499  -22.807  -38.481  35.139 0.0000000000
46179  -23.903  -37.773  35.120 0.0000000000
47223  -25.086  -36.555  35.081 0.0000000000
46233  -37.735  -37.779  31.443 0.0000000000
45150  -36.885  -38.882  33.038 0.0000000000
48265  -20.213  -34.808  34.465 0.0000000000
47241  -19.407  -35.676  33.909 0.0000000000
47260  -19.086  -37.164  32.637 0.0000000000
45157  -18.450  -38.395  32.630 0.0000000000
120993  -19.979  -38.379  32.322 0.0000000000
122219  -20.768  -39.025  33.664 0.0000000000
48290  -37.814  -35.546  33.006 0.0000000000
49271  -37.878  -34.737  32.816 0.0000000000
120726  -34.227  -36.126  31.978 0.0000000000
47282  -34.771  -35.816  30.987 0.0000000000
47284  -36.605  -36.115  32.173 0.0000000000
62834  -39.794  -21.113  17.622 0.0000000000
61842  -41.705  -22.161  16.900 0.0000000000
62852  -41.497  -20.920  16.196 0.0000000000
62866  -42.702  -20.818  15.389 0.0000000000
64771  -44.621  -19.695  14.717 0.0000000000
68479  -44.879  -15.852  17.641 0.0000000000
69357  -44.270  -14.306  18.117 0.0000000000
70260  -45.354  -13.403  16.931 0.0000000000
69367  -46.294  -14.119  16.729 0.0000000000
70262  -47.724  -13.107  16.515 0.0000000000
71209  -46.592  -12.384  16.070 0.0000000000
71224  -46.038  -12.103  15.043 0.0000000000
71225  -46.929  -12.180  14.602 0.0000000000
72196  -45.988  -11.469  13.543 0.0000000000
73902  -46.233  -9.797  13.562 0.0000000000
40364  -9.949  -43.360  36.306 0.0000000000
39369  -8.939  -44.621  37.168 0.0000000000
39371  -10.609  -44.691  37.439 0.0000000000
140384  -35.455  -31.928  33.769 0.0000000000
52327  -35.669  -32.010  32.796 0.0000000000
53316  -34.621  -30.914  33.191 0.0000000000
54332  -34.534  -29.898  32.103 0.0000000000
55432  -34.535  -29.175  31.749 0.0000000000
57719  -32.017  -26.759  27.694 0.0000000000
57762  -32.267  -26.092  25.937 0.0000000000
56621  -32.202  -27.307  25.020 0.0000000000
55527  -33.622  -28.570  23.725 0.0000000000
55529  -35.294  -28.571  23.373 0.0000000000
57818  -33.666  -26.554  22.690 0.0000000000
134134  -34.371  -24.996  22.383 0.0000000000
60832  -35.625  -23.475  21.964 0.0000000000
61791  -36.455  -22.513  21.086 0.0000000000
62788  -35.032  -21.233  21.861 0.0000000000
48319  -28.096  -34.621  31.203 0.0000000000
48302  -27.371  -34.959  33.226 0.0000000000
123586  -28.368  -36.162  32.247 0.0000000000
143518  -11.721  -38.715  35.153 0.0000000000
44196  -12.151  -39.383  34.738 0.0000000000
136572  -6.657  -46.420  39.105 0.0000000000
38224  -6.225  -45.705  39.682 0.0000000000
36155  -6.319  -47.646  39.503 0.0000000000
37164  -5.542  -47.141  39.956 0.0000000000
36136  -4.772  -47.489  40.300 0.0000000000
136453  -40.399  -29.740  31.821 0.0000000000
45176  -32.310  -37.843  31.261 0.0000000000
132891  -31.842  -38.368  32.687 0.0000000000
46150  -16.415  -36.323  36.360 0.0000000000
46174  -15.467  -37.039  35.643 0.0000000000
144999  -14.533  -37.843  34.628 0.0000000000
45122  -15.437  -38.346  33.781 0.0000000000
44238  -15.779  -38.999  33.420 0.0000000000
121630  -17.113  -40.483  34.191 0.0000000000
44241  -18.319  -39.451  33.032 0.0000000000
44219  -17.934  -40.076  33.667 0.0000000000
43302  -18.019  -40.663  35.777 0.0000000000
73091  -53.279  -10.882  9.346 0.0000000000
48328  -39.444  -35.624  31.310 0.0000000000
135587  -40.174  -34.670  31.798 0.0000000000
49301  -39.010  -34.610  30.923 0.0000000000
50308  -38.265  -33.743  31.394 0.0000000000
51319  -37.093  -32.942  32.242 0.0000000000
50264  -37.310  -33.802  33.876 0.0000000000
51306  -36.736  -33.142  33.464 0.0000000000
51305  -35.982  -32.453  33.633 0.0000000000
51294  -35.645  -31.885  34.660 0.0000000000
125258  -22.087  -35.097  31.487 0.0000000000
48317  -23.306  -35.869  30.716 0.0000000000
49309  -23.297  -34.305  30.660 0.0000000000
50320  -24.188  -33.231  30.764 0.0000000000
50321  -25.843  -32.488  30.926 0.0000000000
52335  -26.410  -30.848  32.511 0.0000000000
52347  -26.491  -31.605  31.078 0.0000000000
50306  -27.723  -32.928  31.000 0.0000000000
49297  -28.586  -34.232  30.544 0.0000000000
47311  -29.244  -35.755  30.210 0.0000000000
47312  -29.961  -36.281  30.069 0.0000000000
49284  -30.311  -34.337  31.744 0.0000000000
124654  -30.456  -34.928  30.342 0.0000000000
47326  -30.937  -35.884  29.811 0.0000000000
46263  -31.284  -36.968  30.207 0.0000000000
46248  -32.826  -37.344  30.470 0.0000000000
46250  -34.634  -37.295  30.283 0.0000000000
46251  -35.547  -37.229  30.201 0.0000000000
47318  -35.387  -35.995  30.032 0.0000000000
46268  -36.001  -36.450  29.902 0.0000000000
46252  -36.467  -37.250  30.265 0.0000000000
46254  -38.160  -36.971  30.826 0.0000000000
47301  -38.626  -36.397  30.990 0.0000000000
49265  -21.831  -34.024  33.296 0.0000000000
61844  -43.073  -22.716  17.129 0.0000000000
65658  -43.645  -17.798  17.177 0.0000000000
65664  -44.041  -18.148  15.999 0.0000000000
131852  -45.328  -18.412  15.007 0.0000000000
67506  -45.565  -16.348  16.147 0.0000000000
66588  -45.789  -17.688  15.229 0.0000000000
123223  -46.955  -18.788  15.088 0.0000000000
65665  -47.810  -18.843  15.579 0.0000000000
72220  -50.055  -11.648  10.459 0.0000000000
73076  -50.366  -10.821  10.223 0.0000000000
73918  -51.337  -9.849  11.011 0.0000000000
41332  -7.137  -42.637  39.379 0.0000000000
130830  -7.125  -43.930  38.805 0.0000000000
39354  -8.258  -44.706  37.493 0.0000000000
38263  -8.328  -45.591  37.894 0.0000000000
37208  -7.841  -46.246  38.339 0.0000000000
132143  -7.818  -47.502  39.330 0.0000000000
49302  -40.069  -33.912  32.016 0.0000000000
51333  -39.525  -32.588  32.409 0.0000000000
52329  -39.526  -31.730  32.721 0.0000000000
52340  -37.407  -31.569  31.696 0.0000000000
53333  -38.111  -30.727  31.920 0.0000000000
52328  -39.607  -31.020  32.923 0.0000000000
54334  -39.260  -30.321  32.271 0.0000000000
54347  -39.570  -29.833  31.871 0.0000000000
121777  -39.849  -29.537  30.218 0.0000000000
56538  -33.656  -27.628  31.959 0.0000000000
139112  -34.718  -28.768  30.347 0.0000000000
55468  -32.359  -28.326  28.373 0.0000000000
55470  -33.865  -28.889  29.002 0.0000000000
55456  -35.966  -28.997  29.821 0.0000000000
55457  -36.550  -29.039  29.279 0.0000000000
121237  -37.977  -29.354  28.934 0.0000000000
55515  -36.973  -28.901  23.775 0.0000000000
55516  -38.714  -28.914  23.999 0.0000000000
59824  -40.689  -24.907  20.994 0.0000000000
60854  -39.907  -23.943  19.858 0.0000000000
126376  -39.289  -22.764  18.958 0.0000000000
61800  -37.258  -21.843  20.052 0.0000000000
61809  -37.718  -21.734  19.532 0.0000000000
62822  -39.232  -21.347  18.135 0.0000000000
64728  -39.302  -19.597  18.320 0.0000000000
122759  -40.737  -18.716  18.604 0.0000000000
145779  -24.051  -35.894  31.519 0.0000000000
49266  -25.007  -35.525  33.974 0.0000000000
49253  -26.831  -35.651  34.390 0.0000000000
42323  -8.422  -41.358  37.191 0.0000000000
44162  -9.427  -39.464  36.633 0.0000000000
43274  -9.517  -40.251  36.035 0.0000000000
41376  -9.232  -42.451  36.251 0.0000000000
41366  -11.014  -43.184  36.470 0.0000000000
45120  -13.719  -38.720  34.229 0.0000000000
43311  -13.410  -40.292  34.497 0.0000000000
43297  -13.321  -40.856  34.980 0.0000000000
33333  -4.903  -50.777  41.632 0.0000000000
34259  -4.466  -49.884  40.276 0.0000000000
36135  -3.608  -46.740  40.904 0.0000000000
139214  -40.680  -35.112  32.368 0.0000000000
46244  -22.486  -37.201  31.338 0.0000000000
46228  -22.862  -37.499  31.639 0.0000000000
47287  -40.255  -36.545  32.483 0.0000000000
48315  -21.772  -35.839  31.432 0.0000000000
47293  -21.358  -36.588  31.714 0.0000000000
46243  -21.811  -37.258  31.531 0.0000000000
64731  -42.034  -18.722  18.124 0.0000000000
122871  -42.339  -18.872  17.341 0.0000000000
64732  -42.849  -18.340  18.245 0.0000000000
144148  -44.282  -10.752  17.398 0.0000000000
72124  -43.476  -11.637  17.279 0.0000000000
73039  -43.956  -10.928  16.833 0.0000000000
73042  -44.121  -10.903  15.934 0.0000000000
73043  -44.784  -10.511  15.681 0.0000000000
73893  -45.489  -9.967  15.495 0.0000000000
130705  -33.247  -22.778  24.201 0.0000000000
46245  -29.972  -36.903  30.593 0.0000000000
124613  -13.140  -37.299  36.349 0.0000000000
73077  -51.631  -10.653  9.723 0.0000000000
73089  -51.663  -11.116  9.112 0.0000000000
52320  -41.022  -31.777  33.746 0.0000000000
52330  -40.360  -31.351  33.428 0.0000000000
46199  -18.293  -36.358  34.030 0.0000000000
47219  -18.171  -35.700  34.900 0.0000000000
46210  -17.517  -37.498  33.379 0.0000000000
49285  -37.932  -35.033  31.848 0.0000000000
51315  -24.193  -31.687  32.629 0.0000000000
51317  -29.217  -32.332  32.544 0.0000000000
50291  -29.533  -33.025  31.940 0.0000000000
50307  -29.262  -33.135  31.028 0.0000000000
137503  -32.688  -36.016  32.427 0.0000000000
48306  -33.078  -35.680  31.357 0.0000000000
48323  -32.688  -35.473  30.597 0.0000000000
48324  -33.412  -35.561  30.515 0.0000000000
47316  -33.804  -35.858  29.883 0.0000000000
48308  -37.285  -35.568  31.710 0.0000000000
48344  -37.906  -35.648  30.529 0.0000000000
60882  -40.169  -22.789  18.497 0.0000000000
60883  -41.116  -22.931  18.312 0.0000000000
62869  -45.563  -21.178  15.162 0.0000000000
124566  -44.987  -21.922  15.660 0.0000000000
63802  -46.685  -20.235  15.248 0.0000000000
68495  -47.006  -14.902  16.369 0.0000000000
120964  -46.841  -15.758  15.998 0.0000000000
123030  -47.813  -15.708  16.135 0.0000000000
67509  -48.603  -16.549  16.139 0.0000000000
120765  -8.094  -42.134  37.609 0.0000000000
131689  -8.267  -42.849  37.176 0.0000000000
54343  -35.351  -29.558  30.973 0.0000000000
53346  -36.401  -30.176  31.305 0.0000000000
54344  -36.255  -29.782  31.007 0.0000000000
127271  -36.765  -29.494  30.662 0.0000000000
54450  -33.687  -29.375  24.961 0.0000000000
54435  -34.069  -29.603  25.816 0.0000000000
54436  -35.305  -29.500  25.580 0.0000000000
54421  -35.994  -29.452  26.243 0.0000000000
54437  -36.311  -29.494  25.388 0.0000000000
54452  -35.662  -29.349  24.701 0.0000000000
128797  -36.365  -24.720  22.251 0.0000000000
130927  -36.821  -25.852  22.748 0.0000000000
58852  -37.141  -25.187  22.523 0.0000000000
127403  -38.042  -25.208  22.674 0.0000000000
59812  -37.724  -24.690  22.138 0.0000000000
129818  -38.169  -24.379  21.502 0.0000000000
59821  -37.371  -24.125  21.675 0.0000000000
50288  -25.855  -33.555  31.971 0.0000000000
43295  -11.560  -40.176  34.959 0.0000000000
135897  -11.604  -41.551  35.564 0.0000000000
42335  -12.380  -41.697  35.835 0.0000000000
43300  -16.359  -40.746  34.656 0.0000000000
39338  -6.637  -44.228  39.557 0.0000000000
50279  -40.744  -33.218  33.351 0.0000000000
45125  -21.712  -38.797  34.026 0.0000000000
45126  -22.415  -38.633  34.741 0.0000000000
145044  -22.517  -38.551  33.951 0.0000000000
46201  -23.742  -37.635  33.861 0.0000000000
47222  -24.498  -37.140  34.681 0.0000000000
47243  -24.331  -36.923  33.837 0.0000000000
128690  -38.167  -38.198  32.384 0.0000000000
48267  -21.123  -34.007  34.790 0.0000000000
48266  -20.592  -34.555  34.134 0.0000000000
47275  -20.460  -36.806  32.066 0.0000000000
140929  -19.831  -36.087  32.955 0.0000000000
144405  -19.398  -36.672  32.736 0.0000000000
123739  -19.472  -37.783  32.287 0.0000000000
45140  -21.306  -38.706  32.974 0.0000000000
47267  -34.942  -36.301  32.338 0.0000000000
47285  -37.203  -35.981  32.821 0.0000000000
63786  -40.023  -20.406  17.408 0.0000000000
62851  -40.968  -20.865  16.642 0.0000000000
63800  -41.249  -20.320  16.502 0.0000000000
63801  -42.080  -20.181  15.863 0.0000000000
64769  -43.116  -20.147  15.223 0.0000000000
63815  -44.022  -20.301  14.799 0.0000000000
64770  -43.793  -19.498  15.098 0.0000000000
70241  -43.592  -13.755  18.403 0.0000000000
71207  -43.823  -12.360  16.678 0.0000000000
70259  -44.193  -13.118  17.092 0.0000000000
142514  -45.429  -12.842  16.560 0.0000000000
70261  -46.210  -13.034  16.529 0.0000000000
71238  -46.256  -12.055  13.977 0.0000000000
71239  -47.067  -12.301  13.707 0.0000000000
73899  -46.127  -9.515  14.380 0.0000000000
141107  -35.112  -31.180  34.251 0.0000000000
52326  -35.150  -31.587  33.287 0.0000000000
53300  -34.800  -30.308  34.157 0.0000000000
58812  -32.451  -25.766  24.258 0.0000000000
57780  -32.299  -26.545  24.611 0.0000000000
57798  -32.560  -26.555  23.864 0.0000000000
56633  -32.900  -28.117  23.975 0.0000000000
56645  -32.923  -27.327  23.586 0.0000000000
56646  -33.531  -27.307  23.010 0.0000000000
57799  -33.022  -26.552  23.222 0.0000000000
60829  -33.599  -23.539  22.998 0.0000000000
59808  -33.900  -24.249  22.639 0.0000000000
60830  -34.201  -23.629  22.583 0.0000000000
59809  -34.757  -24.143  22.271 0.0000000000
60831  -34.737  -23.125  22.245 0.0000000000
60841  -35.392  -22.776  21.867 0.0000000000
61779  -34.877  -22.112  22.100 0.0000000000
63722  -34.911  -19.829  22.533 0.0000000000
134562  -27.946  -35.115  32.311 0.0000000000
46216  -29.729  -37.908  33.085 0.0000000000
46214  -29.049  -37.393  33.132 0.0000000000
45088  -11.913  -38.054  35.778 0.0000000000
37189  -6.863  -47.196  39.140 0.0000000000
36167  -7.051  -47.918  39.452 0.0000000000
130333  -5.883  -49.035  39.830 0.0000000000
123129  -5.668  -48.193  39.762 0.0000000000
35188  -4.890  -48.853  40.065 0.0000000000
130401  -40.824  -30.904  33.448 0.0000000000
54336  -40.803  -30.021  32.439 0.0000000000
45177  -33.183  -38.040  31.242 0.0000000000
45163  -32.605  -38.385  32.201 0.0000000000
46175  -16.548  -36.634  35.534 0.0000000000
126516  -16.118  -36.743  35.865 0.0000000000
46149  -15.863  -36.578  36.511 0.0000000000
46196  -15.186  -37.647  34.589 0.0000000000
126151  -16.011  -37.694  34.123 0.0000000000
44239  -16.586  -39.092  33.226 0.0000000000
130579  -16.162  -39.632  33.426 0.0000000000
43319  -16.903  -39.902  33.461 0.0000000000
45158  -19.136  -38.544  32.489 0.0000000000
44254  -18.603  -38.956  32.686 0.0000000000
44197  -18.745  -40.294  35.489 0.0000000000
43315  -18.003  -40.492  34.762 0.0000000000
126206  -39.579  -34.924  31.219 0.0000000000
137996  -39.074  -35.178  30.939 0.0000000000
50293  -37.810  -34.165  31.743 0.0000000000
134916  -37.630  -33.240  31.715 0.0000000000
49256  -37.720  -34.494  33.773 0.0000000000
51295  -36.201  -32.749  34.951 0.0000000000
49293  -22.644  -34.543  30.987 0.0000000000
50301  -23.149  -33.578  30.972 0.0000000000
51341  -24.461  -31.946  30.972 0.0000000000
51353  -23.989  -32.642  30.763 0.0000000000
51354  -24.665  -32.311  30.826 0.0000000000
127649  -24.989  -32.696  30.868 0.0000000000
51355  -25.461  -32.083  30.754 0.0000000000
51343  -28.235  -32.096  31.265 0.0000000000
52348  -27.352  -31.540  31.429 0.0000000000
51342  -27.335  -32.149  31.018 0.0000000000
49296  -27.891  -33.714  30.991 0.0000000000
49312  -28.449  -33.429  30.698 0.0000000000
49314  -29.337  -34.215  30.423 0.0000000000
48338  -29.195  -34.836  30.247 0.0000000000
48339  -29.854  -35.557  30.015 0.0000000000
48288  -31.496  -35.604  33.432 0.0000000000
48304  -30.785  -34.856  32.216 0.0000000000
49270  -30.513  -34.536  32.869 0.0000000000
48321  -30.805  -34.856  31.093 0.0000000000
48341  -31.510  -35.566  30.014 0.0000000000
47314  -31.527  -36.163  29.837 0.0000000000
46264  -32.359  -36.514  30.003 0.0000000000
130261  -32.047  -37.336  30.500 0.0000000000
46266  -34.250  -36.417  29.882 0.0000000000
46249  -33.726  -37.342  30.430 0.0000000000
47299  -35.575  -35.814  30.485 0.0000000000
47298  -34.877  -35.733  30.147 0.0000000000
46253  -37.337  -37.214  30.491 0.0000000000
46270  -37.643  -36.564  30.291 0.0000000000
47302  -39.179  -36.277  31.400 0.0000000000
50274  -22.467  -33.480  32.897 0.0000000000
50261  -22.281  -33.415  34.015 0.0000000000
49279  -22.161  -34.287  32.120 0.0000000000
59825  -41.696  -25.041  20.975 0.0000000000
60867  -42.459  -23.620  19.418 0.0000000000
60855  -42.977  -23.951  20.175 0.0000000000
61858  -42.454  -22.124  16.365 0.0000000000
61843  -42.323  -22.571  17.168 0.0000000000
65649  -43.529  -17.743  18.375 0.0000000000
66587  -44.785  -17.841  15.543 0.0000000000
65675  -44.516  -18.788  15.113 0.0000000000
69358  -45.068  -14.948  17.560 0.0000000000
67508  -46.866  -16.540  15.607 0.0000000000
67520  -46.006  -16.793  15.595 0.0000000000
66589  -46.695  -17.406  15.293 0.0000000000
127802  -46.590  -18.122  15.115 0.0000000000
65677  -47.334  -18.095  15.231 0.0000000000
65678  -48.016  -18.040  15.576 0.0000000000
65667  -49.057  -17.897  16.648 0.0000000000
71257  -47.862  -12.506  12.592 0.0000000000
72213  -48.888  -12.009  11.469 0.0000000000
71273  -49.516  -12.737  11.553 0.0000000000
71285  -49.926  -12.429  10.877 0.0000000000
73916  -49.864  -9.892  11.531 0.0000000000
73070  -50.159  -10.334  10.856 0.0000000000
73925  -50.930  -10.283  10.373 0.0000000000
41352  -7.336  -43.117  38.577 0.0000000000
42299  -7.347  -41.750  39.554 0.0000000000
142790  -7.087  -43.247  39.125 0.0000000000
39353  -7.543  -44.780  38.070 0.0000000000
39370  -9.809  -44.969  37.357 0.0000000000
38285  -9.097  -45.278  37.489 0.0000000000
37192  -9.452  -46.927  39.294 0.0000000000
37209  -8.879  -46.380  38.411 0.0000000000
37191  -8.345  -46.890  38.896 0.0000000000
37190  -7.380  -46.727  38.810 0.0000000000
125327  -39.466  -34.166  31.271 0.0000000000
50310  -39.267  -33.310  31.664 0.0000000000
52341  -38.658  -31.185  32.143 0.0000000000
52338  -35.297  -31.396  32.375 0.0000000000
52339  -36.229  -31.574  31.865 0.0000000000
53332  -37.063  -30.820  31.623 0.0000000000
54333  -39.014  -30.718  32.373 0.0000000000
144564  -38.622  -30.402  32.011 0.0000000000
54346  -38.749  -29.944  31.813 0.0000000000
54358  -39.236  -29.647  31.078 0.0000000000
121758  -38.974  -29.512  30.139 0.0000000000
145105  -33.174  -27.499  30.842 0.0000000000
56537  -33.244  -27.029  31.313 0.0000000000
55430  -33.556  -27.869  31.155 0.0000000000
55441  -34.065  -28.506  30.743 0.0000000000
56608  -31.901  -27.677  26.977 0.0000000000
56596  -32.047  -27.570  28.005 0.0000000000
55481  -32.157  -28.397  27.605 0.0000000000
54403  -33.939  -29.445  27.538 0.0000000000
54382  -33.443  -29.202  28.114 0.0000000000
54383  -34.407  -29.145  28.219 0.0000000000
141282  -34.485  -28.775  29.386 0.0000000000
55472  -35.718  -28.885  29.055 0.0000000000
54385  -36.296  -29.003  28.421 0.0000000000
54386  -37.791  -29.347  27.979 0.0000000000
140115  -37.153  -29.172  28.654 0.0000000000
54371  -38.777  -29.508  29.195 0.0000000000
54388  -39.326  -29.625  28.590 0.0000000000
138304  -39.042  -29.689  25.952 0.0000000000
56648  -35.540  -27.882  22.959 0.0000000000
142126  -36.367  -28.314  23.297 0.0000000000
144855  -36.217  -27.733  23.001 0.0000000000
56650  -37.912  -27.412  23.461 0.0000000000
55531  -38.335  -28.214  23.650 0.0000000000
56634  -39.142  -28.156  23.915 0.0000000000
58853  -39.371  -25.464  22.893 0.0000000000
58831  -39.823  -25.837  23.541 0.0000000000
58854  -40.249  -25.536  22.770 0.0000000000
58863  -40.525  -25.295  21.913 0.0000000000
59823  -39.842  -24.923  21.580 0.0000000000
59831  -39.651  -24.445  20.669 0.0000000000
60853  -39.064  -23.762  20.085 0.0000000000
60864  -39.378  -23.448  19.486 0.0000000000
60863  -38.673  -23.062  19.574 0.0000000000
128503  -36.099  -21.686  21.030 0.0000000000
61799  -36.662  -21.820  20.601 0.0000000000
63768  -37.564  -20.090  19.479 0.0000000000
62812  -37.312  -20.945  19.699 0.0000000000
62813  -37.874  -21.027  19.152 0.0000000000
62821  -38.510  -21.161  18.655 0.0000000000
63778  -38.833  -20.280  18.409 0.0000000000
63779  -39.452  -20.379  17.903 0.0000000000
64727  -38.689  -19.433  18.893 0.0000000000
64717  -40.129  -18.487  19.202 0.0000000000
48337  -23.653  -34.845  30.709 0.0000000000
47296  -23.628  -36.295  31.211 0.0000000000
48318  -23.906  -35.525  31.066 0.0000000000
49280  -25.031  -34.794  33.137 0.0000000000
48301  -24.664  -35.604  32.960 0.0000000000
48268  -25.263  -35.981  34.651 0.0000000000
48269  -25.675  -35.706  34.509 0.0000000000
48285  -27.295  -35.568  33.948 0.0000000000
49269  -26.894  -35.055  33.894 0.0000000000
45144  -31.401  -38.542  33.410 0.0000000000
43252  -8.382  -40.484  37.715 0.0000000000
45075  -10.596  -37.923  37.123 0.0000000000
45074  -9.959  -38.613  36.921 0.0000000000
142154  -10.031  -39.027  36.209 0.0000000000
42324  -9.487  -41.043  35.895 0.0000000000
41375  -8.977  -41.577  36.406 0.0000000000
120749  -9.704  -41.871  35.931 0.0000000000
41377  -10.227  -42.614  36.071 0.0000000000
45121  -14.565  -38.365  34.068 0.0000000000
45104  -13.976  -38.023  34.690 0.0000000000
44217  -14.420  -39.390  33.823 0.0000000000
43276  -13.737  -41.321  35.669 0.0000000000
73103  -53.220  -11.085  8.594 0.0000000000
33340  -3.855  -50.649  40.596 0.0000000000
35187  -3.820  -48.850  40.259 0.0000000000
45160  -21.759  -38.275  32.316 0.0000000000
46212  -22.569  -38.067  32.364 0.0000000000
46213  -23.295  -37.677  32.553 0.0000000000
46235  -39.144  -37.451  32.267 0.0000000000
48283  -20.751  -35.033  33.053 0.0000000000
46225  -20.381  -37.685  31.994 0.0000000000
47252  -37.232  -36.169  34.559 0.0000000000
64743  -41.031  -19.436  17.302 0.0000000000
64755  -41.472  -19.717  16.635 0.0000000000
64744  -41.685  -19.182  17.231 0.0000000000
70249  -43.208  -13.124  18.078 0.0000000000
71197  -43.291  -12.381  17.737 0.0000000000
71206  -43.371  -12.145  17.016 0.0000000000
71218  -44.317  -12.007  15.930 0.0000000000
72164  -44.412  -11.300  15.597 0.0000000000
72165  -45.039  -11.047  14.736 0.0000000000
72179  -45.541  -11.036  13.963 0.0000000000
73049  -45.109  -10.442  14.985 0.0000000000
73898  -45.618  -9.897  14.811 0.0000000000
54317  -35.078  -29.268  34.593 0.0000000000
55411  -34.588  -28.619  33.952 0.0000000000
55410  -34.262  -27.965  33.375 0.0000000000
59785  -32.611  -25.134  23.910 0.0000000000
59797  -32.862  -24.994  23.278 0.0000000000
61766  -33.583  -22.710  23.402 0.0000000000
61778  -34.099  -22.150  22.757 0.0000000000
62774  -34.011  -21.217  23.058 0.0000000000
47297  -28.762  -36.040  30.789 0.0000000000
144482  -28.564  -36.182  31.426 0.0000000000
47279  -28.922  -36.721  31.555 0.0000000000
46230  -29.394  -37.375  32.286 0.0000000000
46171  -12.746  -37.840  35.570 0.0000000000
45103  -13.180  -38.263  34.798 0.0000000000
72232  -51.199  -11.465  9.191 0.0000000000
71302  -51.455  -12.100  8.949 0.0000000000
35190  -7.241  -48.634  40.144 0.0000000000
34261  -6.611  -49.257  40.325 0.0000000000
34249  -6.295  -49.830  40.926 0.0000000000
45165  -34.518  -38.497  32.001 0.0000000000
45148  -34.952  -38.807  32.855 0.0000000000
44245  -35.347  -39.176  33.678 0.0000000000
47221  -19.485  -35.238  34.764 0.0000000000
47220  -18.843  -35.192  35.202 0.0000000000
124370  -18.144  -35.256  35.765 0.0000000000
46152  -17.504  -35.828  35.494 0.0000000000
46176  -17.057  -36.441  35.075 0.0000000000
46197  -16.611  -37.106  34.589 0.0000000000
46209  -16.773  -37.649  33.728 0.0000000000
45139  -19.979  -39.253  33.314 0.0000000000
44221  -19.469  -39.656  33.801 0.0000000000
136627  -19.695  -39.730  34.592 0.0000000000
44198  -19.529  -39.878  35.360 0.0000000000
48345  -38.544  -35.272  30.784 0.0000000000
124244  -23.113  -32.873  32.460 0.0000000000
50287  -23.306  -32.885  31.443 0.0000000000
51327  -23.703  -32.260  32.021 0.0000000000
51328  -24.310  -31.718  31.633 0.0000000000
52345  -24.980  -31.337  31.329 0.0000000000
144118  -28.197  -31.397  32.438 0.0000000000
51329  -28.619  -31.821  32.032 0.0000000000
51344  -28.783  -32.844  30.900 0.0000000000
50323  -28.745  -33.267  30.674 0.0000000000
141488  -29.425  -33.759  30.706 0.0000000000
122636  -32.329  -35.554  30.192 0.0000000000
140445  -33.053  -35.923  29.827 0.0000000000
47317  -34.611  -35.893  29.938 0.0000000000
47320  -37.563  -36.123  30.256 0.0000000000
59845  -40.840  -23.937  19.604 0.0000000000
59846  -41.810  -24.051  19.793 0.0000000000
60866  -41.531  -23.521  19.105 0.0000000000
60885  -42.993  -23.176  18.741 0.0000000000
62855  -43.981  -21.882  15.530 0.0000000000
61859  -43.497  -22.382  16.302 0.0000000000
142203  -43.955  -17.244  18.081 0.0000000000
141967  -44.398  -16.888  17.070 0.0000000000
135550  -47.782  -16.609  15.859 0.0000000000
73062  -47.124  -10.987  12.146 0.0000000000
73063  -48.025  -10.582  11.741 0.0000000000
129718  -48.702  -11.095  11.415 0.0000000000
141424  -49.243  -11.305  11.160 0.0000000000
73908  -49.495  -9.390  12.110 0.0000000000
51346  -38.480  -33.079  31.472 0.0000000000
54357  -37.374  -29.425  30.472 0.0000000000
56554  -32.789  -27.135  30.447 0.0000000000
54418  -32.428  -29.140  26.053 0.0000000000
55491  -32.236  -28.868  26.849 0.0000000000
130669  -33.067  -29.523  26.671 0.0000000000
54419  -34.095  -29.593  26.846 0.0000000000
54404  -34.962  -29.274  27.408 0.0000000000
54405  -35.978  -29.098  27.607 0.0000000000
123891  -35.725  -29.318  26.934 0.0000000000
123890  -36.516  -29.308  26.933 0.0000000000
54406  -37.543  -29.443  26.917 0.0000000000
54407  -38.504  -29.576  27.320 0.0000000000
123897  -37.765  -29.599  25.894 0.0000000000
145282  -37.925  -29.576  25.286 0.0000000000
57821  -36.171  -26.216  22.619 0.0000000000
57800  -36.849  -26.532  22.966 0.0000000000
57801  -37.552  -26.737  23.249 0.0000000000
57802  -38.431  -26.469  23.463 0.0000000000
58829  -38.539  -25.683  23.099 0.0000000000
138059  -38.753  -25.229  22.625 0.0000000000
59814  -39.238  -25.035  22.179 0.0000000000
126629  -39.001  -24.644  21.446 0.0000000000
63753  -36.454  -20.158  20.637 0.0000000000
64698  -36.912  -19.543  20.610 0.0000000000
64699  -37.455  -19.408  20.044 0.0000000000
64715  -38.056  -19.365  19.471 0.0000000000
50303  -24.644  -33.504  31.016 0.0000000000
49281  -25.508  -34.119  32.647 0.0000000000
49267  -25.795  -34.626  33.448 0.0000000000
44194  -10.544  -39.116  35.629 0.0000000000
44177  -10.003  -39.720  35.823 0.0000000000
135473  -10.431  -42.065  35.826 0.0000000000
42334  -11.000  -41.808  35.654 0.0000000000
44218  -15.407  -39.741  33.614 0.0000000000
131363  -14.867  -40.208  34.002 0.0000000000
129383  -14.869  -40.731  34.546 0.0000000000
139451  -14.952  -41.142  35.238 0.0000000000
45105  -20.990  -39.148  35.648 0.0000000000
129355  -22.420  -38.643  35.547 0.0000000000
46178  -23.164  -38.288  35.672 0.0000000000
126157  -23.125  -38.282  34.553 0.0000000000
45181  -36.822  -37.990  31.270 0.0000000000
45167  -36.616  -38.508  32.282 0.0000000000
48251  -20.096  -34.864  35.173 0.0000000000
47261  -20.238  -35.160  33.517 0.0000000000
47242  -19.834  -35.198  34.149 0.0000000000
126333  -19.011  -36.404  33.348 0.0000000000
46211  -18.314  -37.175  33.139 0.0000000000
46223  -17.999  -37.996  32.874 0.0000000000
46224  -18.692  -37.837  32.534 0.0000000000
45138  -19.734  -38.895  32.716 0.0000000000
132069  -20.435  -38.809  32.820 0.0000000000
45124  -20.952  -39.107  34.657 0.0000000000
48291  -37.980  -35.156  33.879 0.0000000000
47283  -35.699  -36.024  31.544 0.0000000000
62823  -40.075  -21.968  17.881 0.0000000000
61841  -40.945  -22.199  17.478 0.0000000000
62835  -40.441  -21.246  17.147 0.0000000000
62836  -41.170  -21.505  16.710 0.0000000000
62853  -42.147  -21.211  15.798 0.0000000000
62867  -43.503  -21.022  15.100 0.0000000000
63816  -44.936  -20.426  14.663 0.0000000000
68464  -44.514  -15.268  18.322 0.0000000000
70250  -43.772  -13.486  17.760 0.0000000000
70251  -44.796  -13.910  17.520 0.0000000000
69366  -45.648  -14.531  16.996 0.0000000000
69368  -47.208  -13.802  16.585 0.0000000000
134948  -47.078  -12.820  16.467 0.0000000000
71208  -45.385  -12.345  15.991 0.0000000000
71219  -47.371  -12.016  15.660 0.0000000000
72197  -46.597  -12.035  13.181 0.0000000000
72206  -46.461  -11.276  12.833 0.0000000000
73057  -45.952  -10.732  13.402 0.0000000000
73058  -46.595  -10.276  12.804 0.0000000000
41365  -8.814  -43.139  36.637 0.0000000000
40348  -9.579  -44.225  36.739 0.0000000000
145562  -34.450  -30.393  32.667 0.0000000000
53330  -34.896  -30.725  32.065 0.0000000000
128755  -34.983  -29.715  31.472 0.0000000000
57742  -32.038  -26.479  26.774 0.0000000000
126962  -32.003  -27.193  25.897 0.0000000000
58800  -32.356  -25.688  25.155 0.0000000000
140306  -32.173  -26.574  25.295 0.0000000000
133990  -32.139  -27.987  25.379 0.0000000000
55500  -32.444  -28.755  25.355 0.0000000000
55511  -33.069  -28.896  24.583 0.0000000000
55512  -34.021  -29.102  24.253 0.0000000000
55513  -35.013  -29.035  24.101 0.0000000000
55528  -34.430  -28.738  23.619 0.0000000000
56647  -34.344  -28.022  23.035 0.0000000000
56666  -34.987  -27.271  22.591 0.0000000000
58848  -33.198  -25.763  22.916 0.0000000000
58849  -33.960  -25.778  22.487 0.0000000000
58850  -34.858  -25.778  22.348 0.0000000000
134715  -35.410  -25.024  22.256 0.0000000000
59810  -35.672  -24.163  22.165 0.0000000000
59811  -36.492  -23.917  21.945 0.0000000000
60842  -36.110  -23.050  21.620 0.0000000000
61790  -35.619  -22.078  21.502 0.0000000000
62789  -35.560  -21.022  21.263 0.0000000000
62775  -34.449  -21.277  22.456 0.0000000000
63736  -35.169  -20.281  21.747 0.0000000000
63737  -35.789  -20.134  21.157 0.0000000000
64685  -36.308  -19.539  21.160 0.0000000000
49283  -27.253  -34.193  32.131 0.0000000000
48286  -27.864  -35.732  33.248 0.0000000000
47264  -28.384  -36.710  33.311 0.0000000000
45087  -11.203  -37.880  36.420 0.0000000000
140325  -11.912  -37.559  36.617 0.0000000000
45101  -11.133  -38.510  35.642 0.0000000000
44195  -11.260  -39.301  35.140 0.0000000000
43280  -17.334  -40.932  36.223 0.0000000000
37165  -6.147  -46.721  39.509 0.0000000000
38223  -5.631  -46.153  40.311 0.0000000000
37144  -4.958  -46.436  40.698 0.0000000000
66561  -43.999  -17.783  19.404 0.0000000000
66550  -44.203  -17.359  19.484 0.0000000000
67464  -44.606  -16.642  19.863 0.0000000000
68457  -44.838  -15.856  19.719 0.0000000000
54348  -40.928  -29.642  31.063 0.0000000000
46247  -31.479  -37.640  31.085 0.0000000000
46232  -31.023  -37.828  31.765 0.0000000000
45162  -31.734  -38.031  31.967 0.0000000000
45145  -32.366  -38.624  33.228 0.0000000000
46148  -15.004  -36.730  36.446 0.0000000000
46173  -14.523  -37.411  35.385 0.0000000000
43314  -16.242  -40.268  33.828 0.0000000000
44253  -17.957  -38.743  32.781 0.0000000000
44220  -18.762  -39.773  33.524 0.0000000000
43301  -17.218  -40.789  35.206 0.0000000000
73078  -52.514  -10.620  9.909 0.0000000000
48329  -40.173  -35.554  31.898 0.0000000000
52307  -35.618  -30.992  35.271 0.0000000000
138630  -35.966  -31.674  35.682 0.0000000000
47310  -22.883  -36.077  30.700 0.0000000000
48316  -22.466  -35.643  30.834 0.0000000000
48336  -23.033  -35.298  30.579 0.0000000000
49310  -23.795  -34.020  30.630 0.0000000000
50302  -23.556  -32.941  30.929 0.0000000000
50319  -23.623  -33.434  30.700 0.0000000000
49311  -24.100  -34.052  30.697 0.0000000000
50304  -25.443  -33.128  31.196 0.0000000000
143952  -26.112  -33.043  31.287 0.0000000000
132417  -25.384  -30.939  32.862 0.0000000000
52334  -25.630  -30.911  31.959 0.0000000000
52346  -25.737  -31.283  31.145 0.0000000000
52336  -27.390  -31.106  32.266 0.0000000000
127141  -26.502  -31.093  31.621 0.0000000000
52354  -25.815  -31.702  30.840 0.0000000000
51356  -26.294  -32.039  30.813 0.0000000000
50305  -26.759  -32.663  31.045 0.0000000000
50290  -27.203  -33.355  31.228 0.0000000000
48320  -28.679  -35.192  30.519 0.0000000000
49313  -28.915  -33.880  30.458 0.0000000000
47280  -29.348  -36.553  30.637 0.0000000000
46262  -30.474  -36.817  30.258 0.0000000000
50277  -29.919  -33.880  32.500 0.0000000000
49298  -29.974  -34.376  30.715 0.0000000000
124104  -31.028  -35.191  30.346 0.0000000000
48340  -30.569  -35.431  29.964 0.0000000000
47313  -30.736  -36.357  29.909 0.0000000000
45178  -34.105  -38.062  31.155 0.0000000000
45179  -35.011  -38.008  31.043 0.0000000000
45180  -35.889  -37.919  31.089 0.0000000000
46255  -38.840  -36.927  31.545 0.0000000000
47303  -39.734  -36.157  31.813 0.0000000000
49250  -21.642  -33.785  34.223 0.0000000000
48300  -21.461  -34.891  32.437 0.0000000000
61826  -41.795  -22.702  17.690 0.0000000000
61827  -42.651  -22.893  17.898 0.0000000000
61828  -43.506  -22.910  18.048 0.0000000000
61845  -44.013  -22.762  17.250 0.0000000000
64746  -43.263  -18.027  17.668 0.0000000000
65663  -43.412  -18.396  16.411 0.0000000000
65674  -43.766  -18.837  15.596 0.0000000000
64772  -45.433  -19.283  14.705 0.0000000000
65676  -46.116  -18.604  14.866 0.0000000000
64773  -46.415  -19.467  14.888 0.0000000000
64758  -47.766  -19.609  15.962 0.0000000000
65666  -48.512  -18.386  16.157 0.0000000000
71286  -50.439  -12.443  10.368 0.0000000000
73075  -49.729  -11.017  10.738 0.0000000000
72231  -50.599  -11.523  9.811 0.0000000000
143288  -6.941  -42.746  39.973 0.0000000000
40311  -6.837  -43.321  39.734 0.0000000000
133315  -7.047  -44.890  38.795 0.0000000000
40337  -8.335  -43.773  37.167 0.0000000000
38264  -9.401  -45.814  38.064 0.0000000000
143761  -7.495  -45.503  38.281 0.0000000000
38242  -6.962  -45.794  38.836 0.0000000000
36156  -7.629  -48.104  39.878 0.0000000000
36157  -8.582  -47.910  40.196 0.0000000000
35191  -8.015  -48.464  40.597 0.0000000000
50294  -40.026  -33.194  32.580 0.0000000000
51320  -40.223  -32.440  33.193 0.0000000000
53334  -39.757  -30.645  32.806 0.0000000000
54335  -39.974  -30.110  32.507 0.0000000000
127192  -40.116  -29.616  31.057 0.0000000000
56520  -33.545  -26.746  32.189 0.0000000000
55422  -34.082  -28.306  32.447 0.0000000000
55431  -34.088  -28.462  31.566 0.0000000000
55442  -34.754  -28.925  30.966 0.0000000000
55443  -35.383  -29.036  30.365 0.0000000000
56584  -32.273  -27.422  28.821 0.0000000000
55452  -32.585  -28.080  29.191 0.0000000000
54381  -32.706  -29.061  27.697 0.0000000000
55469  -32.938  -28.766  28.678 0.0000000000
55453  -33.194  -28.437  29.526 0.0000000000
55454  -34.082  -28.651  29.903 0.0000000000
55455  -35.073  -28.813  29.682 0.0000000000
54370  -37.331  -29.212  29.585 0.0000000000
54359  -40.693  -29.586  30.282 0.0000000000
54408  -39.468  -29.732  27.645 0.0000000000
55514  -36.015  -28.985  23.861 0.0000000000
136703  -37.380  -29.298  24.324 0.0000000000
54454  -38.118  -29.418  24.605 0.0000000000
55530  -37.420  -28.265  23.445 0.0000000000
133252  -37.858  -28.912  23.838 0.0000000000
58864  -41.231  -25.332  21.560 0.0000000000
59832  -40.492  -24.402  20.250 0.0000000000
60865  -40.041  -23.428  19.189 0.0000000000
60843  -36.936  -23.393  21.314 0.0000000000
60851  -37.298  -22.813  20.552 0.0000000000
61801  -37.903  -22.549  19.816 0.0000000000
62802  -36.764  -20.944  20.249 0.0000000000
61810  -38.380  -22.094  19.130 0.0000000000
61824  -38.966  -21.964  18.637 0.0000000000
61825  -39.522  -22.227  18.392 0.0000000000
64741  -39.773  -19.782  17.793 0.0000000000
64716  -39.355  -18.925  18.974 0.0000000000
64729  -40.007  -19.152  18.279 0.0000000000
131745  -40.645  -19.168  17.880 0.0000000000
120961  -41.591  -18.487  18.928 0.0000000000
47295  -22.997  -36.722  31.003 0.0000000000
47278  -24.163  -36.275  32.163 0.0000000000
132978  -24.476  -35.302  31.968 0.0000000000
47263  -24.528  -36.307  33.370 0.0000000000
47244  -24.810  -36.362  34.334 0.0000000000
135393  -26.806  -34.621  33.222 0.0000000000
49268  -26.396  -34.818  33.660 0.0000000000
49252  -26.463  -35.410  34.226 0.0000000000
49242  -26.503  -35.945  34.841 0.0000000000
49241  -26.134  -35.769  34.696 0.0000000000
45161  -31.118  -38.159  32.547 0.0000000000
45143  -30.509  -38.273  33.171 0.0000000000
43233  -8.094  -40.429  38.639 0.0000000000
45073  -9.398  -38.860  37.608 0.0000000000
43253  -8.913  -40.522  36.706 0.0000000000
41378  -11.048  -42.503  36.054 0.0000000000
45119  -12.939  -38.984  34.460 0.0000000000
44216  -13.559  -39.526  34.202 0.0000000000
143184  -12.886  -39.695  34.457 0.0000000000
43296  -12.546  -40.402  34.746 0.0000000000
42346  -12.874  -41.255  35.362 0.0000000000
43278  -15.480  -41.226  35.945 0.0000000000
42336  -13.245  -41.655  36.257 0.0000000000
73090  -52.352  -10.976  9.146 0.0000000000
34248  -5.659  -50.301  41.174 0.0000000000
33332  -4.272  -50.991  41.208 0.0000000000
34247  -4.833  -50.428  40.781 0.0000000000
36154  -4.018  -47.691  40.507 0.0000000000
35186  -3.298  -48.682  40.131 0.0000000000
129077  -3.204  -47.931  40.231 0.0000000000
36153  -3.395  -47.667  40.449 0.0000000000
39355  -9.848  -45.453  37.760 0.0000000000
46226  -21.348  -37.827  31.888 0.0000000000
47325  -30.392  -35.929  29.868 0.0000000000
53315  -25.859  -30.814  32.670 0.0000000000
54453  -36.615  -29.351  24.491 0.0000000000
55471  -34.854  -28.836  28.926 0.0000000000
55510  -32.442  -28.132  24.720 0.0000000000
56571  -32.477  -27.196  29.607 0.0000000000
56632  -32.503  -27.353  24.269 0.0000000000
56665  -34.186  -27.196  22.637 0.0000000000
57819  -34.489  -26.546  22.456 0.0000000000
57820  -35.366  -26.483  22.464 0.0000000000
60821  -33.140  -23.478  23.674 0.0000000000
63706  -34.094  -20.746  23.690 0.0000000000
63787  -40.635  -20.384  16.979 0.0000000000
64754  -40.938  -19.902  16.940 0.0000000000
64787  -45.192  -19.913  14.627 0.0000000000
124318  -36.439  -19.115  21.763 0.0000000000
132756  -35.621  -25.798  22.417 0.0000000000
134438  -34.715  -20.597  22.269 0.0000000000
135280  -33.479  -24.980  22.706 0.0000000000
138522  -41.728  -21.593  16.288 0.0000000000
140444  -32.809  -27.795  29.845 0.0000000000
141733  -33.403  -27.918  23.412 0.0000000000
143138  -33.445  -22.290  23.926 0.0000000000
143560  -35.199  -23.730  22.124 0.0000000000
144337  -25.506  -35.094  33.888 0.0000000000
144665  -33.569  -29.564  27.123 0.0000000000
