#!ascii label  , from subject sub-v1s0x0050642_ses-1 vox2ras=TkReg
1510
137314  -42.908  -26.186  22.938 0.0000000000
129265  -55.081  -11.571  16.317 0.0000000000
65641  -49.539  -18.594  19.478 0.0000000000
123755  -11.783  -42.967  40.751 0.0000000000
54348  -40.928  -29.642  31.063 0.0000000000
45017  -28.227  -38.536  41.182 0.0000000000
139534  -37.585  -40.573  40.370 0.0000000000
47189  -43.188  -35.773  36.491 0.0000000000
52311  -43.850  -32.143  35.770 0.0000000000
45089  -21.038  -39.151  36.600 0.0000000000
46035  -23.486  -38.022  40.949 0.0000000000
47201  -25.773  -36.926  36.602 0.0000000000
44186  -34.245  -39.710  36.104 0.0000000000
124352  -40.179  -40.240  35.334 0.0000000000
56560  -46.539  -27.016  30.078 0.0000000000
57752  -49.064  -26.722  26.329 0.0000000000
69348  -52.368  -14.279  18.595 0.0000000000
61792  -45.654  -22.746  21.234 0.0000000000
70279  -52.366  -13.264  11.809 0.0000000000
37145  -10.350  -47.102  42.067 0.0000000000
53341  -46.484  -31.249  32.067 0.0000000000
54426  -41.780  -29.310  26.051 0.0000000000
45107  -28.491  -38.517  35.798 0.0000000000
42290  -32.693  -41.805  40.284 0.0000000000
62742  -50.414  -21.325  25.898 0.0000000000
73143  -59.943  -10.503  4.965 0.0000000000
48276  -42.046  -35.785  34.353 0.0000000000
50267  -42.130  -33.519  34.716 0.0000000000
46178  -23.164  -38.288  35.672 0.0000000000
44248  -38.058  -39.239  33.916 0.0000000000
45153  -40.351  -38.355  33.572 0.0000000000
45094  -42.323  -38.813  36.184 0.0000000000
57748  -44.341  -26.792  26.833 0.0000000000
57702  -46.897  -25.730  28.266 0.0000000000
57786  -45.914  -26.656  24.563 0.0000000000
71202  -53.302  -11.853  17.665 0.0000000000
70226  -55.042  -13.790  20.279 0.0000000000
72190  -58.412  -12.357  14.894 0.0000000000
40349  -11.061  -43.973  37.189 0.0000000000
40295  -10.942  -44.337  41.608 0.0000000000
133821  -42.212  -31.113  33.241 0.0000000000
53307  -45.540  -31.567  34.223 0.0000000000
124112  -43.797  -30.892  30.982 0.0000000000
53373  -44.488  -30.718  29.314 0.0000000000
54390  -41.544  -30.043  28.167 0.0000000000
136461  -26.278  -37.791  41.261 0.0000000000
141048  -24.919  -38.645  43.588 0.0000000000
44976  -27.387  -39.163  44.293 0.0000000000
44080  -29.650  -40.173  44.084 0.0000000000
48271  -27.805  -36.278  34.059 0.0000000000
45142  -29.925  -38.455  33.940 0.0000000000
43243  -35.861  -40.437  38.413 0.0000000000
43240  -32.891  -40.474  38.428 0.0000000000
43199  -35.036  -41.144  40.400 0.0000000000
41304  -34.530  -42.605  42.183 0.0000000000
141434  -15.916  -41.490  38.250 0.0000000000
43194  -17.283  -40.715  40.692 0.0000000000
43147  -16.806  -40.403  43.203 0.0000000000
63762  -47.742  -20.651  19.851 0.0000000000
61773  -47.982  -22.218  23.440 0.0000000000
63730  -49.394  -19.966  22.360 0.0000000000
73978  -61.643  -8.816  4.674 0.0000000000
41272  -11.301  -43.218  43.320 0.0000000000
48200  -43.500  -35.429  38.722 0.0000000000
50218  -44.518  -33.446  38.699 0.0000000000
50244  -43.184  -33.394  36.452 0.0000000000
144042  -42.022  -32.179  34.138 0.0000000000
44154  -20.342  -39.522  38.628 0.0000000000
141749  -21.470  -38.840  41.329 0.0000000000
45065  -22.191  -38.555  38.585 0.0000000000
47146  -25.073  -37.519  38.852 0.0000000000
47149  -26.514  -37.602  38.483 0.0000000000
45130  -32.070  -38.788  34.063 0.0000000000
44245  -35.347  -39.176  33.678 0.0000000000
43303  -36.825  -39.941  35.588 0.0000000000
122308  -38.764  -40.711  38.166 0.0000000000
43271  -42.029  -40.647  37.871 0.0000000000
46116  -43.409  -37.905  38.578 0.0000000000
44197  -18.745  -40.294  35.489 0.0000000000
55424  -50.054  -28.743  32.098 0.0000000000
56492  -52.615  -27.527  33.973 0.0000000000
58699  -49.427  -25.488  31.327 0.0000000000
57705  -50.807  -26.474  28.599 0.0000000000
67466  -50.815  -16.793  19.012 0.0000000000
66523  -52.032  -17.912  22.069 0.0000000000
68439  -53.740  -15.571  21.093 0.0000000000
33294  -5.906  -51.056  46.354 0.0000000000
137654  -44.180  -24.650  21.522 0.0000000000
62837  -45.720  -22.188  17.734 0.0000000000
66568  -49.643  -17.501  17.060 0.0000000000
68498  -49.850  -15.054  16.766 0.0000000000
71213  -50.270  -12.039  16.374 0.0000000000
72168  -51.730  -11.114  15.132 0.0000000000
71230  -54.578  -12.036  14.019 0.0000000000
71242  -50.530  -12.750  13.160 0.0000000000
39282  -9.987  -45.159  44.658 0.0000000000
37088  -8.667  -46.973  45.576 0.0000000000
35155  -6.874  -48.553  46.729 0.0000000000
52281  -50.462  -31.518  37.219 0.0000000000
52278  -45.788  -31.867  37.363 0.0000000000
53294  -47.600  -30.741  35.800 0.0000000000
53311  -49.140  -30.664  34.027 0.0000000000
53364  -47.829  -30.265  30.367 0.0000000000
55483  -44.417  -28.225  27.612 0.0000000000
57782  -41.281  -26.823  24.832 0.0000000000
44982  -22.725  -38.945  43.326 0.0000000000
47202  -27.023  -36.965  36.018 0.0000000000
45066  -28.125  -38.763  38.542 0.0000000000
125776  -31.691  -39.495  35.716 0.0000000000
143520  -30.330  -40.614  38.506 0.0000000000
43178  -30.118  -40.886  41.396 0.0000000000
42225  -31.866  -41.972  43.327 0.0000000000
41367  -12.320  -42.543  37.369 0.0000000000
42313  -13.682  -41.793  38.101 0.0000000000
42281  -13.060  -41.905  40.297 0.0000000000
59800  -46.948  -24.324  23.759 0.0000000000
60788  -49.295  -23.603  25.844 0.0000000000
59741  -51.348  -23.486  27.549 0.0000000000
64661  -52.056  -18.832  25.163 0.0000000000
71265  -56.550  -12.280  12.185 0.0000000000
71277  -58.684  -12.187  11.080 0.0000000000
125933  -60.297  -11.420  8.813 0.0000000000
71342  -58.938  -12.531  6.257 0.0000000000
73121  -62.257  -10.588  7.505 0.0000000000
48292  -41.555  -35.861  33.488 0.0000000000
49273  -41.826  -35.005  33.800 0.0000000000
49286  -40.690  -34.464  32.538 0.0000000000
45152  -39.558  -38.034  32.940 0.0000000000
46217  -40.394  -37.455  33.108 0.0000000000
138878  -41.168  -37.663  33.892 0.0000000000
57784  -43.522  -26.749  24.529 0.0000000000
57766  -45.450  -26.867  25.399 0.0000000000
57805  -44.008  -26.463  23.534 0.0000000000
72155  -54.566  -11.361  16.848 0.0000000000
71190  -55.527  -11.747  18.577 0.0000000000
72142  -56.681  -11.412  17.551 0.0000000000
72158  -57.384  -11.571  17.114 0.0000000000
71220  -56.696  -12.238  15.470 0.0000000000
40326  -11.807  -43.662  39.348 0.0000000000
124478  -11.493  -44.356  39.671 0.0000000000
40313  -11.698  -43.620  40.324 0.0000000000
54337  -41.653  -30.051  32.052 0.0000000000
131671  -43.329  -31.042  32.299 0.0000000000
54350  -42.369  -30.203  31.429 0.0000000000
53359  -42.870  -30.377  29.861 0.0000000000
54374  -41.253  -29.762  29.589 0.0000000000
44100  -18.709  -39.799  42.259 0.0000000000
46039  -27.113  -37.901  41.369 0.0000000000
46004  -26.945  -38.373  42.918 0.0000000000
44987  -28.127  -38.869  43.116 0.0000000000
44079  -28.883  -39.800  44.313 0.0000000000
44104  -29.230  -39.661  42.716 0.0000000000
43223  -37.175  -40.464  38.902 0.0000000000
43222  -35.755  -40.560  39.217 0.0000000000
141970  -36.275  -40.698  40.351 0.0000000000
42266  -36.057  -41.438  41.599 0.0000000000
44144  -18.614  -40.278  39.673 0.0000000000
44131  -18.821  -40.010  40.394 0.0000000000
44117  -18.056  -40.111  41.841 0.0000000000
53250  -52.337  -32.382  37.671 0.0000000000
64707  -48.869  -19.758  20.288 0.0000000000
63746  -48.731  -20.210  20.971 0.0000000000
64708  -49.370  -19.499  20.838 0.0000000000
47190  -43.291  -35.950  37.426 0.0000000000
49224  -43.293  -34.425  37.413 0.0000000000
48223  -43.215  -34.980  36.855 0.0000000000
51296  -42.102  -32.932  34.757 0.0000000000
52320  -41.022  -31.777  33.746 0.0000000000
53302  -40.962  -31.345  33.584 0.0000000000
131583  -20.467  -39.488  37.048 0.0000000000
45064  -21.458  -38.937  38.287 0.0000000000
45077  -21.806  -38.830  37.057 0.0000000000
47180  -24.656  -37.532  36.688 0.0000000000
46129  -23.848  -37.871  37.120 0.0000000000
47163  -25.166  -37.458  38.020 0.0000000000
47147  -25.629  -37.546  39.229 0.0000000000
47165  -26.161  -37.278  37.856 0.0000000000
45147  -34.093  -38.762  32.863 0.0000000000
44209  -39.513  -39.874  34.816 0.0000000000
144316  -37.243  -39.768  35.098 0.0000000000
43305  -38.328  -40.283  35.891 0.0000000000
43286  -37.995  -40.458  36.644 0.0000000000
43287  -39.038  -40.651  36.470 0.0000000000
43247  -40.721  -40.969  38.260 0.0000000000
43289  -40.857  -40.841  36.793 0.0000000000
47209  -42.675  -37.129  35.797 0.0000000000
45081  -42.919  -38.735  36.959 0.0000000000
46142  -43.277  -36.992  37.590 0.0000000000
131364  -43.337  -36.782  38.649 0.0000000000
44180  -20.208  -39.594  36.166 0.0000000000
56562  -47.859  -28.054  30.946 0.0000000000
56527  -49.085  -26.810  31.845 0.0000000000
57638  -47.790  -25.903  30.908 0.0000000000
56599  -48.467  -26.959  26.940 0.0000000000
57704  -49.051  -26.308  28.122 0.0000000000
57732  -49.889  -26.983  27.420 0.0000000000
143468  -51.290  -27.206  27.692 0.0000000000
57753  -50.279  -26.873  26.784 0.0000000000
68458  -51.771  -15.722  19.089 0.0000000000
67468  -51.980  -15.949  19.891 0.0000000000
68460  -53.036  -15.052  19.907 0.0000000000
70210  -56.717  -13.640  21.345 0.0000000000
67511  -49.959  -15.950  16.715 0.0000000000
69370  -49.135  -14.652  16.434 0.0000000000
71212  -49.439  -12.087  16.362 0.0000000000
72167  -49.178  -11.168  15.573 0.0000000000
72152  -51.268  -11.354  16.064 0.0000000000
73055  -50.077  -11.074  14.842 0.0000000000
130257  -51.460  -12.011  13.736 0.0000000000
37167  -10.535  -46.578  40.595 0.0000000000
36121  -9.807  -47.636  42.616 0.0000000000
142252  -11.271  -43.496  45.977 0.0000000000
40265  -10.615  -44.102  44.024 0.0000000000
39265  -10.457  -44.317  46.250 0.0000000000
38155  -8.979  -45.830  46.617 0.0000000000
37083  -7.891  -46.987  47.143 0.0000000000
131682  -7.422  -48.008  45.952 0.0000000000
35149  -7.409  -48.399  48.005 0.0000000000
34204  -6.652  -49.647  47.611 0.0000000000
51262  -43.769  -32.818  37.364 0.0000000000
51243  -44.954  -32.808  38.375 0.0000000000
52296  -44.569  -31.992  36.393 0.0000000000
53322  -45.761  -31.395  33.508 0.0000000000
53308  -46.203  -31.212  34.851 0.0000000000
53309  -46.981  -30.833  34.437 0.0000000000
53310  -48.124  -30.638  34.438 0.0000000000
134711  -48.035  -30.995  32.529 0.0000000000
53342  -48.348  -30.798  31.683 0.0000000000
53352  -46.830  -31.098  31.162 0.0000000000
53381  -42.998  -30.226  27.719 0.0000000000
54392  -44.657  -30.018  27.892 0.0000000000
54428  -43.136  -29.011  26.548 0.0000000000
56609  -42.772  -27.358  26.325 0.0000000000
55502  -41.691  -28.501  25.651 0.0000000000
45015  -22.705  -38.282  40.902 0.0000000000
44995  -22.628  -38.706  42.384 0.0000000000
44996  -23.422  -38.434  42.290 0.0000000000
46180  -28.198  -37.694  35.408 0.0000000000
47224  -27.165  -36.572  35.328 0.0000000000
46155  -27.952  -37.844  36.246 0.0000000000
46108  -27.615  -38.166  38.009 0.0000000000
45079  -28.184  -38.726  37.571 0.0000000000
124946  -33.321  -39.224  34.796 0.0000000000
44202  -31.966  -39.250  35.132 0.0000000000
44203  -32.680  -39.408  35.500 0.0000000000
43220  -32.547  -40.904  39.080 0.0000000000
43239  -31.991  -40.652  38.481 0.0000000000
42305  -31.561  -41.140  39.268 0.0000000000
127215  -30.225  -41.008  40.012 0.0000000000
42288  -31.211  -41.704  40.719 0.0000000000
127786  -31.097  -41.659  42.194 0.0000000000
42264  -32.335  -42.279  41.615 0.0000000000
43227  -41.946  -40.878  39.906 0.0000000000
42328  -15.214  -41.575  37.942 0.0000000000
42302  -14.502  -41.591  39.364 0.0000000000
42301  -13.695  -41.735  38.955 0.0000000000
123985  -16.450  -40.558  44.081 0.0000000000
60857  -44.963  -23.137  20.925 0.0000000000
59816  -45.584  -24.353  22.419 0.0000000000
145088  -46.519  -23.216  22.546 0.0000000000
144450  -48.801  -21.645  24.129 0.0000000000
61761  -48.555  -22.771  24.535 0.0000000000
61750  -49.492  -22.685  25.587 0.0000000000
60767  -50.499  -23.832  26.913 0.0000000000
61738  -50.785  -21.861  26.786 0.0000000000
66516  -52.923  -18.046  23.270 0.0000000000
142863  -51.700  -18.612  23.138 0.0000000000
135547  -53.152  -18.359  24.691 0.0000000000
71263  -53.817  -12.490  12.323 0.0000000000
71247  -55.174  -12.158  13.209 0.0000000000
121544  -54.527  -12.478  11.886 0.0000000000
122242  -56.770  -12.254  10.734 0.0000000000
71304  -57.922  -12.289  9.447 0.0000000000
137227  -59.649  -11.706  10.055 0.0000000000
71317  -58.553  -12.320  8.698 0.0000000000
134030  -58.388  -10.879  4.818 0.0000000000
71356  -57.733  -12.070  5.209 0.0000000000
132166  -59.805  -11.532  5.736 0.0000000000
72260  -60.797  -11.265  7.190 0.0000000000
126191  -61.284  -10.696  6.816 0.0000000000
73145  -61.660  -9.790  5.757 0.0000000000
142000  -62.650  -10.804  4.427 0.0000000000
48259  -42.537  -35.570  35.179 0.0000000000
49247  -42.593  -34.691  35.385 0.0000000000
127895  -42.271  -34.906  34.619 0.0000000000
50266  -41.431  -33.338  34.059 0.0000000000
45091  -22.513  -38.588  36.392 0.0000000000
123410  -38.759  -38.529  33.034 0.0000000000
45132  -39.456  -38.887  33.629 0.0000000000
44232  -40.476  -39.544  34.623 0.0000000000
143824  -41.449  -40.039  35.918 0.0000000000
45134  -41.633  -38.206  34.629 0.0000000000
46187  -42.103  -37.647  35.185 0.0000000000
57699  -44.906  -26.764  28.268 0.0000000000
58727  -46.497  -25.710  29.138 0.0000000000
57749  -45.122  -26.617  26.989 0.0000000000
134464  -46.758  -26.862  25.949 0.0000000000
138330  -47.029  -26.631  25.352 0.0000000000
71187  -52.932  -12.583  18.102 0.0000000000
70233  -53.816  -13.603  19.292 0.0000000000
70244  -54.177  -12.750  18.920 0.0000000000
71164  -56.256  -12.860  20.058 0.0000000000
72200  -59.075  -12.355  14.362 0.0000000000
39328  -11.061  -45.054  39.813 0.0000000000
38213  -10.783  -45.903  41.278 0.0000000000
53291  -42.990  -31.996  34.283 0.0000000000
53292  -44.266  -31.995  35.038 0.0000000000
53320  -43.697  -31.700  33.523 0.0000000000
127147  -44.119  -31.445  32.669 0.0000000000
53339  -44.923  -31.290  31.931 0.0000000000
53362  -45.536  -30.878  30.268 0.0000000000
53360  -43.716  -30.732  30.071 0.0000000000
53371  -42.701  -30.332  28.842 0.0000000000
122198  -42.121  -30.074  27.504 0.0000000000
46037  -24.806  -37.855  41.293 0.0000000000
46018  -24.836  -37.970  42.135 0.0000000000
46003  -26.067  -38.148  42.748 0.0000000000
44975  -26.572  -38.997  44.369 0.0000000000
43136  -29.341  -40.317  44.971 0.0000000000
135387  -28.678  -37.375  33.770 0.0000000000
46202  -29.213  -38.428  34.537 0.0000000000
137293  -35.348  -40.161  37.151 0.0000000000
44172  -33.919  -39.877  37.044 0.0000000000
123480  -34.165  -40.170  37.906 0.0000000000
43221  -33.952  -40.925  39.566 0.0000000000
42291  -33.645  -41.539  40.180 0.0000000000
41322  -33.117  -42.475  41.603 0.0000000000
42242  -34.657  -42.150  41.468 0.0000000000
138717  -17.353  -41.005  37.161 0.0000000000
43257  -17.385  -40.994  37.965 0.0000000000
43193  -16.453  -41.017  40.316 0.0000000000
43175  -15.731  -41.043  41.729 0.0000000000
43177  -17.338  -40.507  41.537 0.0000000000
62803  -46.815  -21.818  20.887 0.0000000000
61784  -46.763  -22.594  22.239 0.0000000000
62796  -47.713  -21.247  21.436 0.0000000000
63713  -48.840  -20.607  22.771 0.0000000000
63699  -49.566  -20.508  24.223 0.0000000000
143349  -51.646  -13.435  10.420 0.0000000000
70288  -53.665  -13.273  10.930 0.0000000000
121156  -52.990  -13.615  9.728 0.0000000000
130905  -58.712  -10.173  4.727 0.0000000000
73966  -61.339  -9.367  5.092 0.0000000000
128098  -59.623  -8.865  4.381 0.0000000000
74833  -60.183  -8.154  4.112 0.0000000000
41296  -12.293  -42.395  42.393 0.0000000000
41295  -11.555  -42.961  42.374 0.0000000000
49173  -44.862  -34.985  39.178 0.0000000000
49189  -43.947  -34.875  38.938 0.0000000000
50233  -43.522  -33.304  37.790 0.0000000000
51282  -43.162  -32.901  36.195 0.0000000000
50243  -42.892  -33.641  35.880 0.0000000000
51281  -42.774  -33.006  35.490 0.0000000000
143585  -42.541  -32.443  34.628 0.0000000000
53303  -41.713  -31.698  33.744 0.0000000000
53336  -41.374  -30.559  32.986 0.0000000000
44132  -19.635  -39.694  40.179 0.0000000000
45012  -20.354  -39.278  40.510 0.0000000000
127414  -20.970  -39.013  39.775 0.0000000000
45032  -21.728  -38.616  39.978 0.0000000000
46058  -23.047  -38.059  39.637 0.0000000000
46128  -23.179  -38.124  37.430 0.0000000000
46105  -23.718  -37.889  39.044 0.0000000000
46059  -23.962  -37.876  40.028 0.0000000000
46083  -25.571  -37.629  40.005 0.0000000000
46063  -26.798  -37.761  40.522 0.0000000000
46040  -27.498  -37.980  40.670 0.0000000000
44225  -33.909  -39.154  34.212 0.0000000000
44205  -34.527  -39.584  35.297 0.0000000000
44246  -36.304  -39.207  33.785 0.0000000000
44206  -35.950  -39.735  35.300 0.0000000000
44188  -36.039  -39.977  36.077 0.0000000000
43265  -36.702  -40.364  37.139 0.0000000000
43245  -37.785  -40.561  38.144 0.0000000000
43224  -38.173  -40.577  39.057 0.0000000000
43202  -39.064  -40.542  40.477 0.0000000000
128158  -40.091  -40.844  38.954 0.0000000000
134231  -41.134  -40.917  39.179 0.0000000000
43228  -42.632  -40.478  39.483 0.0000000000
44190  -42.428  -39.660  36.912 0.0000000000
44157  -42.938  -39.937  38.563 0.0000000000
44148  -43.264  -39.579  39.369 0.0000000000
46070  -43.879  -38.021  39.845 0.0000000000
44178  -18.876  -40.289  37.118 0.0000000000
55402  -51.353  -29.094  33.871 0.0000000000
56510  -50.978  -27.686  32.809 0.0000000000
57621  -50.480  -26.423  32.059 0.0000000000
58687  -51.705  -25.947  31.783 0.0000000000
58728  -47.779  -25.184  29.639 0.0000000000
58717  -50.047  -24.925  30.393 0.0000000000
66553  -50.424  -17.443  19.440 0.0000000000
65631  -50.351  -18.334  20.685 0.0000000000
66542  -51.323  -17.282  20.630 0.0000000000
66533  -52.378  -17.224  21.688 0.0000000000
67437  -54.213  -16.558  22.409 0.0000000000
68450  -54.339  -15.076  20.984 0.0000000000
68430  -54.741  -15.982  22.209 0.0000000000
136776  -41.951  -25.495  21.700 0.0000000000
58866  -43.163  -25.331  21.655 0.0000000000
59835  -43.024  -24.541  20.744 0.0000000000
121736  -43.660  -23.552  20.195 0.0000000000
61802  -44.703  -22.763  20.141 0.0000000000
61813  -45.369  -22.323  19.623 0.0000000000
129803  -46.528  -21.569  19.094 0.0000000000
63773  -47.558  -20.608  18.919 0.0000000000
64735  -48.548  -19.600  18.645 0.0000000000
66562  -49.732  -17.840  17.966 0.0000000000
66569  -50.185  -17.101  17.565 0.0000000000
68466  -50.975  -15.895  17.802 0.0000000000
69360  -51.310  -14.179  17.567 0.0000000000
123086  -48.990  -13.800  16.503 0.0000000000
70265  -50.196  -13.456  16.882 0.0000000000
70253  -51.442  -13.256  17.519 0.0000000000
71201  -52.505  -12.056  17.464 0.0000000000
72153  -52.809  -11.397  16.462 0.0000000000
72170  -53.392  -11.434  15.579 0.0000000000
72188  -54.909  -11.965  14.948 0.0000000000
72186  -53.138  -11.576  14.673 0.0000000000
71245  -52.819  -12.236  13.307 0.0000000000
71261  -52.007  -13.035  12.364 0.0000000000
134950  -51.028  -13.458  11.289 0.0000000000
40280  -10.937  -43.755  42.536 0.0000000000
39307  -10.757  -44.750  42.414 0.0000000000
38186  -10.186  -46.200  43.542 0.0000000000
38156  -9.556  -45.252  46.806 0.0000000000
38166  -9.610  -45.803  45.189 0.0000000000
37107  -9.760  -46.860  43.930 0.0000000000
36096  -8.462  -48.042  44.407 0.0000000000
35162  -7.645  -48.385  45.026 0.0000000000
133954  -6.271  -49.470  45.099 0.0000000000
135726  -6.147  -49.661  46.649 0.0000000000
126742  -50.981  -30.761  36.387 0.0000000000
52262  -47.403  -32.129  37.802 0.0000000000
52297  -45.533  -31.746  36.359 0.0000000000
53267  -46.914  -31.468  36.736 0.0000000000
53282  -48.969  -30.795  36.318 0.0000000000
54301  -49.778  -30.587  36.066 0.0000000000
120815  -50.755  -30.006  35.016 0.0000000000
53344  -49.795  -30.339  32.399 0.0000000000
54351  -49.013  -29.723  31.185 0.0000000000
55460  -47.108  -28.887  29.765 0.0000000000
134983  -46.126  -30.664  29.876 0.0000000000
54393  -45.701  -29.469  28.557 0.0000000000
55458  -45.596  -28.054  28.953 0.0000000000
56598  -44.339  -27.148  27.810 0.0000000000
56624  -42.950  -26.967  26.238 0.0000000000
57804  -42.186  -26.302  23.621 0.0000000000
54372  -39.591  -29.587  29.339 0.0000000000
121368  -40.164  -29.770  28.484 0.0000000000
123554  -40.039  -29.861  26.653 0.0000000000
137705  -40.444  -29.761  25.782 0.0000000000
55518  -40.308  -28.502  24.539 0.0000000000
57781  -40.022  -26.799  24.192 0.0000000000
58832  -40.666  -25.897  23.418 0.0000000000
58855  -41.203  -25.679  22.413 0.0000000000
44984  -24.206  -38.833  43.763 0.0000000000
48255  -25.911  -36.184  35.254 0.0000000000
49242  -26.503  -35.945  34.841 0.0000000000
48237  -26.288  -36.754  36.212 0.0000000000
126733  -26.703  -37.441  37.662 0.0000000000
46086  -27.564  -38.225  38.969 0.0000000000
45052  -28.209  -38.712  39.632 0.0000000000
129049  -30.704  -38.611  33.864 0.0000000000
45128  -30.513  -38.840  34.521 0.0000000000
44200  -29.817  -39.526  35.938 0.0000000000
44170  -31.890  -39.922  37.154 0.0000000000
44169  -30.944  -40.061  37.210 0.0000000000
44181  -29.518  -39.767  36.752 0.0000000000
44155  -29.197  -40.007  38.461 0.0000000000
142719  -29.335  -40.125  40.048 0.0000000000
44134  -29.172  -39.738  40.821 0.0000000000
44105  -29.821  -40.378  42.220 0.0000000000
43150  -30.830  -41.184  43.391 0.0000000000
40350  -11.730  -43.178  37.370 0.0000000000
41345  -12.397  -42.584  39.267 0.0000000000
42337  -14.111  -41.549  36.608 0.0000000000
42336  -13.245  -41.655  36.257 0.0000000000
128310  -12.979  -42.049  37.784 0.0000000000
121428  -12.962  -42.021  39.367 0.0000000000
42280  -12.469  -42.319  40.076 0.0000000000
42237  -12.716  -42.036  41.716 0.0000000000
43159  -15.927  -40.840  42.686 0.0000000000
58834  -44.763  -25.671  22.745 0.0000000000
58836  -46.217  -25.391  23.497 0.0000000000
58815  -47.795  -25.157  24.896 0.0000000000
61772  -47.558  -22.766  23.377 0.0000000000
59787  -48.072  -24.218  24.865 0.0000000000
58802  -49.026  -25.626  25.843 0.0000000000
59758  -50.509  -24.919  26.687 0.0000000000
65615  -50.903  -18.729  22.169 0.0000000000
64669  -50.568  -19.300  23.426 0.0000000000
64651  -50.888  -19.719  25.157 0.0000000000
71232  -56.391  -12.431  14.458 0.0000000000
138590  -56.881  -12.550  13.812 0.0000000000
71267  -58.369  -12.555  12.675 0.0000000000
70290  -55.458  -12.688  11.110 0.0000000000
121749  -57.099  -12.190  11.585 0.0000000000
72209  -59.803  -11.998  12.190 0.0000000000
73071  -60.939  -11.086  11.535 0.0000000000
73083  -61.772  -10.703  10.708 0.0000000000
70340  -58.053  -13.248  7.130 0.0000000000
140633  -59.881  -11.687  8.155 0.0000000000
73106  -61.246  -11.107  8.450 0.0000000000
72286  -62.683  -10.443  5.317 0.0000000000
48309  -40.885  -35.827  32.720 0.0000000000
49272  -41.211  -35.090  33.026 0.0000000000
47287  -40.255  -36.545  32.483 0.0000000000
140402  -41.040  -36.691  33.275 0.0000000000
122744  -43.151  -26.481  23.624 0.0000000000
57824  -43.630  -26.161  22.920 0.0000000000
72156  -55.498  -11.390  16.901 0.0000000000
72141  -55.303  -11.342  17.418 0.0000000000
142301  -55.942  -11.357  17.362 0.0000000000
72157  -56.407  -11.610  16.852 0.0000000000
121405  -57.169  -11.927  16.295 0.0000000000
72172  -55.868  -11.867  16.097 0.0000000000
41333  -12.009  -42.893  39.950 0.0000000000
54349  -41.687  -29.771  31.207 0.0000000000
54360  -41.507  -29.719  30.396 0.0000000000
126170  -19.464  -39.576  41.871 0.0000000000
44119  -19.555  -39.653  40.965 0.0000000000
46022  -27.749  -38.199  41.415 0.0000000000
46021  -27.417  -38.182  42.144 0.0000000000
122441  -28.223  -38.657  42.150 0.0000000000
44988  -28.686  -39.143  42.833 0.0000000000
45000  -28.871  -39.182  42.207 0.0000000000
121579  -37.417  -40.499  39.710 0.0000000000
131497  -36.516  -40.532  39.624 0.0000000000
43200  -36.926  -40.574  40.342 0.0000000000
122181  -37.318  -40.687  41.002 0.0000000000
44118  -18.776  -39.914  41.381 0.0000000000
64723  -49.215  -19.235  19.931 0.0000000000
65630  -49.742  -18.778  20.338 0.0000000000
51307  -40.573  -31.893  33.606 0.0000000000
138011  -41.184  -32.218  33.959 0.0000000000
45076  -21.048  -39.153  37.543 0.0000000000
47200  -25.315  -37.050  36.269 0.0000000000
47181  -25.239  -37.265  37.139 0.0000000000
47182  -25.753  -37.157  37.499 0.0000000000
44208  -38.554  -39.927  35.102 0.0000000000
128114  -39.249  -40.329  35.577 0.0000000000
43306  -39.878  -40.653  35.952 0.0000000000
43288  -40.057  -40.861  36.637 0.0000000000
44189  -40.759  -40.547  36.024 0.0000000000
126342  -43.169  -36.628  36.577 0.0000000000
144196  -43.280  -36.391  38.071 0.0000000000
56561  -47.235  -27.479  30.561 0.0000000000
56545  -47.718  -26.984  31.111 0.0000000000
57657  -47.163  -26.462  30.548 0.0000000000
56613  -48.488  -26.822  26.465 0.0000000000
56600  -49.233  -27.037  26.886 0.0000000000
56601  -50.022  -27.186  26.950 0.0000000000
128614  -49.666  -26.919  26.662 0.0000000000
68468  -52.104  -15.046  18.792 0.0000000000
68459  -52.372  -15.343  19.522 0.0000000000
69341  -52.730  -14.678  19.231 0.0000000000
69321  -57.255  -13.789  21.988 0.0000000000
138778  -48.763  -15.877  16.228 0.0000000000
73054  -49.778  -11.000  15.252 0.0000000000
72182  -49.243  -11.369  14.833 0.0000000000
141614  -49.810  -11.647  14.352 0.0000000000
37146  -10.554  -46.688  41.370 0.0000000000
37166  -10.114  -47.280  40.964 0.0000000000
36138  -9.698  -47.758  41.687 0.0000000000
40237  -10.808  -43.902  45.658 0.0000000000
40227  -10.939  -43.845  46.517 0.0000000000
36082  -7.603  -47.691  47.703 0.0000000000
35143  -7.818  -48.453  48.437 0.0000000000
52276  -44.018  -32.348  36.742 0.0000000000
128290  -46.106  -31.238  32.847 0.0000000000
53323  -46.583  -31.029  33.540 0.0000000000
128853  -47.029  -31.060  32.714 0.0000000000
53324  -47.553  -30.892  33.491 0.0000000000
137697  -47.458  -31.094  31.805 0.0000000000
54410  -42.747  -29.815  26.865 0.0000000000
54411  -43.570  -29.753  26.996 0.0000000000
54427  -42.442  -29.221  26.322 0.0000000000
55493  -42.658  -28.251  26.275 0.0000000000
45016  -23.071  -38.338  41.631 0.0000000000
46017  -23.971  -38.026  41.750 0.0000000000
45092  -28.320  -38.643  36.663 0.0000000000
44204  -33.690  -39.511  35.465 0.0000000000
44185  -33.289  -39.654  36.268 0.0000000000
42306  -32.314  -41.394  39.647 0.0000000000
42289  -31.759  -41.632  40.104 0.0000000000
43198  -30.914  -41.373  39.969 0.0000000000
122575  -32.017  -41.995  40.849 0.0000000000
42263  -31.529  -41.940  41.521 0.0000000000
43206  -42.537  -40.576  40.758 0.0000000000
134697  -15.161  -41.379  41.050 0.0000000000
60846  -45.384  -23.601  21.762 0.0000000000
60847  -46.112  -23.015  21.962 0.0000000000
62756  -49.292  -21.308  24.536 0.0000000000
138124  -49.043  -22.218  24.743 0.0000000000
62741  -49.714  -21.779  25.314 0.0000000000
61751  -50.139  -22.274  26.136 0.0000000000
127519  -53.557  -17.569  23.065 0.0000000000
65609  -53.025  -18.247  24.029 0.0000000000
71262  -52.839  -12.788  12.539 0.0000000000
70280  -53.243  -13.050  11.734 0.0000000000
71316  -57.638  -12.956  8.577 0.0000000000
72296  -59.132  -10.782  4.855 0.0000000000
71370  -58.605  -11.617  5.024 0.0000000000
72285  -60.246  -10.884  5.524 0.0000000000
72271  -60.447  -11.253  6.386 0.0000000000
73131  -61.072  -10.423  6.029 0.0000000000
73132  -61.767  -10.129  6.459 0.0000000000
73144  -60.799  -10.076  5.349 0.0000000000
47233  -42.287  -36.627  34.973 0.0000000000
49258  -41.223  -34.154  33.409 0.0000000000
50279  -40.744  -33.218  33.351 0.0000000000
45169  -38.831  -38.000  32.492 0.0000000000
123427  -40.204  -38.998  34.047 0.0000000000
44231  -39.717  -39.402  34.238 0.0000000000
45111  -41.367  -39.088  34.908 0.0000000000
45133  -40.928  -38.688  34.229 0.0000000000
131618  -41.704  -36.686  34.063 0.0000000000
129866  -41.830  -37.385  34.517 0.0000000000
57728  -44.606  -26.784  27.587 0.0000000000
122673  -45.417  -26.387  27.849 0.0000000000
122132  -45.838  -26.849  26.071 0.0000000000
57767  -46.340  -26.794  25.255 0.0000000000
57787  -46.690  -26.351  24.680 0.0000000000
70243  -53.391  -13.111  18.672 0.0000000000
71188  -53.709  -12.251  18.297 0.0000000000
71177  -56.752  -11.913  19.320 0.0000000000
71165  -56.828  -12.389  19.874 0.0000000000
71178  -57.399  -11.918  19.631 0.0000000000
121563  -59.216  -12.169  15.070 0.0000000000
72191  -60.059  -11.890  14.709 0.0000000000
40312  -11.290  -44.309  40.666 0.0000000000
39318  -10.947  -45.042  40.900 0.0000000000
38225  -10.804  -45.834  40.230 0.0000000000
133010  -10.823  -45.109  41.687 0.0000000000
126380  -43.032  -31.761  33.858 0.0000000000
53319  -42.819  -31.491  33.466 0.0000000000
125600  -43.105  -30.779  31.597 0.0000000000
53338  -43.940  -31.156  31.806 0.0000000000
53350  -44.505  -31.097  31.250 0.0000000000
124632  -41.798  -29.987  28.901 0.0000000000
54391  -42.218  -30.197  28.233 0.0000000000
46038  -25.496  -37.848  41.645 0.0000000000
141826  -25.516  -37.969  42.298 0.0000000000
46019  -26.012  -37.900  42.029 0.0000000000
125520  -27.498  -38.808  43.432 0.0000000000
123685  -26.962  -38.807  43.702 0.0000000000
46215  -29.182  -37.944  33.807 0.0000000000
43263  -34.673  -40.077  37.362 0.0000000000
129497  -35.080  -40.284  38.006 0.0000000000
121624  -34.892  -40.744  39.576 0.0000000000
141077  -34.371  -41.201  40.106 0.0000000000
42292  -34.330  -41.784  40.778 0.0000000000
42293  -35.201  -41.633  41.122 0.0000000000
137812  -35.955  -41.958  42.402 0.0000000000
43258  -18.114  -40.724  37.615 0.0000000000
43195  -17.982  -40.539  40.070 0.0000000000
43176  -16.552  -40.844  41.218 0.0000000000
44099  -18.073  -39.936  42.560 0.0000000000
62804  -47.338  -21.253  20.515 0.0000000000
142729  -47.258  -21.555  21.143 0.0000000000
63729  -48.765  -20.397  21.898 0.0000000000
62769  -48.914  -20.967  23.683 0.0000000000
63714  -49.419  -20.241  23.325 0.0000000000
70301  -52.275  -13.534  10.280 0.0000000000
73976  -58.221  -9.355  4.905 0.0000000000
73977  -59.019  -9.434  4.608 0.0000000000
74832  -58.722  -8.564  4.675 0.0000000000
41209  -12.206  -42.908  46.502 0.0000000000
47154  -43.913  -35.844  39.255 0.0000000000
49171  -44.293  -35.353  39.373 0.0000000000
49205  -43.321  -34.286  38.053 0.0000000000
50232  -43.330  -33.736  37.403 0.0000000000
51261  -43.349  -33.131  37.024 0.0000000000
143576  -42.359  -34.211  34.860 0.0000000000
125277  -42.582  -33.897  35.396 0.0000000000
52309  -41.727  -32.320  34.133 0.0000000000
52293  -42.310  -32.620  34.763 0.0000000000
52294  -42.895  -32.677  35.353 0.0000000000
53290  -42.439  -31.997  34.137 0.0000000000
130401  -40.824  -30.904  33.448 0.0000000000
44133  -20.150  -39.507  39.461 0.0000000000
45049  -20.909  -39.221  38.935 0.0000000000
45050  -21.599  -38.801  39.166 0.0000000000
45051  -22.304  -38.382  39.397 0.0000000000
45033  -22.455  -38.295  40.176 0.0000000000
46153  -23.204  -38.193  36.682 0.0000000000
46106  -24.425  -37.662  38.489 0.0000000000
124699  -23.595  -37.898  38.077 0.0000000000
144843  -24.437  -37.735  39.215 0.0000000000
46060  -24.842  -37.805  40.452 0.0000000000
138745  -24.944  -37.712  39.624 0.0000000000
47148  -26.109  -37.534  38.882 0.0000000000
47130  -26.037  -37.537  39.611 0.0000000000
46084  -26.515  -37.671  39.597 0.0000000000
131221  -27.102  -37.817  39.998 0.0000000000
44244  -34.471  -39.071  33.609 0.0000000000
44226  -34.748  -39.400  34.455 0.0000000000
121394  -37.864  -38.804  33.177 0.0000000000
45150  -36.885  -38.882  33.038 0.0000000000
44247  -37.261  -39.243  33.883 0.0000000000
44228  -36.717  -39.575  34.694 0.0000000000
121085  -36.041  -40.218  36.798 0.0000000000
43284  -36.717  -40.225  36.389 0.0000000000
43267  -38.402  -40.639  37.355 0.0000000000
43266  -37.483  -40.477  37.341 0.0000000000
128299  -39.170  -40.707  38.922 0.0000000000
43270  -41.347  -40.865  37.483 0.0000000000
43248  -41.633  -40.903  38.379 0.0000000000
139625  -42.051  -40.882  39.065 0.0000000000
43249  -42.365  -40.571  38.518 0.0000000000
44211  -41.718  -39.381  35.612 0.0000000000
138092  -41.907  -39.676  36.226 0.0000000000
120876  -43.231  -38.079  37.657 0.0000000000
138958  -43.020  -39.191  37.763 0.0000000000
139730  -43.306  -38.956  38.611 0.0000000000
45057  -43.572  -38.459  39.287 0.0000000000
47170  -43.418  -36.089  38.945 0.0000000000
47153  -43.679  -36.588  39.270 0.0000000000
47135  -44.160  -36.491  39.723 0.0000000000
127801  -18.619  -40.430  36.277 0.0000000000
44153  -19.567  -39.874  38.626 0.0000000000
54338  -50.378  -29.609  32.497 0.0000000000
55414  -51.289  -28.440  33.340 0.0000000000
54339  -50.696  -28.626  32.715 0.0000000000
57640  -48.976  -26.040  31.579 0.0000000000
128139  -49.865  -26.969  32.180 0.0000000000
57622  -51.397  -26.428  32.203 0.0000000000
58685  -50.091  -25.740  31.592 0.0000000000
141058  -47.119  -25.525  29.576 0.0000000000
58746  -47.344  -25.349  28.944 0.0000000000
128566  -50.007  -26.446  28.272 0.0000000000
58748  -49.233  -25.524  29.011 0.0000000000
58731  -50.604  -25.539  29.643 0.0000000000
58718  -50.848  -25.268  30.576 0.0000000000
58732  -51.590  -25.821  29.856 0.0000000000
57675  -51.416  -26.396  28.991 0.0000000000
57707  -52.500  -27.114  28.148 0.0000000000
66541  -50.655  -17.655  20.278 0.0000000000
66554  -50.981  -16.972  19.882 0.0000000000
67454  -52.968  -15.921  20.886 0.0000000000
67453  -52.303  -16.252  20.596 0.0000000000
67445  -53.333  -16.223  21.524 0.0000000000
66534  -53.046  -16.818  21.949 0.0000000000
67436  -53.625  -16.521  22.054 0.0000000000
124800  -54.230  -14.090  19.953 0.0000000000
69333  -54.631  -14.501  20.646 0.0000000000
68441  -55.224  -15.373  21.950 0.0000000000
139961  -5.410  -50.670  45.044 0.0000000000
33303  -5.518  -51.040  45.691 0.0000000000
60868  -43.325  -23.381  19.557 0.0000000000
60869  -44.048  -23.081  19.783 0.0000000000
61830  -45.164  -22.508  18.500 0.0000000000
62824  -45.872  -22.008  18.783 0.0000000000
62825  -46.430  -21.670  18.091 0.0000000000
63781  -47.480  -20.640  17.977 0.0000000000
63782  -47.988  -20.107  18.320 0.0000000000
64748  -48.394  -19.564  17.552 0.0000000000
128083  -49.258  -18.416  17.829 0.0000000000
67495  -50.427  -16.338  17.305 0.0000000000
68480  -50.519  -15.496  17.186 0.0000000000
68481  -51.157  -15.068  17.618 0.0000000000
69359  -50.522  -14.460  17.128 0.0000000000
125236  -50.014  -12.689  16.621 0.0000000000
70252  -50.866  -13.639  17.222 0.0000000000
71199  -50.778  -12.727  16.991 0.0000000000
71200  -51.662  -12.340  17.236 0.0000000000
71214  -51.123  -11.878  16.547 0.0000000000
73046  -51.147  -11.088  15.550 0.0000000000
122725  -52.064  -11.191  15.927 0.0000000000
128511  -52.855  -11.237  16.005 0.0000000000
72169  -52.573  -11.238  15.368 0.0000000000
72185  -52.322  -11.488  14.517 0.0000000000
72199  -50.906  -12.073  13.734 0.0000000000
71228  -52.066  -12.030  13.714 0.0000000000
71243  -51.389  -12.472  13.322 0.0000000000
71244  -52.070  -12.649  12.984 0.0000000000
36120  -9.155  -48.085  42.277 0.0000000000
137544  -10.866  -43.749  43.458 0.0000000000
39283  -10.385  -44.504  44.552 0.0000000000
122835  -10.676  -44.405  43.258 0.0000000000
39295  -10.368  -44.818  43.926 0.0000000000
38187  -10.530  -45.380  43.155 0.0000000000
39294  -10.140  -45.490  43.929 0.0000000000
39258  -10.210  -44.621  47.077 0.0000000000
37084  -8.513  -46.571  46.451 0.0000000000
38159  -9.038  -46.174  45.752 0.0000000000
37096  -9.306  -46.685  44.852 0.0000000000
37106  -9.222  -47.454  44.216 0.0000000000
37095  -8.810  -47.384  44.893 0.0000000000
130323  -6.974  -48.933  44.611 0.0000000000
35161  -6.782  -48.818  45.684 0.0000000000
34220  -6.088  -49.537  45.988 0.0000000000
130001  -6.404  -49.167  46.455 0.0000000000
33273  -7.058  -50.006  47.973 0.0000000000
52251  -51.976  -33.085  37.883 0.0000000000
52267  -51.511  -33.014  38.159 0.0000000000
53271  -50.728  -31.091  36.769 0.0000000000
50201  -44.797  -34.007  38.979 0.0000000000
50185  -45.178  -34.332  38.921 0.0000000000
51226  -45.171  -33.373  38.757 0.0000000000
52259  -45.366  -32.248  37.921 0.0000000000
51244  -45.829  -32.658  38.311 0.0000000000
143680  -46.461  -32.202  37.962 0.0000000000
52261  -46.616  -32.371  38.012 0.0000000000
52279  -46.623  -31.900  37.410 0.0000000000
53306  -44.581  -31.854  34.267 0.0000000000
52312  -44.706  -31.914  35.762 0.0000000000
121520  -45.333  -31.727  35.168 0.0000000000
121620  -46.889  -30.876  35.366 0.0000000000
121159  -46.910  -31.023  36.120 0.0000000000
53268  -47.577  -31.607  37.060 0.0000000000
121851  -48.328  -31.090  36.659 0.0000000000
129514  -48.997  -31.148  36.848 0.0000000000
120716  -48.307  -30.708  36.103 0.0000000000
54309  -48.967  -30.466  35.813 0.0000000000
54310  -49.859  -30.418  35.438 0.0000000000
136206  -50.492  -30.282  35.691 0.0000000000
54319  -50.078  -30.439  34.268 0.0000000000
54326  -50.357  -30.150  33.236 0.0000000000
53326  -49.576  -30.653  33.229 0.0000000000
53354  -48.428  -30.342  31.057 0.0000000000
54362  -47.744  -29.392  30.150 0.0000000000
54376  -47.229  -29.908  29.745 0.0000000000
122207  -45.363  -30.720  29.535 0.0000000000
139922  -44.827  -29.316  27.714 0.0000000000
145680  -45.189  -29.659  28.072 0.0000000000
55473  -45.156  -28.744  28.130 0.0000000000
56586  -44.864  -27.465  28.362 0.0000000000
56597  -43.815  -27.479  27.163 0.0000000000
56623  -42.308  -27.099  25.864 0.0000000000
57763  -41.985  -26.815  25.186 0.0000000000
121828  -42.737  -26.860  25.407 0.0000000000
133781  -41.782  -26.579  24.492 0.0000000000
54408  -39.468  -29.732  27.645 0.0000000000
54424  -39.686  -29.772  25.931 0.0000000000
54440  -39.380  -29.654  25.283 0.0000000000
55517  -39.533  -28.835  24.191 0.0000000000
132578  -39.772  -28.090  24.188 0.0000000000
127272  -40.200  -27.464  24.375 0.0000000000
56635  -39.560  -27.356  24.079 0.0000000000
144108  -20.815  -39.050  41.143 0.0000000000
44997  -24.168  -38.459  42.838 0.0000000000
49243  -26.829  -36.115  34.946 0.0000000000
48257  -26.613  -36.496  35.584 0.0000000000
48238  -26.578  -36.894  36.362 0.0000000000
47183  -26.413  -37.055  37.102 0.0000000000
47184  -26.845  -37.244  36.882 0.0000000000
45110  -31.176  -39.160  35.060 0.0000000000
45109  -30.220  -39.171  35.216 0.0000000000
44201  -30.749  -39.566  35.800 0.0000000000
43262  -33.325  -40.084  37.801 0.0000000000
44171  -32.865  -39.834  37.098 0.0000000000
43261  -32.413  -40.197  37.808 0.0000000000
43238  -31.057  -40.737  38.516 0.0000000000
43260  -31.478  -40.355  37.832 0.0000000000
43259  -30.596  -40.414  37.898 0.0000000000
44168  -30.059  -40.148  37.319 0.0000000000
44156  -29.840  -40.345  38.079 0.0000000000
44167  -29.293  -39.924  37.600 0.0000000000
43218  -29.741  -40.605  39.662 0.0000000000
43196  -29.762  -40.604  40.564 0.0000000000
44121  -29.594  -40.287  41.365 0.0000000000
42240  -31.312  -41.658  42.965 0.0000000000
145208  -30.815  -41.273  42.714 0.0000000000
41303  -33.659  -42.735  42.340 0.0000000000
128300  -40.053  -40.581  40.358 0.0000000000
41354  -12.188  -42.869  38.353 0.0000000000
43256  -16.651  -41.249  37.290 0.0000000000
120997  -16.081  -41.269  36.701 0.0000000000
43255  -15.956  -41.445  37.529 0.0000000000
42327  -14.357  -41.642  37.556 0.0000000000
42326  -13.512  -41.776  37.209 0.0000000000
129702  -13.724  -41.697  39.813 0.0000000000
42259  -12.562  -42.186  40.874 0.0000000000
42260  -13.285  -41.838  41.108 0.0000000000
43160  -16.618  -40.637  42.116 0.0000000000
56477  -53.210  -28.229  34.534 0.0000000000
58867  -43.794  -25.284  21.840 0.0000000000
58857  -44.070  -25.717  22.434 0.0000000000
134976  -44.519  -25.168  22.134 0.0000000000
59817  -46.120  -24.307  22.853 0.0000000000
59798  -45.876  -24.952  22.952 0.0000000000
59799  -46.450  -24.697  23.384 0.0000000000
58814  -46.914  -25.343  24.186 0.0000000000
60808  -47.465  -24.353  24.310 0.0000000000
61785  -47.450  -22.219  22.695 0.0000000000
60834  -47.053  -23.015  22.945 0.0000000000
60810  -48.904  -23.095  25.125 0.0000000000
60809  -48.338  -23.425  24.717 0.0000000000
60787  -48.658  -23.948  25.387 0.0000000000
59771  -48.499  -24.901  25.413 0.0000000000
59772  -49.221  -24.678  25.954 0.0000000000
59757  -49.895  -25.060  26.351 0.0000000000
60766  -49.829  -24.177  26.417 0.0000000000
59742  -51.286  -24.653  27.115 0.0000000000
121494  -52.135  -24.425  27.567 0.0000000000
65632  -51.004  -17.949  21.017 0.0000000000
65623  -50.658  -18.553  21.432 0.0000000000
141696  -51.884  -18.773  24.401 0.0000000000
64670  -51.323  -18.898  23.825 0.0000000000
64660  -51.373  -19.133  24.753 0.0000000000
64659  -50.699  -19.474  24.299 0.0000000000
64652  -51.602  -19.364  25.611 0.0000000000
72189  -55.751  -12.187  15.148 0.0000000000
71231  -55.491  -12.237  14.225 0.0000000000
123886  -55.940  -12.285  12.705 0.0000000000
133817  -56.113  -12.368  13.573 0.0000000000
71248  -56.771  -12.416  13.029 0.0000000000
71249  -57.697  -12.612  13.458 0.0000000000
71266  -57.424  -12.426  12.453 0.0000000000
70289  -54.592  -12.953  11.109 0.0000000000
70304  -55.138  -13.287  10.280 0.0000000000
124757  -57.638  -12.099  10.914 0.0000000000
71278  -58.964  -12.394  12.004 0.0000000000
72214  -59.452  -12.121  11.514 0.0000000000
72215  -60.165  -11.687  11.502 0.0000000000
72222  -59.579  -11.910  10.843 0.0000000000
72235  -60.413  -11.395  9.730 0.0000000000
72223  -60.480  -11.408  10.685 0.0000000000
73082  -61.189  -10.994  10.215 0.0000000000
73094  -61.818  -10.717  9.843 0.0000000000
73093  -61.184  -11.105  9.332 0.0000000000
71357  -58.378  -12.389  5.578 0.0000000000
71341  -58.062  -12.995  6.346 0.0000000000
70351  -57.382  -13.436  6.879 0.0000000000
130130  -58.730  -12.849  7.059 0.0000000000
71318  -59.227  -12.286  7.860 0.0000000000
71330  -59.382  -12.385  6.946 0.0000000000
73119  -61.343  -10.936  7.604 0.0000000000
72247  -60.622  -11.415  7.928 0.0000000000
73120  -61.845  -10.686  8.034 0.0000000000
73108  -62.253  -10.646  8.435 0.0000000000
73967  -61.954  -9.335  5.283 0.0000000000
73968  -62.322  -9.608  5.195 0.0000000000
46236  -39.767  -37.269  32.587 0.0000000000
57764  -43.491  -26.859  25.662 0.0000000000
57765  -44.412  -26.852  25.785 0.0000000000
121919  -44.193  -26.855  24.950 0.0000000000
129768  -44.515  -26.658  24.126 0.0000000000
57807  -45.377  -26.449  23.913 0.0000000000
72139  -53.750  -11.428  17.149 0.0000000000
72140  -54.569  -11.410  17.546 0.0000000000
72128  -55.984  -11.353  17.921 0.0000000000
72143  -57.626  -11.388  17.775 0.0000000000
121928  -58.279  -11.425  17.327 0.0000000000
72159  -58.920  -11.463  16.959 0.0000000000
121537  -58.230  -11.797  16.497 0.0000000000
72173  -57.778  -12.202  15.561 0.0000000000
40338  -11.831  -43.562  38.327 0.0000000000
40325  -11.300  -44.478  38.512 0.0000000000
53337  -42.434  -30.686  32.380 0.0000000000
121613  -43.070  -31.262  32.941 0.0000000000
53349  -42.989  -30.504  30.757 0.0000000000
54361  -42.281  -29.977  30.567 0.0000000000
54375  -42.077  -29.959  29.707 0.0000000000
121722  -41.008  -29.847  28.786 0.0000000000
46020  -26.673  -37.943  42.113 0.0000000000
44999  -27.631  -38.566  42.751 0.0000000000
44977  -27.999  -39.007  43.813 0.0000000000
44078  -28.114  -39.492  44.374 0.0000000000
44093  -28.546  -39.339  43.595 0.0000000000
143525  -28.921  -39.418  43.184 0.0000000000
44094  -29.817  -40.158  43.207 0.0000000000
137306  -36.415  -40.476  38.836 0.0000000000
124231  -35.688  -40.721  40.015 0.0000000000
43179  -35.779  -41.028  40.754 0.0000000000
42267  -36.992  -41.062  41.685 0.0000000000
44130  -18.064  -40.353  40.991 0.0000000000
63763  -48.381  -20.205  20.108 0.0000000000
62805  -48.031  -20.714  20.729 0.0000000000
63747  -49.205  -19.931  21.544 0.0000000000
64691  -49.712  -19.498  21.674 0.0000000000
139471  -43.308  -35.931  38.386 0.0000000000
48210  -43.305  -35.083  37.960 0.0000000000
50231  -43.195  -34.086  36.675 0.0000000000
50254  -41.724  -32.755  34.419 0.0000000000
121439  -41.460  -31.821  33.805 0.0000000000
44165  -20.222  -39.619  37.848 0.0000000000
45063  -20.802  -39.295  38.252 0.0000000000
137424  -22.085  -38.700  37.813 0.0000000000
46154  -23.924  -37.812  36.174 0.0000000000
46130  -24.513  -37.626  37.612 0.0000000000
47164  -25.702  -37.407  38.407 0.0000000000
44230  -38.818  -39.473  34.246 0.0000000000
44229  -37.763  -39.605  34.631 0.0000000000
44207  -37.692  -39.952  35.420 0.0000000000
43304  -37.464  -40.240  36.103 0.0000000000
43268  -39.383  -40.836  37.368 0.0000000000
43246  -39.734  -40.877  38.178 0.0000000000
43269  -40.357  -40.944  37.439 0.0000000000
46162  -42.354  -37.963  35.830 0.0000000000
46141  -42.973  -37.770  36.597 0.0000000000
145315  -43.303  -37.408  38.165 0.0000000000
44179  -19.275  -40.006  36.262 0.0000000000
132675  -19.746  -39.813  37.042 0.0000000000
55433  -49.330  -28.796  31.489 0.0000000000
56528  -49.498  -27.775  31.967 0.0000000000
56546  -48.589  -27.681  31.478 0.0000000000
57639  -48.395  -26.463  31.421 0.0000000000
58698  -48.587  -25.493  31.098 0.0000000000
57730  -47.716  -26.600  27.336 0.0000000000
57703  -47.991  -26.053  28.142 0.0000000000
57731  -48.774  -26.792  27.387 0.0000000000
128885  -50.819  -27.090  27.838 0.0000000000
57706  -51.616  -27.096  28.184 0.0000000000
141395  -50.793  -27.166  27.285 0.0000000000
57754  -51.147  -26.754  26.989 0.0000000000
67481  -51.226  -16.164  18.605 0.0000000000
67467  -51.402  -16.363  19.459 0.0000000000
68448  -52.630  -15.636  20.230 0.0000000000
139354  -53.232  -15.405  20.499 0.0000000000
70227  -55.992  -13.548  20.616 0.0000000000
69334  -55.406  -14.258  20.987 0.0000000000
70209  -56.087  -14.090  21.313 0.0000000000
73065  -61.837  -10.888  12.128 0.0000000000
66578  -49.236  -17.116  16.448 0.0000000000
67494  -49.884  -16.760  16.818 0.0000000000
67510  -49.355  -16.329  16.387 0.0000000000
68497  -49.313  -15.529  16.392 0.0000000000
72149  -48.848  -11.557  16.057 0.0000000000
72150  -49.674  -11.458  16.000 0.0000000000
72151  -50.511  -11.434  16.028 0.0000000000
73044  -50.019  -11.124  15.658 0.0000000000
73050  -50.407  -10.975  15.346 0.0000000000
73051  -50.867  -11.059  14.920 0.0000000000
72184  -51.430  -11.573  14.297 0.0000000000
72183  -50.529  -11.559  14.335 0.0000000000
72198  -50.072  -12.265  13.770 0.0000000000
125750  -9.288  -47.932  42.979 0.0000000000
40238  -11.334  -43.395  45.108 0.0000000000
40250  -10.710  -43.960  44.804 0.0000000000
138316  -10.285  -44.539  45.352 0.0000000000
38151  -9.144  -45.783  48.192 0.0000000000
37081  -8.564  -46.264  47.511 0.0000000000
37087  -7.976  -47.276  46.208 0.0000000000
36085  -7.438  -47.748  46.866 0.0000000000
34212  -6.420  -49.313  47.072 0.0000000000
35148  -6.895  -48.876  47.570 0.0000000000
35142  -7.264  -49.130  48.149 0.0000000000
51242  -44.095  -32.986  38.159 0.0000000000
51263  -44.526  -32.513  37.652 0.0000000000
52277  -44.927  -32.021  37.141 0.0000000000
122349  -46.226  -31.196  34.122 0.0000000000
125620  -47.543  -30.642  35.130 0.0000000000
53295  -48.236  -30.501  35.457 0.0000000000
53325  -48.602  -30.842  33.331 0.0000000000
53343  -48.970  -30.745  32.423 0.0000000000
53353  -47.703  -30.776  30.999 0.0000000000
53363  -46.986  -30.673  30.258 0.0000000000
53383  -44.274  -30.442  28.427 0.0000000000
53390  -43.932  -30.165  27.706 0.0000000000
54412  -44.273  -29.488  27.353 0.0000000000
55482  -43.796  -28.649  26.929 0.0000000000
55494  -43.227  -27.813  26.672 0.0000000000
55503  -42.185  -27.748  25.956 0.0000000000
56622  -41.629  -27.476  25.379 0.0000000000
45014  -21.943  -38.531  40.755 0.0000000000
135241  -22.240  -38.568  41.523 0.0000000000
125464  -23.295  -38.690  42.864 0.0000000000
44974  -25.642  -38.869  44.237 0.0000000000
44973  -24.642  -39.000  44.538 0.0000000000
47245  -27.854  -36.848  34.886 0.0000000000
48270  -27.249  -36.129  34.609 0.0000000000
47225  -27.570  -37.169  35.769 0.0000000000
47203  -27.332  -37.461  36.570 0.0000000000
46132  -27.717  -38.052  37.085 0.0000000000
45131  -33.042  -38.849  33.967 0.0000000000
44224  -32.488  -39.066  34.705 0.0000000000
44184  -32.291  -39.673  36.371 0.0000000000
43219  -30.477  -40.913  39.242 0.0000000000
43197  -30.455  -41.248  40.669 0.0000000000
42262  -30.768  -41.500  41.428 0.0000000000
42241  -31.893  -42.144  42.444 0.0000000000
42315  -15.377  -41.528  38.888 0.0000000000
42314  -14.459  -41.637  38.475 0.0000000000
42282  -13.763  -41.701  40.560 0.0000000000
43148  -17.426  -40.120  43.784 0.0000000000
60845  -44.571  -23.895  21.257 0.0000000000
59815  -44.910  -24.466  21.934 0.0000000000
60833  -46.059  -23.714  22.439 0.0000000000
60822  -46.616  -23.801  23.123 0.0000000000
62768  -48.442  -21.633  23.535 0.0000000000
139164  -48.470  -22.231  24.071 0.0000000000
60789  -49.906  -23.203  26.366 0.0000000000
125346  -50.563  -22.821  26.947 0.0000000000
61722  -51.237  -22.475  27.538 0.0000000000
65616  -51.569  -18.451  22.455 0.0000000000
65617  -52.251  -18.235  22.825 0.0000000000
65608  -52.239  -18.507  23.707 0.0000000000
65600  -52.525  -18.559  24.543 0.0000000000
71246  -54.211  -12.072  13.121 0.0000000000
125491  -54.581  -12.189  12.544 0.0000000000
71264  -55.187  -12.236  12.296 0.0000000000
121539  -55.755  -12.335  11.880 0.0000000000
71288  -57.321  -12.231  10.107 0.0000000000
71289  -58.178  -12.046  10.216 0.0000000000
72221  -58.976  -11.956  10.326 0.0000000000
72233  -58.873  -11.920  9.535 0.0000000000
72246  -59.382  -11.799  8.757 0.0000000000
72295  -57.734  -11.270  4.970 0.0000000000
71358  -59.181  -11.989  5.566 0.0000000000
72270  -59.667  -11.988  6.321 0.0000000000
72259  -60.055  -11.816  7.257 0.0000000000
128939  -61.817  -10.419  7.199 0.0000000000
73133  -62.324  -10.420  6.634 0.0000000000
74835  -61.654  -8.463  4.196 0.0000000000
73979  -61.984  -8.933  4.794 0.0000000000
73980  -62.325  -9.395  4.528 0.0000000000
132076  -42.907  -36.160  35.777 0.0000000000
48241  -42.931  -35.234  35.945 0.0000000000
49259  -41.957  -34.177  34.223 0.0000000000
45090  -21.742  -38.839  36.079 0.0000000000
46179  -23.903  -37.773  35.120 0.0000000000
47199  -24.760  -37.277  35.684 0.0000000000
134511  -25.376  -36.767  35.581 0.0000000000
45168  -37.350  -38.393  32.263 0.0000000000
45151  -38.593  -39.008  33.605 0.0000000000
44210  -41.043  -39.881  35.345 0.0000000000
45112  -41.920  -38.534  35.368 0.0000000000
56587  -45.231  -26.909  28.922 0.0000000000
57674  -46.205  -26.393  29.612 0.0000000000
57700  -45.424  -26.428  28.564 0.0000000000
57701  -45.980  -25.946  28.455 0.0000000000
57729  -46.488  -26.284  27.591 0.0000000000
137928  -45.014  -26.806  26.223 0.0000000000
57750  -46.157  -26.690  26.816 0.0000000000
57751  -47.171  -26.819  26.671 0.0000000000
126822  -47.672  -26.744  25.957 0.0000000000
57768  -48.391  -26.525  25.824 0.0000000000
70242  -52.629  -13.446  18.398 0.0000000000
69349  -53.074  -13.941  18.954 0.0000000000
70234  -54.636  -13.322  19.553 0.0000000000
71176  -55.054  -12.475  19.129 0.0000000000
70235  -55.502  -13.074  19.813 0.0000000000
70228  -56.966  -12.912  20.710 0.0000000000
121321  -59.267  -11.716  16.377 0.0000000000
72201  -59.720  -12.131  13.745 0.0000000000
138168  -11.196  -44.782  39.206 0.0000000000
38244  -10.660  -45.837  39.201 0.0000000000
38212  -10.649  -46.367  41.931 0.0000000000
136481  -43.509  -32.160  34.906 0.0000000000
53305  -43.656  -31.960  34.312 0.0000000000
53321  -44.832  -31.669  33.460 0.0000000000
128291  -45.223  -31.454  32.793 0.0000000000
53340  -45.693  -31.335  32.267 0.0000000000
128157  -45.872  -31.216  31.529 0.0000000000
53351  -45.268  -31.072  31.003 0.0000000000
53361  -44.676  -30.907  30.346 0.0000000000
53372  -43.590  -30.598  29.124 0.0000000000
53382  -43.512  -30.424  28.330 0.0000000000
135212  -41.921  -29.787  26.729 0.0000000000
46036  -24.205  -37.895  40.902 0.0000000000
44998  -25.193  -38.251  42.829 0.0000000000
44985  -25.638  -38.520  43.373 0.0000000000
44986  -26.324  -38.636  43.539 0.0000000000
44066  -28.379  -40.006  45.214 0.0000000000
129166  -28.294  -36.950  34.139 0.0000000000
129175  -28.547  -37.689  34.510 0.0000000000
46181  -28.693  -38.307  35.099 0.0000000000
45108  -29.280  -38.935  35.331 0.0000000000
43282  -34.820  -39.911  36.679 0.0000000000
144989  -33.630  -40.378  38.381 0.0000000000
142998  -35.178  -40.485  38.810 0.0000000000
43242  -34.327  -40.493  38.767 0.0000000000
43241  -33.407  -40.680  39.000 0.0000000000
42307  -33.098  -41.207  39.616 0.0000000000
135333  -32.697  -42.194  41.023 0.0000000000
42265  -33.396  -42.076  40.882 0.0000000000
41323  -33.933  -42.402  41.515 0.0000000000
42243  -35.291  -42.064  41.928 0.0000000000
41305  -35.386  -42.655  42.845 0.0000000000
144664  -16.783  -41.126  36.645 0.0000000000
122444  -16.638  -41.296  38.034 0.0000000000
43235  -17.125  -41.054  38.719 0.0000000000
43234  -16.313  -41.345  38.832 0.0000000000
127456  -15.878  -41.101  40.925 0.0000000000
43161  -17.418  -40.244  42.391 0.0000000000
61804  -46.037  -22.169  20.483 0.0000000000
61793  -46.416  -22.371  21.436 0.0000000000
62795  -47.144  -21.891  21.735 0.0000000000
137361  -47.692  -21.574  22.209 0.0000000000
137465  -48.298  -20.727  21.456 0.0000000000
131192  -48.241  -21.031  22.247 0.0000000000
145664  -48.466  -21.151  23.036 0.0000000000
62757  -49.955  -20.907  25.022 0.0000000000
70286  -51.781  -13.495  11.056 0.0000000000
70287  -52.748  -13.424  11.080 0.0000000000
123887  -53.080  -13.531  10.446 0.0000000000
70302  -53.683  -13.602  10.112 0.0000000000
140935  -57.698  -10.271  4.975 0.0000000000
73152  -59.655  -9.852  4.670 0.0000000000
132710  -60.641  -9.012  4.496 0.0000000000
124702  -59.203  -7.818  4.305 0.0000000000
74834  -61.094  -8.243  4.161 0.0000000000
41316  -11.998  -42.601  41.446 0.0000000000
122941  -11.989  -42.647  43.208 0.0000000000
41229  -11.782  -43.082  45.873 0.0000000000
49190  -44.559  -34.656  39.136 0.0000000000
50200  -44.142  -34.040  38.941 0.0000000000
49188  -43.470  -34.730  38.486 0.0000000000
50216  -43.426  -33.787  38.092 0.0000000000
50217  -43.811  -33.597  38.426 0.0000000000
51283  -43.489  -32.750  36.670 0.0000000000
52295  -43.380  -32.518  35.998 0.0000000000
49223  -42.918  -34.405  36.038 0.0000000000
50255  -42.412  -33.180  35.141 0.0000000000
52310  -43.168  -32.326  35.046 0.0000000000
53304  -42.311  -31.637  33.720 0.0000000000
53318  -41.474  -31.184  33.531 0.0000000000
145215  -41.111  -29.756  31.726 0.0000000000
45013  -21.204  -38.876  40.581 0.0000000000
45078  -22.605  -38.493  37.237 0.0000000000
123008  -22.754  -38.309  37.997 0.0000000000
46104  -22.911  -38.146  38.798 0.0000000000
46061  -25.540  -37.749  40.828 0.0000000000
46062  -26.161  -37.606  40.299 0.0000000000
145629  -27.893  -38.200  40.961 0.0000000000
45146  -33.245  -38.718  32.978 0.0000000000
131836  -34.044  -39.409  34.842 0.0000000000
44227  -35.712  -39.473  34.501 0.0000000000
131841  -35.226  -39.608  35.081 0.0000000000
44187  -35.189  -39.787  35.862 0.0000000000
43283  -35.492  -40.006  36.515 0.0000000000
43264  -35.966  -40.332  37.585 0.0000000000
43285  -37.269  -40.370  36.716 0.0000000000
43244  -36.766  -40.448  38.049 0.0000000000
126668  -38.187  -40.554  40.001 0.0000000000
43225  -38.814  -40.588  39.608 0.0000000000
43226  -39.565  -40.646  39.641 0.0000000000
141673  -40.341  -40.769  39.637 0.0000000000
139261  -40.975  -40.806  40.165 0.0000000000
44173  -41.608  -40.400  36.599 0.0000000000
140321  -42.021  -40.373  37.297 0.0000000000
44174  -42.566  -40.135  37.788 0.0000000000
45041  -43.604  -39.050  40.038 0.0000000000
46093  -43.614  -37.414  39.271 0.0000000000
47134  -43.981  -37.190  39.779 0.0000000000
43280  -17.334  -40.932  36.223 0.0000000000
43281  -18.085  -40.741  36.701 0.0000000000
44163  -18.804  -40.317  38.123 0.0000000000
44145  -19.252  -39.925  39.553 0.0000000000
55403  -52.051  -28.575  34.578 0.0000000000
56529  -50.297  -27.784  32.354 0.0000000000
57603  -51.208  -27.022  32.550 0.0000000000
57604  -51.922  -26.962  32.895 0.0000000000
57605  -52.548  -27.021  33.184 0.0000000000
57656  -46.714  -26.035  29.952 0.0000000000
58714  -47.410  -25.654  30.201 0.0000000000
58715  -48.201  -25.241  30.382 0.0000000000
58747  -48.275  -25.386  28.954 0.0000000000
58729  -48.652  -24.929  29.738 0.0000000000
58716  -49.203  -24.892  30.587 0.0000000000
58700  -50.217  -25.101  31.098 0.0000000000
58701  -51.231  -25.454  31.201 0.0000000000
57676  -52.195  -26.729  28.879 0.0000000000
65642  -50.036  -18.080  19.894 0.0000000000
66532  -51.680  -17.589  21.354 0.0000000000
67452  -51.634  -16.596  20.260 0.0000000000
66543  -51.996  -16.914  20.974 0.0000000000
66524  -52.828  -17.552  22.477 0.0000000000
66525  -53.595  -17.038  22.490 0.0000000000
66526  -54.277  -17.144  22.980 0.0000000000
69342  -53.454  -14.385  19.607 0.0000000000
68449  -53.818  -14.881  20.368 0.0000000000
69318  -54.970  -14.892  21.319 0.0000000000
68440  -54.498  -15.483  21.565 0.0000000000
67446  -54.018  -16.047  21.816 0.0000000000
34234  -5.858  -50.061  43.700 0.0000000000
58856  -42.247  -25.895  22.529 0.0000000000
57823  -43.231  -25.782  22.258 0.0000000000
58865  -42.661  -25.557  21.825 0.0000000000
59827  -43.432  -24.850  21.279 0.0000000000
59836  -43.741  -24.126  20.809 0.0000000000
60856  -44.275  -23.406  20.529 0.0000000000
61803  -45.310  -22.556  20.509 0.0000000000
61812  -44.575  -22.720  19.230 0.0000000000
62814  -46.091  -21.925  19.601 0.0000000000
121082  -46.644  -21.622  20.022 0.0000000000
62815  -47.135  -21.135  19.500 0.0000000000
62826  -47.012  -21.134  18.524 0.0000000000
63774  -48.154  -20.140  19.238 0.0000000000
64722  -48.691  -19.661  19.555 0.0000000000
64736  -49.044  -19.086  19.063 0.0000000000
65651  -48.911  -18.969  18.144 0.0000000000
65652  -49.398  -18.477  18.583 0.0000000000
66552  -49.854  -17.920  19.004 0.0000000000
66563  -50.297  -17.296  18.503 0.0000000000
67480  -50.683  -16.619  18.105 0.0000000000
68467  -51.535  -15.458  18.304 0.0000000000
69347  -51.742  -14.653  18.139 0.0000000000
69371  -49.667  -14.098  16.734 0.0000000000
70264  -49.331  -13.020  16.578 0.0000000000
69361  -51.927  -13.791  18.039 0.0000000000
70254  -52.166  -12.902  17.834 0.0000000000
72137  -52.074  -11.605  16.675 0.0000000000
72138  -52.965  -11.537  17.031 0.0000000000
145228  -53.275  -11.461  16.766 0.0000000000
72171  -54.366  -11.599  15.843 0.0000000000
139933  -55.197  -11.840  15.670 0.0000000000
72187  -54.008  -11.794  14.825 0.0000000000
71229  -53.597  -11.902  13.803 0.0000000000
141071  -52.820  -11.774  13.957 0.0000000000
123863  -53.451  -12.265  12.994 0.0000000000
70278  -51.511  -13.358  11.851 0.0000000000
40296  -11.398  -43.472  41.398 0.0000000000
38201  -10.722  -45.649  42.203 0.0000000000
38200  -10.529  -46.338  42.684 0.0000000000
143420  -10.638  -44.178  46.851 0.0000000000
39264  -9.936  -44.868  46.140 0.0000000000
39274  -9.841  -45.164  45.458 0.0000000000
38160  -9.485  -45.498  45.983 0.0000000000
38176  -9.837  -46.049  44.361 0.0000000000
37126  -10.149  -47.021  43.077 0.0000000000
36105  -9.615  -47.537  43.434 0.0000000000
36104  -8.955  -47.967  43.585 0.0000000000
36090  -8.196  -47.691  45.346 0.0000000000
136580  -5.756  -50.167  45.514 0.0000000000
34219  -5.916  -50.330  46.375 0.0000000000
34211  -6.172  -50.001  47.108 0.0000000000
52253  -52.574  -32.195  38.544 0.0000000000
54282  -51.708  -32.540  37.310 0.0000000000
50186  -45.473  -34.692  38.891 0.0000000000
53293  -46.234  -31.320  35.714 0.0000000000
53280  -46.393  -31.429  36.372 0.0000000000
52298  -46.278  -31.645  36.876 0.0000000000
52280  -47.059  -31.963  37.654 0.0000000000
53256  -47.882  -31.850  37.375 0.0000000000
53258  -49.459  -31.460  37.140 0.0000000000
53269  -49.710  -31.109  36.808 0.0000000000
53283  -49.503  -30.884  36.487 0.0000000000
53270  -50.244  -31.073  36.757 0.0000000000
54295  -50.658  -30.778  36.283 0.0000000000
129469  -50.712  -30.376  35.954 0.0000000000
54320  -50.930  -29.832  34.037 0.0000000000
54352  -49.726  -29.700  31.790 0.0000000000
53355  -49.112  -30.368  31.694 0.0000000000
55445  -48.591  -28.837  30.983 0.0000000000
55444  -47.533  -28.462  30.290 0.0000000000
139107  -46.922  -27.964  30.094 0.0000000000
125757  -46.128  -30.972  30.649 0.0000000000
53375  -46.590  -30.240  29.586 0.0000000000
53384  -45.176  -30.329  28.586 0.0000000000
53374  -45.952  -30.256  29.151 0.0000000000
140609  -46.441  -29.318  29.229 0.0000000000
55459  -46.358  -28.024  29.637 0.0000000000
56576  -45.824  -27.056  29.485 0.0000000000
56611  -43.911  -26.981  27.204 0.0000000000
56610  -43.340  -27.160  26.749 0.0000000000
57747  -43.635  -26.917  26.536 0.0000000000
57783  -42.545  -26.644  24.492 0.0000000000
121777  -39.849  -29.537  30.218 0.0000000000
54373  -40.426  -29.662  29.449 0.0000000000
54389  -40.892  -29.952  28.070 0.0000000000
121557  -40.481  -29.910  27.453 0.0000000000
54409  -41.330  -29.976  27.393 0.0000000000
54425  -41.045  -29.860  26.468 0.0000000000
54442  -41.176  -29.335  25.574 0.0000000000
54456  -39.866  -29.359  24.698 0.0000000000
54441  -40.540  -29.299  25.059 0.0000000000
55501  -41.059  -28.451  25.140 0.0000000000
56636  -40.857  -27.499  24.805 0.0000000000
130896  -40.605  -26.783  24.459 0.0000000000
56652  -39.424  -26.509  23.859 0.0000000000
129484  -40.255  -26.307  24.002 0.0000000000
57803  -41.141  -26.312  24.095 0.0000000000
58833  -41.491  -25.993  23.227 0.0000000000
44120  -20.210  -39.307  41.461 0.0000000000
44993  -20.925  -39.114  41.856 0.0000000000
44994  -21.705  -38.871  42.136 0.0000000000
48254  -25.527  -36.259  35.138 0.0000000000
48235  -25.734  -36.677  35.761 0.0000000000
48236  -26.020  -36.635  35.983 0.0000000000
48220  -26.052  -36.866  36.959 0.0000000000
143562  -26.412  -37.329  37.765 0.0000000000
46131  -27.182  -37.688  37.422 0.0000000000
46107  -27.075  -37.852  38.312 0.0000000000
46085  -27.019  -37.917  39.243 0.0000000000
46064  -27.585  -38.086  39.864 0.0000000000
45034  -28.038  -38.324  40.496 0.0000000000
45035  -28.580  -38.938  40.586 0.0000000000
45129  -31.278  -38.811  34.282 0.0000000000
45127  -29.809  -38.805  34.701 0.0000000000
45093  -28.988  -39.224  36.222 0.0000000000
44183  -31.317  -39.768  36.467 0.0000000000
44182  -30.372  -39.864  36.558 0.0000000000
45080  -28.780  -39.344  37.116 0.0000000000
44166  -28.637  -39.427  38.032 0.0000000000
44146  -28.681  -39.431  38.978 0.0000000000
43237  -29.768  -40.491  38.856 0.0000000000
131579  -29.247  -40.049  39.309 0.0000000000
44147  -28.905  -39.464  39.896 0.0000000000
45018  -28.784  -39.059  41.465 0.0000000000
126054  -29.245  -39.707  41.806 0.0000000000
42239  -30.470  -41.111  42.139 0.0000000000
43162  -30.356  -40.771  42.900 0.0000000000
43149  -30.290  -40.659  43.748 0.0000000000
41302  -32.800  -42.561  42.398 0.0000000000
124050  -32.476  -42.442  43.271 0.0000000000
140849  -12.079  -43.069  39.092 0.0000000000
43254  -15.130  -41.474  36.900 0.0000000000
42325  -12.696  -41.984  36.811 0.0000000000
138265  -13.170  -41.972  38.558 0.0000000000
41355  -12.710  -42.384  38.484 0.0000000000
42258  -12.139  -42.568  40.626 0.0000000000
43146  -16.027  -40.744  43.454 0.0000000000
57825  -44.276  -26.073  22.968 0.0000000000
57806  -44.784  -26.230  23.361 0.0000000000
58835  -45.517  -25.705  23.243 0.0000000000
58858  -45.217  -25.076  22.544 0.0000000000
57808  -46.155  -26.056  23.951 0.0000000000
57788  -47.549  -26.170  25.182 0.0000000000
140923  -48.371  -25.850  25.469 0.0000000000
60823  -47.350  -23.536  23.710 0.0000000000
60824  -48.002  -22.930  24.039 0.0000000000
137660  -47.823  -23.664  24.350 0.0000000000
142751  -48.887  -26.249  25.949 0.0000000000
58789  -49.575  -26.353  26.316 0.0000000000
58790  -50.393  -26.054  26.449 0.0000000000
58791  -51.317  -25.894  26.784 0.0000000000
64709  -50.027  -18.969  21.141 0.0000000000
64692  -50.314  -19.105  21.874 0.0000000000
137146  -49.967  -19.492  22.298 0.0000000000
64680  -51.085  -18.868  22.937 0.0000000000
64679  -50.460  -19.188  22.616 0.0000000000
64668  -49.934  -19.640  22.994 0.0000000000
63715  -50.024  -19.848  23.849 0.0000000000
63700  -50.208  -20.088  24.710 0.0000000000
63688  -50.551  -20.429  25.507 0.0000000000
63689  -51.155  -19.992  25.968 0.0000000000
63678  -50.945  -20.744  26.224 0.0000000000
142733  -50.845  -21.268  26.441 0.0000000000
71233  -57.440  -12.506  14.537 0.0000000000
71234  -58.267  -12.557  14.159 0.0000000000
71250  -58.741  -12.535  13.545 0.0000000000
71251  -59.324  -12.340  12.858 0.0000000000
71274  -53.958  -12.831  11.581 0.0000000000
71275  -55.099  -12.496  11.631 0.0000000000
71287  -55.997  -12.753  10.529 0.0000000000
71276  -56.250  -12.349  11.344 0.0000000000
121616  -60.230  -11.756  13.015 0.0000000000
72210  -60.625  -11.389  12.271 0.0000000000
126217  -61.351  -10.977  12.253 0.0000000000
73072  -61.623  -10.831  11.499 0.0000000000
145116  -61.244  -10.891  10.947 0.0000000000
73073  -62.106  -10.837  11.314 0.0000000000
70339  -57.578  -13.391  7.658 0.0000000000
71329  -58.329  -12.905  7.849 0.0000000000
73107  -61.833  -10.752  8.944 0.0000000000
73146  -62.190  -9.983  5.869 0.0000000000
36081  -7.163  -48.224  47.439 0.0000000000
44223  -31.801  -38.993  34.670 0.0000000000
44243  -33.765  -38.900  33.542 0.0000000000
48188  -44.247  -35.981  39.655 0.0000000000
49206  -43.613  -34.188  38.527 0.0000000000
50184  -44.855  -34.484  39.098 0.0000000000
50202  -45.092  -33.965  38.898 0.0000000000
52250  -46.856  -32.499  38.063 0.0000000000
52252  -52.513  -32.363  38.634 0.0000000000
52260  -46.026  -32.068  37.961 0.0000000000
52282  -51.025  -31.533  37.324 0.0000000000
53248  -51.842  -32.922  37.906 0.0000000000
53249  -51.946  -33.009  37.473 0.0000000000
53259  -49.962  -31.347  37.091 0.0000000000
53260  -51.361  -31.954  37.278 0.0000000000
53261  -51.925  -32.099  36.959 0.0000000000
53272  -51.122  -31.171  36.798 0.0000000000
53281  -47.630  -31.059  36.450 0.0000000000
54289  -51.498  -31.472  36.852 0.0000000000
54294  -50.079  -30.811  36.372 0.0000000000
54318  -49.016  -30.430  35.005 0.0000000000
54327  -50.849  -29.352  33.282 0.0000000000
54363  -48.342  -29.663  30.644 0.0000000000
55492  -42.157  -28.599  26.032 0.0000000000
56512  -52.283  -27.425  33.477 0.0000000000
56612  -47.951  -26.892  26.653 0.0000000000
57620  -49.607  -26.200  31.814 0.0000000000
57785  -45.012  -26.808  24.744 0.0000000000
58686  -50.840  -25.782  31.633 0.0000000000
58730  -49.572  -25.025  29.787 0.0000000000
58749  -50.035  -25.672  29.049 0.0000000000
62782  -48.013  -21.605  22.878 0.0000000000
65624  -51.331  -18.226  21.730 0.0000000000
66517  -53.493  -17.906  23.664 0.0000000000
67444  -52.658  -16.541  21.288 0.0000000000
69320  -56.612  -14.235  21.925 0.0000000000
70277  -50.688  -13.357  11.873 0.0000000000
70285  -50.331  -13.097  11.167 0.0000000000
71166  -57.590  -12.301  20.309 0.0000000000
72127  -55.192  -11.397  17.930 0.0000000000
72154  -53.540  -11.387  16.431 0.0000000000
72234  -59.677  -11.609  9.351 0.0000000000
72284  -59.474  -11.282  5.178 0.0000000000
73045  -50.652  -11.184  15.719 0.0000000000
73153  -60.453  -9.767  4.872 0.0000000000
121022  -58.035  -12.349  11.786 0.0000000000
123958  -52.676  -31.910  39.012 0.0000000000
129680  -49.621  -25.594  26.168 0.0000000000
134496  -29.177  -39.736  43.530 0.0000000000
135363  -50.580  -27.125  32.344 0.0000000000
137714  -45.765  -26.301  29.087 0.0000000000
142273  -50.928  -32.036  37.517 0.0000000000
142463  -56.528  -11.941  16.181 0.0000000000
142884  -21.600  -38.901  37.680 0.0000000000
142969  -62.551  -10.056  4.747 0.0000000000
143356  -23.116  -38.086  40.346 0.0000000000
143769  -48.084  -28.907  30.517 0.0000000000
144548  -43.279  -38.532  38.149 0.0000000000
144885  -9.144  -45.628  47.363 0.0000000000
145231  -40.005  -29.636  25.303 0.0000000000
145622  -17.012  -41.145  37.620 0.0000000000
