#!ascii label  , from subject sub-v1s0x0050642_ses-1 vox2ras=TkReg
999
40268  -17.520  -43.409  43.412 0.0000000000
48179  -45.440  -36.468  39.679 0.0000000000
54312  -51.449  -29.993  35.582 0.0000000000
59729  -53.919  -25.611  27.058 0.0000000000
130605  -43.150  -40.042  40.832 0.0000000000
58689  -53.242  -26.215  32.071 0.0000000000
122680  -54.159  -17.624  23.640 0.0000000000
70201  -58.930  -13.527  22.535 0.0000000000
45095  -47.021  -37.969  36.212 0.0000000000
48248  -52.907  -34.915  37.083 0.0000000000
121017  -48.633  -32.638  37.848 0.0000000000
123763  -18.465  -40.401  44.927 0.0000000000
44059  -21.902  -40.538  45.210 0.0000000000
44053  -26.813  -40.324  46.143 0.0000000000
41241  -31.478  -42.873  45.650 0.0000000000
40257  -36.233  -43.737  44.225 0.0000000000
40288  -40.795  -42.953  42.654 0.0000000000
42294  -46.004  -40.884  40.757 0.0000000000
51334  -54.953  -32.401  32.344 0.0000000000
71169  -60.411  -12.417  20.332 0.0000000000
46094  -46.423  -36.868  38.935 0.0000000000
49225  -47.323  -34.686  37.018 0.0000000000
50203  -45.945  -34.146  38.704 0.0000000000
44088  -18.576  -39.776  43.200 0.0000000000
43135  -20.329  -40.381  44.839 0.0000000000
42227  -37.253  -41.836  43.015 0.0000000000
40273  -38.595  -43.607  43.586 0.0000000000
122508  -39.420  -41.074  42.539 0.0000000000
46047  -44.508  -37.654  40.831 0.0000000000
43168  -45.493  -40.062  41.581 0.0000000000
44136  -46.547  -39.407  40.961 0.0000000000
145683  -47.209  -39.775  39.034 0.0000000000
50207  -54.000  -33.072  38.857 0.0000000000
49261  -52.839  -34.376  34.903 0.0000000000
140082  -53.097  -31.817  35.372 0.0000000000
58721  -54.322  -26.292  30.183 0.0000000000
125303  -56.447  -27.981  31.078 0.0000000000
140184  -56.270  -27.090  28.122 0.0000000000
59760  -54.966  -25.993  26.390 0.0000000000
66502  -57.366  -17.879  25.296 0.0000000000
65569  -55.340  -18.814  27.579 0.0000000000
43204  -40.604  -40.595  40.973 0.0000000000
58770  -52.065  -26.521  27.202 0.0000000000
68432  -56.304  -15.532  22.958 0.0000000000
67430  -58.692  -16.644  23.169 0.0000000000
67489  -61.113  -15.840  18.415 0.0000000000
44233  -49.372  -39.478  34.175 0.0000000000
47213  -50.244  -36.428  36.283 0.0000000000
49229  -51.911  -33.883  36.952 0.0000000000
41233  -18.367  -42.204  45.679 0.0000000000
41238  -23.257  -41.178  45.045 0.0000000000
44050  -24.478  -40.058  45.768 0.0000000000
135822  -25.898  -41.534  45.660 0.0000000000
41218  -27.670  -42.374  46.564 0.0000000000
39270  -29.561  -44.232  46.149 0.0000000000
38165  -32.375  -45.244  45.644 0.0000000000
41244  -33.674  -43.553  44.870 0.0000000000
37122  -37.259  -46.264  42.961 0.0000000000
42250  -42.075  -41.177  42.532 0.0000000000
126390  -43.408  -42.788  41.554 0.0000000000
39350  -44.137  -44.364  39.264 0.0000000000
41361  -46.361  -42.408  38.417 0.0000000000
134169  -47.621  -41.390  36.210 0.0000000000
53312  -55.034  -29.510  33.271 0.0000000000
62713  -52.676  -20.728  28.161 0.0000000000
61710  -53.988  -22.878  28.193 0.0000000000
132838  -17.430  -43.242  45.112 0.0000000000
47137  -46.029  -36.674  39.710 0.0000000000
48201  -46.060  -35.257  38.684 0.0000000000
49175  -45.715  -35.245  38.930 0.0000000000
42267  -36.992  -41.062  41.685 0.0000000000
133294  -38.060  -41.647  42.916 0.0000000000
43181  -38.939  -40.712  41.654 0.0000000000
122460  -45.058  -37.124  40.811 0.0000000000
44124  -46.014  -39.252  41.635 0.0000000000
46050  -45.804  -37.461  40.782 0.0000000000
131083  -46.488  -37.818  40.277 0.0000000000
51265  -52.347  -33.264  36.516 0.0000000000
53284  -52.480  -31.259  36.073 0.0000000000
58751  -54.613  -26.910  28.175 0.0000000000
120828  -55.783  -26.885  29.169 0.0000000000
58752  -55.342  -26.872  28.194 0.0000000000
58792  -55.819  -26.593  26.808 0.0000000000
59744  -54.613  -26.117  26.768 0.0000000000
134159  -58.074  -18.879  24.414 0.0000000000
64647  -57.401  -19.243  25.858 0.0000000000
63719  -57.428  -20.136  24.039 0.0000000000
69319  -55.798  -14.719  21.746 0.0000000000
69310  -57.480  -14.341  22.684 0.0000000000
68415  -58.156  -16.281  23.917 0.0000000000
68424  -58.886  -15.321  23.127 0.0000000000
67439  -59.324  -16.071  22.249 0.0000000000
69313  -59.781  -14.473  22.044 0.0000000000
69343  -61.329  -14.755  19.517 0.0000000000
45114  -48.026  -38.548  35.342 0.0000000000
46189  -49.534  -37.845  35.284 0.0000000000
46164  -48.042  -37.142  35.526 0.0000000000
131450  -48.837  -33.969  37.606 0.0000000000
49227  -49.693  -34.512  37.484 0.0000000000
125754  -50.087  -33.329  37.849 0.0000000000
50221  -52.346  -33.520  38.037 0.0000000000
143457  -49.871  -32.110  37.686 0.0000000000
41234  -19.123  -41.949  45.335 0.0000000000
42202  -19.511  -41.497  45.256 0.0000000000
44058  -21.056  -40.610  45.082 0.0000000000
44965  -26.084  -39.325  45.055 0.0000000000
44051  -25.247  -40.222  45.755 0.0000000000
124693  -25.252  -40.791  45.707 0.0000000000
138851  -25.975  -41.056  46.027 0.0000000000
41240  -26.625  -42.207  45.985 0.0000000000
42173  -27.228  -41.154  46.559 0.0000000000
140594  -30.397  -43.212  46.187 0.0000000000
38163  -30.757  -44.877  45.875 0.0000000000
122227  -31.820  -43.874  45.964 0.0000000000
41284  -35.852  -42.897  43.535 0.0000000000
41263  -34.361  -43.403  44.275 0.0000000000
40256  -34.390  -43.706  44.565 0.0000000000
39279  -34.037  -44.319  45.007 0.0000000000
39288  -35.700  -44.509  44.360 0.0000000000
37105  -36.140  -45.879  43.779 0.0000000000
126415  -36.645  -44.371  44.188 0.0000000000
40275  -40.053  -43.070  43.040 0.0000000000
39301  -39.086  -44.314  43.198 0.0000000000
39313  -40.230  -44.495  42.263 0.0000000000
40303  -41.961  -43.752  41.697 0.0000000000
43184  -41.884  -40.727  41.762 0.0000000000
43185  -42.891  -40.520  41.579 0.0000000000
41310  -46.963  -40.914  41.995 0.0000000000
42269  -44.134  -41.223  41.815 0.0000000000
41327  -45.363  -41.390  40.852 0.0000000000
40321  -44.344  -43.240  40.460 0.0000000000
40322  -45.022  -42.864  40.029 0.0000000000
41350  -46.251  -42.090  39.295 0.0000000000
44175  -47.165  -38.959  37.526 0.0000000000
43272  -47.330  -40.566  37.527 0.0000000000
44191  -47.393  -39.278  36.304 0.0000000000
42349  -48.143  -40.585  34.886 0.0000000000
43133  -17.611  -40.259  44.506 0.0000000000
43119  -17.725  -40.695  45.324 0.0000000000
42200  -17.752  -41.253  45.909 0.0000000000
47254  -51.783  -36.682  34.686 0.0000000000
47255  -52.141  -36.025  34.441 0.0000000000
50280  -53.795  -33.499  33.485 0.0000000000
57606  -53.108  -27.024  33.583 0.0000000000
120286  -54.350  -28.740  33.857 0.0000000000
56530  -54.455  -27.235  33.058 0.0000000000
121406  -57.403  -28.720  29.223 0.0000000000
54364  -57.004  -29.706  30.291 0.0000000000
64621  -55.282  -19.861  28.399 0.0000000000
64630  -54.028  -19.491  28.185 0.0000000000
63655  -54.444  -20.868  28.919 0.0000000000
133007  -53.579  -22.159  28.918 0.0000000000
127853  -54.258  -21.974  28.475 0.0000000000
61725  -54.149  -22.791  27.699 0.0000000000
71148  -58.045  -12.565  21.084 0.0000000000
70213  -59.769  -13.132  21.789 0.0000000000
72108  -59.029  -11.720  20.097 0.0000000000
72119  -60.342  -11.783  19.181 0.0000000000
135441  -46.792  -37.716  37.723 0.0000000000
48242  -47.178  -36.007  36.130 0.0000000000
47171  -46.302  -36.047  37.856 0.0000000000
49207  -46.819  -34.257  37.879 0.0000000000
50204  -47.800  -33.026  37.956 0.0000000000
44070  -18.090  -39.950  43.989 0.0000000000
43134  -19.429  -40.415  44.875 0.0000000000
44074  -21.443  -39.891  44.584 0.0000000000
145159  -37.069  -42.355  43.441 0.0000000000
41266  -37.533  -43.012  43.986 0.0000000000
41286  -37.948  -42.488  43.625 0.0000000000
42229  -39.114  -41.790  43.069 0.0000000000
41289  -40.400  -42.145  42.963 0.0000000000
45024  -43.666  -39.339  40.879 0.0000000000
44107  -44.171  -39.827  41.762 0.0000000000
44108  -44.972  -39.186  41.800 0.0000000000
43142  -47.984  -39.899  43.446 0.0000000000
123315  -47.042  -40.945  41.841 0.0000000000
43229  -46.834  -40.282  39.808 0.0000000000
44137  -46.837  -39.264  40.391 0.0000000000
45058  -47.100  -38.476  39.100 0.0000000000
44087  -17.702  -39.988  43.181 0.0000000000
47173  -53.398  -35.966  38.431 0.0000000000
47256  -53.770  -35.272  36.271 0.0000000000
48249  -54.143  -34.722  37.100 0.0000000000
120262  -52.466  -33.635  35.787 0.0000000000
119771  -54.092  -32.555  34.100 0.0000000000
123888  -54.094  -26.046  30.933 0.0000000000
57641  -55.368  -26.755  31.516 0.0000000000
137324  -55.444  -26.546  30.499 0.0000000000
56564  -56.880  -27.206  29.754 0.0000000000
66508  -55.632  -17.487  24.699 0.0000000000
65596  -55.079  -18.021  25.978 0.0000000000
65586  -56.502  -18.557  26.651 0.0000000000
64633  -56.251  -19.632  27.306 0.0000000000
125582  -44.402  -35.825  39.539 0.0000000000
47135  -44.160  -36.491  39.723 0.0000000000
55387  -52.198  -28.808  34.961 0.0000000000
58719  -51.814  -25.571  30.692 0.0000000000
58733  -52.649  -26.096  29.814 0.0000000000
57708  -53.264  -27.006  28.186 0.0000000000
57735  -53.558  -26.488  27.563 0.0000000000
144971  -55.414  -16.769  23.480 0.0000000000
67420  -57.573  -16.870  24.506 0.0000000000
66510  -58.124  -17.515  24.166 0.0000000000
65618  -58.593  -18.540  23.068 0.0000000000
70215  -60.696  -14.014  20.931 0.0000000000
67458  -60.532  -15.953  20.208 0.0000000000
132503  -50.208  -38.812  33.675 0.0000000000
46190  -50.466  -37.624  35.217 0.0000000000
47214  -51.245  -35.642  36.226 0.0000000000
143902  -48.678  -35.533  36.536 0.0000000000
48245  -50.432  -35.580  36.791 0.0000000000
48229  -51.982  -34.064  36.798 0.0000000000
48202  -52.165  -34.801  38.993 0.0000000000
51230  -52.502  -32.488  38.757 0.0000000000
51227  -45.509  -33.503  38.671 0.0000000000
51228  -46.154  -32.938  38.367 0.0000000000
123833  -48.309  -31.446  37.036 0.0000000000
40241  -18.101  -42.773  45.389 0.0000000000
141786  -19.214  -42.518  44.666 0.0000000000
41258  -24.739  -41.446  44.608 0.0000000000
44981  -21.917  -39.025  43.010 0.0000000000
44075  -22.381  -39.864  44.814 0.0000000000
44061  -23.593  -40.342  45.498 0.0000000000
123960  -24.970  -41.204  45.239 0.0000000000
39276  -27.882  -44.430  45.449 0.0000000000
39277  -28.540  -44.710  45.655 0.0000000000
42210  -31.823  -42.546  45.075 0.0000000000
41282  -32.790  -42.692  44.065 0.0000000000
41242  -32.388  -43.260  45.370 0.0000000000
39273  -32.958  -43.997  45.572 0.0000000000
37094  -33.106  -45.641  45.179 0.0000000000
39300  -38.219  -44.595  43.587 0.0000000000
43182  -39.850  -40.730  42.023 0.0000000000
42248  -40.570  -41.245  42.689 0.0000000000
41306  -41.386  -41.908  42.692 0.0000000000
42251  -43.754  -40.784  42.060 0.0000000000
41308  -43.104  -41.381  42.230 0.0000000000
40290  -42.153  -42.665  42.205 0.0000000000
39324  -42.686  -44.072  41.071 0.0000000000
39349  -43.430  -44.700  39.562 0.0000000000
40375  -46.105  -43.196  36.422 0.0000000000
42319  -46.717  -41.654  38.803 0.0000000000
41373  -47.018  -42.246  37.047 0.0000000000
41393  -47.137  -42.300  35.616 0.0000000000
42351  -47.417  -41.390  34.475 0.0000000000
41232  -17.735  -42.495  45.902 0.0000000000
54313  -53.384  -29.840  34.851 0.0000000000
119772  -54.075  -30.364  34.249 0.0000000000
52342  -55.116  -31.757  32.673 0.0000000000
55434  -55.883  -28.718  32.104 0.0000000000
53356  -55.891  -30.356  31.908 0.0000000000
51347  -55.679  -31.832  31.150 0.0000000000
59742  -51.286  -24.653  27.115 0.0000000000
59727  -53.024  -24.355  27.832 0.0000000000
65595  -53.363  -18.643  26.091 0.0000000000
64643  -51.852  -19.668  26.449 0.0000000000
61723  -51.928  -22.172  28.100 0.0000000000
61708  -52.727  -22.721  28.558 0.0000000000
60731  -53.683  -23.927  27.622 0.0000000000
60749  -53.954  -24.005  26.898 0.0000000000
47123  -45.788  -36.961  40.058 0.0000000000
48189  -45.814  -36.196  39.419 0.0000000000
43180  -36.531  -40.838  40.974 0.0000000000
42268  -37.879  -40.836  41.709 0.0000000000
43201  -38.148  -40.621  40.862 0.0000000000
47122  -45.300  -37.081  40.432 0.0000000000
46049  -45.329  -37.538  41.069 0.0000000000
46072  -46.115  -37.344  40.287 0.0000000000
54297  -51.783  -31.014  36.458 0.0000000000
53273  -52.083  -31.660  36.517 0.0000000000
54303  -51.828  -30.071  35.921 0.0000000000
58750  -54.178  -26.643  27.603 0.0000000000
59730  -54.621  -26.543  27.336 0.0000000000
64671  -57.885  -19.645  23.492 0.0000000000
63704  -57.942  -19.552  24.304 0.0000000000
70211  -57.564  -13.242  21.571 0.0000000000
123878  -58.564  -14.119  23.024 0.0000000000
69301  -58.860  -14.752  23.164 0.0000000000
69311  -59.162  -14.107  22.818 0.0000000000
69302  -59.134  -14.685  22.817 0.0000000000
70202  -59.426  -13.629  22.325 0.0000000000
45113  -47.636  -37.839  35.557 0.0000000000
46188  -48.487  -37.855  35.308 0.0000000000
46163  -47.196  -37.186  35.852 0.0000000000
50219  -49.011  -33.230  37.837 0.0000000000
49209  -49.909  -33.857  37.685 0.0000000000
122718  -49.666  -32.566  37.808 0.0000000000
43120  -18.353  -40.971  45.610 0.0000000000
43121  -19.084  -41.006  45.425 0.0000000000
43123  -21.468  -40.944  45.265 0.0000000000
44064  -26.456  -39.868  45.641 0.0000000000
44063  -25.653  -39.790  45.556 0.0000000000
44052  -26.091  -40.320  45.933 0.0000000000
43107  -25.666  -40.627  45.900 0.0000000000
43108  -26.572  -40.745  46.243 0.0000000000
42187  -26.785  -41.314  46.422 0.0000000000
42191  -30.704  -42.435  45.975 0.0000000000
41220  -30.247  -42.715  46.256 0.0000000000
41221  -30.978  -43.089  45.985 0.0000000000
40234  -31.131  -43.579  45.998 0.0000000000
41222  -31.868  -43.447  45.784 0.0000000000
128675  -36.054  -43.399  44.067 0.0000000000
41264  -35.424  -43.441  44.037 0.0000000000
126434  -35.235  -43.817  44.359 0.0000000000
124679  -40.378  -43.691  42.570 0.0000000000
39314  -41.016  -43.963  42.096 0.0000000000
40289  -41.476  -43.053  42.315 0.0000000000
43206  -42.537  -40.576  40.758 0.0000000000
42272  -46.881  -41.013  41.731 0.0000000000
42271  -46.016  -40.932  41.090 0.0000000000
41340  -45.467  -41.886  40.347 0.0000000000
41349  -45.649  -42.458  39.654 0.0000000000
41341  -46.015  -41.574  40.138 0.0000000000
138252  -47.156  -38.718  36.656 0.0000000000
145323  -47.248  -39.342  36.993 0.0000000000
45096  -47.394  -38.569  35.864 0.0000000000
44192  -47.715  -39.134  35.686 0.0000000000
47236  -52.104  -35.619  35.257 0.0000000000
48261  -52.120  -35.024  35.826 0.0000000000
51321  -54.423  -32.955  32.895 0.0000000000
50296  -53.952  -33.315  32.493 0.0000000000
50297  -54.639  -32.759  31.962 0.0000000000
57624  -52.973  -26.584  32.713 0.0000000000
57607  -53.667  -26.751  33.050 0.0000000000
57625  -54.229  -26.568  32.386 0.0000000000
65601  -53.808  -18.043  24.374 0.0000000000
62705  -55.319  -20.606  28.136 0.0000000000
63656  -55.045  -20.449  28.668 0.0000000000
62704  -54.646  -21.136  28.621 0.0000000000
46117  -46.527  -36.969  37.798 0.0000000000
49191  -46.038  -34.649  38.663 0.0000000000
120734  -46.670  -33.645  38.151 0.0000000000
44091  -21.306  -39.436  43.573 0.0000000000
42244  -36.713  -41.646  42.367 0.0000000000
42226  -36.426  -42.303  43.100 0.0000000000
41285  -37.270  -42.646  43.713 0.0000000000
140492  -37.691  -42.165  43.377 0.0000000000
42246  -38.851  -41.498  42.845 0.0000000000
42247  -39.485  -41.412  42.792 0.0000000000
42230  -39.952  -41.537  42.930 0.0000000000
45025  -44.177  -38.475  41.070 0.0000000000
45005  -44.485  -38.871  41.579 0.0000000000
45006  -44.921  -38.539  41.755 0.0000000000
44110  -46.362  -39.808  41.883 0.0000000000
44111  -47.223  -40.621  41.984 0.0000000000
44138  -49.193  -40.487  41.656 0.0000000000
43187  -46.390  -39.962  41.175 0.0000000000
43207  -46.598  -39.962  40.698 0.0000000000
128599  -46.729  -37.724  39.536 0.0000000000
45044  -46.904  -38.498  40.006 0.0000000000
122870  -46.834  -37.691  38.598 0.0000000000
48205  -53.917  -34.886  38.842 0.0000000000
48230  -54.729  -35.100  38.013 0.0000000000
49213  -54.564  -33.986  38.073 0.0000000000
52299  -52.356  -32.663  36.309 0.0000000000
120533  -52.341  -33.375  36.322 0.0000000000
53286  -52.676  -32.810  35.713 0.0000000000
123018  -53.157  -32.953  35.078 0.0000000000
120440  -53.400  -32.085  34.992 0.0000000000
58720  -53.542  -26.118  30.251 0.0000000000
58704  -54.575  -26.236  31.234 0.0000000000
124562  -54.860  -26.342  30.546 0.0000000000
57678  -56.326  -26.922  29.525 0.0000000000
58737  -56.284  -27.003  28.805 0.0000000000
56588  -57.202  -27.755  28.218 0.0000000000
57736  -56.603  -27.253  27.614 0.0000000000
66501  -56.938  -17.746  25.648 0.0000000000
66500  -56.062  -17.789  25.697 0.0000000000
66489  -57.016  -18.207  26.047 0.0000000000
63671  -56.078  -19.975  27.571 0.0000000000
47136  -44.483  -36.560  39.987 0.0000000000
58732  -51.590  -25.821  29.856 0.0000000000
57733  -51.780  -27.106  27.597 0.0000000000
57734  -52.744  -26.880  27.670 0.0000000000
58771  -52.848  -26.139  27.258 0.0000000000
69308  -55.850  -15.269  22.336 0.0000000000
68431  -55.501  -15.843  22.618 0.0000000000
67427  -55.016  -16.577  22.925 0.0000000000
68420  -55.953  -16.301  23.394 0.0000000000
67428  -56.792  -16.549  24.133 0.0000000000
68421  -56.947  -15.836  23.670 0.0000000000
68416  -58.609  -16.014  23.378 0.0000000000
67422  -58.347  -16.754  23.735 0.0000000000
66511  -58.440  -17.203  23.484 0.0000000000
137615  -58.434  -17.815  23.518 0.0000000000
65611  -58.719  -17.969  22.993 0.0000000000
65619  -58.875  -17.937  22.535 0.0000000000
66527  -58.927  -17.353  22.428 0.0000000000
67447  -59.737  -16.091  21.563 0.0000000000
71151  -60.120  -12.671  21.121 0.0000000000
70214  -60.253  -13.374  21.451 0.0000000000
70229  -60.609  -13.105  20.728 0.0000000000
68461  -61.161  -15.559  19.150 0.0000000000
126175  -61.078  -15.383  19.883 0.0000000000
43322  -49.402  -39.539  33.322 0.0000000000
43333  -49.375  -39.413  32.892 0.0000000000
44234  -49.924  -39.093  34.042 0.0000000000
46166  -49.997  -37.183  35.770 0.0000000000
47234  -50.828  -36.801  35.697 0.0000000000
48224  -47.240  -35.426  36.476 0.0000000000
48243  -48.094  -35.816  36.206 0.0000000000
48225  -48.173  -35.146  36.620 0.0000000000
49228  -50.899  -34.167  37.365 0.0000000000
48227  -50.697  -34.769  37.152 0.0000000000
48228  -51.892  -34.104  36.897 0.0000000000
121551  -51.729  -34.624  36.682 0.0000000000
48212  -52.462  -34.169  37.636 0.0000000000
47156  -53.324  -35.327  38.669 0.0000000000
49211  -52.288  -33.952  38.062 0.0000000000
51247  -50.769  -33.020  37.823 0.0000000000
51229  -52.280  -33.073  38.247 0.0000000000
40253  -18.651  -42.832  44.631 0.0000000000
41253  -18.867  -42.427  45.194 0.0000000000
40254  -19.531  -42.168  44.936 0.0000000000
43122  -20.036  -41.019  45.262 0.0000000000
41256  -22.620  -41.577  44.528 0.0000000000
41257  -23.730  -41.422  44.532 0.0000000000
41239  -24.120  -41.180  45.007 0.0000000000
44982  -22.725  -38.945  43.326 0.0000000000
44092  -22.110  -39.370  43.927 0.0000000000
43105  -24.024  -40.620  45.449 0.0000000000
42207  -25.146  -41.056  45.600 0.0000000000
41259  -25.616  -41.704  44.816 0.0000000000
41280  -25.985  -42.169  44.199 0.0000000000
40232  -27.277  -42.726  46.235 0.0000000000
40242  -26.958  -43.057  45.558 0.0000000000
39275  -27.346  -43.973  45.121 0.0000000000
40243  -27.566  -43.586  45.880 0.0000000000
40225  -29.294  -43.249  46.401 0.0000000000
144754  -29.268  -43.726  46.327 0.0000000000
39269  -28.919  -44.163  46.166 0.0000000000
39278  -29.208  -44.847  45.800 0.0000000000
38162  -29.928  -44.873  45.880 0.0000000000
38164  -31.623  -45.011  45.873 0.0000000000
38173  -31.103  -45.447  45.458 0.0000000000
125539  -31.777  -45.551  45.509 0.0000000000
37101  -31.747  -46.317  44.581 0.0000000000
37093  -32.217  -45.934  45.223 0.0000000000
41262  -33.424  -43.081  44.469 0.0000000000
141255  -33.065  -43.326  45.062 0.0000000000
41261  -32.599  -42.872  44.785 0.0000000000
41243  -33.071  -43.611  45.261 0.0000000000
40244  -32.555  -43.651  45.548 0.0000000000
38175  -34.324  -44.953  44.914 0.0000000000
38174  -33.667  -44.953  45.187 0.0000000000
38182  -34.060  -45.732  44.713 0.0000000000
136801  -33.502  -46.202  44.574 0.0000000000
37121  -36.491  -46.294  43.210 0.0000000000
37120  -35.740  -46.385  43.373 0.0000000000
40259  -37.868  -43.670  43.959 0.0000000000
43203  -39.867  -40.570  41.259 0.0000000000
43165  -41.286  -40.972  42.472 0.0000000000
42249  -41.187  -41.246  42.701 0.0000000000
43167  -43.701  -40.602  42.136 0.0000000000
127153  -44.254  -40.321  41.851 0.0000000000
41325  -43.702  -42.041  41.793 0.0000000000
41324  -42.931  -42.319  42.072 0.0000000000
40304  -42.790  -43.221  41.619 0.0000000000
40332  -44.599  -43.684  39.666 0.0000000000
39335  -43.935  -44.077  40.084 0.0000000000
40347  -45.892  -43.039  38.041 0.0000000000
40361  -45.979  -43.136  37.208 0.0000000000
43230  -47.094  -40.115  39.409 0.0000000000
42309  -46.947  -40.849  39.141 0.0000000000
43290  -47.565  -40.697  36.584 0.0000000000
42330  -47.305  -41.451  37.157 0.0000000000
121656  -47.350  -41.921  36.513 0.0000000000
41384  -47.113  -42.386  36.304 0.0000000000
42340  -47.487  -41.901  35.858 0.0000000000
41406  -47.061  -42.089  34.976 0.0000000000
42341  -47.765  -41.271  35.382 0.0000000000
43308  -48.901  -39.786  34.573 0.0000000000
42353  -48.439  -40.369  34.273 0.0000000000
43316  -49.019  -39.871  33.817 0.0000000000
41215  -17.615  -41.969  46.058 0.0000000000
48279  -52.802  -34.443  35.833 0.0000000000
48278  -52.656  -34.882  35.155 0.0000000000
49260  -52.908  -34.739  34.346 0.0000000000
139977  -52.377  -28.159  34.391 0.0000000000
55388  -52.632  -28.908  35.013 0.0000000000
120362  -54.748  -28.825  33.498 0.0000000000
136939  -54.373  -29.520  33.904 0.0000000000
119774  -54.567  -30.103  33.708 0.0000000000
120288  -54.797  -31.247  33.382 0.0000000000
53327  -54.985  -30.392  33.277 0.0000000000
56548  -56.009  -27.252  31.344 0.0000000000
56547  -55.517  -27.397  32.036 0.0000000000
131103  -56.398  -29.815  31.187 0.0000000000
52350  -56.086  -31.356  30.885 0.0000000000
52349  -55.704  -31.312  31.749 0.0000000000
51348  -55.869  -31.659  30.496 0.0000000000
121494  -52.135  -24.425  27.567 0.0000000000
60748  -52.349  -23.536  28.162 0.0000000000
65584  -54.810  -18.470  26.793 0.0000000000
129889  -54.191  -18.341  25.989 0.0000000000
65583  -53.994  -18.674  26.706 0.0000000000
64629  -53.015  -19.770  27.806 0.0000000000
64644  -52.508  -19.453  26.971 0.0000000000
63679  -52.177  -20.070  27.259 0.0000000000
135157  -51.517  -20.370  26.686 0.0000000000
63669  -51.872  -20.716  27.367 0.0000000000
62725  -51.292  -21.152  26.951 0.0000000000
141461  -51.912  -21.371  27.832 0.0000000000
134587  -53.965  -22.263  28.705 0.0000000000
61709  -53.546  -22.946  28.402 0.0000000000
60732  -53.800  -23.928  27.323 0.0000000000
46073  -46.299  -37.155  39.774 0.0000000000
47155  -46.113  -35.955  38.633 0.0000000000
47138  -46.028  -36.364  39.276 0.0000000000
48190  -45.971  -35.801  39.219 0.0000000000
42245  -37.571  -41.348  42.362 0.0000000000
43163  -38.456  -41.129  42.423 0.0000000000
46048  -44.892  -37.572  41.075 0.0000000000
46028  -45.170  -38.078  41.555 0.0000000000
45027  -45.788  -38.169  41.430 0.0000000000
122559  -46.295  -38.830  41.214 0.0000000000
45043  -46.615  -38.578  40.697 0.0000000000
45028  -46.274  -37.933  40.909 0.0000000000
125638  -53.647  -32.629  38.728 0.0000000000
50222  -54.029  -32.955  38.210 0.0000000000
52268  -52.521  -32.893  37.584 0.0000000000
53274  -52.246  -32.199  36.520 0.0000000000
53285  -52.769  -31.529  35.783 0.0000000000
123098  -54.225  -26.695  29.039 0.0000000000
58735  -54.801  -26.692  29.588 0.0000000000
58736  -55.205  -26.877  28.942 0.0000000000
128640  -55.869  -26.929  28.303 0.0000000000
58754  -56.010  -26.843  27.554 0.0000000000
58753  -55.522  -26.783  27.736 0.0000000000
58772  -55.311  -26.573  27.095 0.0000000000
65598  -57.833  -18.396  24.773 0.0000000000
65597  -57.446  -18.476  25.496 0.0000000000
64662  -57.810  -19.405  25.112 0.0000000000
63703  -57.558  -20.001  24.925 0.0000000000
69309  -56.518  -14.863  22.483 0.0000000000
68433  -57.211  -15.120  23.254 0.0000000000
68422  -57.864  -15.584  23.771 0.0000000000
69300  -58.201  -14.838  23.429 0.0000000000
68423  -58.540  -15.457  23.464 0.0000000000
67431  -58.995  -15.993  22.915 0.0000000000
67438  -58.997  -16.714  22.553 0.0000000000
68425  -59.173  -15.342  22.615 0.0000000000
68434  -59.693  -15.355  21.944 0.0000000000
122192  -60.160  -14.915  21.564 0.0000000000
71170  -60.859  -12.957  19.912 0.0000000000
70230  -61.020  -13.867  20.156 0.0000000000
70236  -61.260  -13.660  19.369 0.0000000000
139280  -61.466  -15.161  18.738 0.0000000000
126816  -48.938  -39.442  34.720 0.0000000000
44213  -49.657  -38.958  34.501 0.0000000000
45115  -49.037  -38.637  34.990 0.0000000000
46165  -48.977  -37.213  35.563 0.0000000000
144942  -49.421  -36.708  36.042 0.0000000000
49226  -48.543  -34.576  37.147 0.0000000000
49210  -50.957  -33.842  37.512 0.0000000000
50220  -50.877  -33.038  37.604 0.0000000000
51246  -50.429  -32.384  37.705 0.0000000000
52265  -50.034  -31.793  37.470 0.0000000000
42201  -18.563  -41.599  45.662 0.0000000000
41235  -19.936  -41.706  44.990 0.0000000000
43106  -24.845  -40.583  45.655 0.0000000000
41216  -26.461  -41.576  46.199 0.0000000000
41217  -26.981  -42.008  46.439 0.0000000000
42188  -27.415  -41.702  46.611 0.0000000000
39263  -30.430  -43.664  46.154 0.0000000000
39271  -30.280  -44.228  46.116 0.0000000000
39272  -31.216  -44.218  46.032 0.0000000000
140312  -32.264  -44.411  45.915 0.0000000000
125866  -35.145  -43.119  43.657 0.0000000000
41283  -34.341  -42.954  43.232 0.0000000000
126149  -33.687  -43.830  45.055 0.0000000000
38183  -34.941  -45.275  44.467 0.0000000000
38184  -36.404  -45.151  44.121 0.0000000000
38191  -36.985  -45.660  43.600 0.0000000000
40274  -39.302  -43.358  43.251 0.0000000000
39302  -39.782  -43.978  42.838 0.0000000000
39322  -41.427  -44.624  41.362 0.0000000000
39323  -42.078  -44.493  41.100 0.0000000000
43205  -41.496  -40.729  40.968 0.0000000000
43166  -42.413  -40.867  42.111 0.0000000000
42231  -46.424  -41.493  42.858 0.0000000000
42252  -44.743  -40.556  41.636 0.0000000000
42270  -45.208  -40.952  41.301 0.0000000000
41326  -44.552  -41.774  41.356 0.0000000000
40306  -44.075  -42.665  41.198 0.0000000000
41339  -44.794  -42.337  40.736 0.0000000000
40333  -45.221  -43.274  39.264 0.0000000000
40334  -45.820  -42.851  38.866 0.0000000000
44158  -47.229  -39.293  38.530 0.0000000000
43250  -47.228  -40.244  38.538 0.0000000000
133083  -47.284  -39.747  37.684 0.0000000000
122741  -47.406  -39.953  36.852 0.0000000000
134397  -47.880  -40.722  35.699 0.0000000000
43291  -47.750  -39.940  35.920 0.0000000000
44212  -48.253  -39.337  35.191 0.0000000000
137728  -17.029  -40.293  44.067 0.0000000000
43132  -17.005  -40.504  44.788 0.0000000000
43118  -17.013  -40.900  45.625 0.0000000000
50268  -53.245  -33.716  34.517 0.0000000000
49275  -53.223  -34.107  33.994 0.0000000000
49289  -53.439  -33.847  33.194 0.0000000000
57605  -52.548  -27.021  33.184 0.0000000000
56494  -53.634  -27.824  34.163 0.0000000000
56513  -53.693  -27.318  33.699 0.0000000000
56495  -54.236  -27.989  33.731 0.0000000000
54328  -55.195  -28.740  33.055 0.0000000000
55461  -57.231  -28.769  29.980 0.0000000000
55446  -56.759  -28.829  30.757 0.0000000000
64632  -55.588  -19.337  27.925 0.0000000000
65568  -54.403  -18.897  27.550 0.0000000000
64631  -54.957  -19.344  28.264 0.0000000000
63670  -53.781  -20.341  28.659 0.0000000000
62702  -53.642  -21.297  28.938 0.0000000000
62703  -54.186  -21.654  28.934 0.0000000000
70212  -58.463  -13.015  21.919 0.0000000000
71142  -59.258  -13.000  22.022 0.0000000000
71149  -58.852  -12.588  21.485 0.0000000000
71168  -59.744  -12.044  20.505 0.0000000000
72118  -59.608  -11.605  19.511 0.0000000000
71179  -60.633  -12.277  19.588 0.0000000000
71192  -60.792  -12.184  18.856 0.0000000000
46143  -46.720  -37.268  36.792 0.0000000000
47191  -46.584  -36.222  36.847 0.0000000000
129767  -46.601  -35.397  37.097 0.0000000000
48211  -46.398  -35.098  37.833 0.0000000000
145776  -47.859  -34.077  37.351 0.0000000000
49208  -47.818  -33.512  37.676 0.0000000000
145825  -20.854  -40.136  44.706 0.0000000000
42209  -31.062  -42.130  45.466 0.0000000000
124787  -36.481  -42.890  43.727 0.0000000000
41265  -36.771  -43.142  44.044 0.0000000000
41267  -38.217  -42.940  43.751 0.0000000000
41287  -38.615  -42.371  43.397 0.0000000000
132117  -38.811  -42.883  43.469 0.0000000000
41288  -39.454  -42.390  43.200 0.0000000000
44122  -43.589  -39.979  41.439 0.0000000000
44123  -44.048  -39.304  41.361 0.0000000000
45007  -45.414  -38.727  41.776 0.0000000000
44109  -45.765  -39.670  41.652 0.0000000000
44081  -47.236  -41.035  43.382 0.0000000000
41293  -48.112  -41.923  43.235 0.0000000000
41342  -48.080  -42.577  42.101 0.0000000000
42295  -46.244  -40.808  40.652 0.0000000000
125320  -46.291  -40.723  40.879 0.0000000000
44149  -47.109  -39.333  39.531 0.0000000000
45070  -47.073  -38.387  38.128 0.0000000000
45082  -46.930  -38.183  37.160 0.0000000000
43148  -17.426  -40.120  43.784 0.0000000000
46144  -52.814  -36.881  38.019 0.0000000000
47216  -53.023  -35.375  36.931 0.0000000000
46145  -54.137  -36.259  37.725 0.0000000000
120446  -54.166  -35.127  37.004 0.0000000000
119769  -52.902  -34.167  35.508 0.0000000000
50234  -53.020  -34.010  37.032 0.0000000000
50245  -52.588  -33.573  35.999 0.0000000000
120357  -52.737  -33.822  35.437 0.0000000000
119770  -53.494  -33.177  34.527 0.0000000000
50281  -54.027  -33.058  33.811 0.0000000000
136885  -54.605  -32.452  33.232 0.0000000000
58703  -53.153  -25.936  31.329 0.0000000000
141566  -53.966  -26.160  31.755 0.0000000000
58705  -55.159  -26.408  31.051 0.0000000000
57642  -55.841  -26.682  30.746 0.0000000000
58722  -55.870  -26.704  30.033 0.0000000000
57658  -56.284  -26.860  30.125 0.0000000000
55462  -57.226  -27.995  29.479 0.0000000000
66507  -54.777  -17.668  24.363 0.0000000000
141797  -54.432  -18.023  25.165 0.0000000000
66499  -55.196  -17.788  25.153 0.0000000000
65585  -55.831  -18.294  26.724 0.0000000000
65587  -56.998  -18.813  26.358 0.0000000000
65571  -56.432  -19.095  27.014 0.0000000000
65570  -56.016  -18.883  27.339 0.0000000000
64622  -55.765  -19.785  27.913 0.0000000000
63658  -55.746  -20.152  27.945 0.0000000000
48177  -44.652  -36.298  39.726 0.0000000000
49160  -45.011  -35.793  39.454 0.0000000000
49172  -44.597  -35.093  39.278 0.0000000000
44135  -43.231  -40.003  40.281 0.0000000000
45042  -43.916  -38.513  40.465 0.0000000000
46071  -44.079  -37.814  40.387 0.0000000000
128843  -44.405  -37.099  40.250 0.0000000000
47120  -44.708  -37.154  40.538 0.0000000000
47121  -44.799  -36.904  40.293 0.0000000000
55385  -51.569  -29.317  34.645 0.0000000000
55372  -51.811  -29.676  35.460 0.0000000000
55415  -51.804  -28.442  33.994 0.0000000000
56511  -51.770  -27.660  33.276 0.0000000000
57623  -52.192  -26.521  32.453 0.0000000000
58688  -52.545  -26.093  31.991 0.0000000000
58702  -52.142  -25.705  31.313 0.0000000000
123547  -52.636  -25.775  30.760 0.0000000000
57677  -52.911  -26.880  28.718 0.0000000000
58734  -53.516  -26.729  29.035 0.0000000000
139783  -53.880  -26.848  28.250 0.0000000000
66518  -54.958  -17.192  23.621 0.0000000000
67418  -55.795  -16.977  24.054 0.0000000000
67419  -56.684  -17.222  24.911 0.0000000000
67413  -57.319  -17.479  25.021 0.0000000000
67429  -57.548  -16.194  24.096 0.0000000000
67421  -58.065  -16.966  24.275 0.0000000000
66503  -57.709  -17.932  24.821 0.0000000000
65603  -58.148  -18.203  24.147 0.0000000000
64672  -58.278  -19.050  23.659 0.0000000000
64683  -58.294  -19.176  22.980 0.0000000000
70203  -59.797  -13.743  22.026 0.0000000000
69322  -60.259  -14.189  21.563 0.0000000000
69323  -60.619  -14.893  21.052 0.0000000000
69335  -61.019  -14.805  20.370 0.0000000000
68452  -60.698  -15.577  20.475 0.0000000000
45116  -50.035  -38.320  34.822 0.0000000000
45117  -50.755  -37.957  34.537 0.0000000000
46191  -51.238  -37.260  35.008 0.0000000000
47235  -51.527  -36.217  35.465 0.0000000000
48260  -51.922  -35.076  36.056 0.0000000000
47211  -47.662  -36.486  35.855 0.0000000000
47212  -48.567  -36.529  35.888 0.0000000000
48244  -49.247  -36.011  36.440 0.0000000000
48226  -49.338  -35.260  37.039 0.0000000000
48246  -51.946  -34.699  36.357 0.0000000000
47192  -52.672  -35.797  38.005 0.0000000000
47172  -52.968  -36.229  38.344 0.0000000000
47157  -52.969  -35.688  39.069 0.0000000000
49194  -53.037  -34.124  39.343 0.0000000000
49192  -52.160  -33.916  39.083 0.0000000000
49176  -52.019  -33.413  39.967 0.0000000000
50189  -52.861  -32.942  39.634 0.0000000000
54302  -51.265  -30.287  36.003 0.0000000000
140073  -45.118  -34.983  39.110 0.0000000000
51213  -45.752  -33.783  38.677 0.0000000000
137801  -46.597  -33.130  38.271 0.0000000000
51245  -47.752  -32.420  37.886 0.0000000000
52263  -48.270  -31.990  37.552 0.0000000000
53257  -48.687  -31.633  37.198 0.0000000000
54311  -51.221  -29.954  35.386 0.0000000000
40252  -17.871  -43.205  44.434 0.0000000000
40269  -18.404  -43.141  43.696 0.0000000000
40270  -19.183  -42.806  43.962 0.0000000000
44060  -22.749  -40.459  45.339 0.0000000000
42206  -23.614  -40.831  45.289 0.0000000000
42186  -24.526  -40.750  45.467 0.0000000000
129369  -24.161  -41.163  45.163 0.0000000000
42174  -27.726  -41.532  46.659 0.0000000000
40233  -27.933  -43.145  46.398 0.0000000000
39268  -28.208  -43.964  46.106 0.0000000000
38172  -30.311  -45.388  45.408 0.0000000000
37091  -30.625  -45.904  45.021 0.0000000000
42215  -31.306  -41.829  44.681 0.0000000000
128374  -33.344  -42.837  43.361 0.0000000000
40235  -32.347  -43.834  45.795 0.0000000000
125864  -33.011  -44.738  45.589 0.0000000000
140686  -33.406  -44.305  45.279 0.0000000000
40258  -37.075  -43.669  44.121 0.0000000000
39289  -37.420  -44.394  44.014 0.0000000000
39299  -37.543  -45.084  43.737 0.0000000000
38193  -37.925  -45.665  43.184 0.0000000000
43183  -40.739  -40.647  41.834 0.0000000000
43164  -40.299  -40.954  42.497 0.0000000000
43151  -39.968  -41.281  42.713 0.0000000000
41290  -40.703  -41.484  42.844 0.0000000000
44106  -43.306  -40.523  41.815 0.0000000000
131287  -43.002  -40.829  42.213 0.0000000000
41307  -42.310  -41.773  42.409 0.0000000000
39333  -42.435  -44.772  40.519 0.0000000000
40305  -43.520  -43.551  40.943 0.0000000000
39334  -43.155  -44.411  40.343 0.0000000000
42308  -46.468  -41.235  39.680 0.0000000000
42320  -47.110  -41.156  38.208 0.0000000000
41362  -46.862  -41.955  37.881 0.0000000000
41372  -46.464  -42.623  37.558 0.0000000000
42357  -47.026  -41.386  34.150 0.0000000000
42352  -47.908  -40.954  34.541 0.0000000000
42358  -47.763  -40.995  33.973 0.0000000000
121446  -52.526  -35.116  35.174 0.0000000000
139978  -52.321  -29.644  35.525 0.0000000000
53296  -52.890  -30.563  35.468 0.0000000000
53297  -53.415  -30.725  34.945 0.0000000000
55390  -53.871  -29.231  34.351 0.0000000000
120791  -53.846  -29.923  34.446 0.0000000000
119773  -53.759  -31.236  34.596 0.0000000000
120249  -54.105  -31.813  34.258 0.0000000000
140715  -54.616  -31.957  33.546 0.0000000000
57626  -54.938  -26.880  32.254 0.0000000000
55425  -55.468  -28.216  32.495 0.0000000000
54340  -55.519  -29.093  32.603 0.0000000000
54353  -55.952  -29.456  32.003 0.0000000000
126628  -55.467  -29.928  32.612 0.0000000000
126169  -55.347  -30.834  32.588 0.0000000000
144230  -55.371  -31.956  31.864 0.0000000000
140616  -55.165  -32.237  31.461 0.0000000000
125201  -52.115  -25.525  27.086 0.0000000000
142169  -52.737  -25.171  27.341 0.0000000000
59743  -53.318  -25.511  27.333 0.0000000000
59728  -53.703  -25.224  27.332 0.0000000000
65602  -53.621  -18.353  25.247 0.0000000000
65594  -52.834  -18.608  25.313 0.0000000000
64645  -53.335  -19.053  27.126 0.0000000000
64653  -52.444  -18.998  26.139 0.0000000000
64652  -51.602  -19.364  25.611 0.0000000000
143541  -51.371  -21.792  27.470 0.0000000000
132708  -51.865  -22.865  28.096 0.0000000000
61724  -52.732  -21.759  28.589 0.0000000000
60730  -53.046  -23.470  28.379 0.0000000000
139761  -53.408  -23.872  28.015 0.0000000000
60750  -53.923  -25.256  26.877 0.0000000000
135948  -54.243  -25.091  26.417 0.0000000000
60769  -54.135  -24.413  26.400 0.0000000000
59759  -54.534  -25.151  26.091 0.0000000000
38192  -37.043  -44.966  44.041 0.0000000000
39262  -29.773  -43.688  46.277 0.0000000000
40276  -46.860  -42.297  43.127 0.0000000000
40291  -47.171  -42.756  42.945 0.0000000000
40292  -47.905  -42.570  42.349 0.0000000000
40307  -47.465  -42.378  42.655 0.0000000000
40308  -47.845  -42.655  42.257 0.0000000000
40309  -48.412  -42.493  41.840 0.0000000000
41268  -46.637  -41.605  43.200 0.0000000000
41291  -46.206  -42.013  43.109 0.0000000000
41292  -46.951  -42.030  43.260 0.0000000000
41309  -46.488  -41.778  42.684 0.0000000000
41311  -47.393  -42.043  43.070 0.0000000000
41312  -47.957  -41.981  42.898 0.0000000000
41313  -48.814  -41.711  42.288 0.0000000000
41328  -48.075  -42.476  42.214 0.0000000000
41329  -48.476  -42.084  42.157 0.0000000000
41330  -48.994  -42.052  41.760 0.0000000000
41394  -47.477  -41.683  35.146 0.0000000000
42217  -47.105  -41.180  43.749 0.0000000000
42218  -47.161  -41.057  44.098 0.0000000000
42228  -38.379  -41.977  43.226 0.0000000000
42232  -46.994  -41.786  43.240 0.0000000000
42233  -47.925  -41.190  43.000 0.0000000000
42234  -48.120  -41.089  43.139 0.0000000000
42235  -48.571  -41.178  42.842 0.0000000000
42253  -46.958  -40.895  42.063 0.0000000000
42254  -48.257  -41.474  43.034 0.0000000000
42273  -47.803  -41.853  41.498 0.0000000000
42274  -48.190  -41.515  41.554 0.0000000000
42275  -49.075  -41.271  42.218 0.0000000000
42276  -49.156  -41.078  41.893 0.0000000000
42296  -48.697  -42.142  41.106 0.0000000000
42297  -49.143  -41.612  41.631 0.0000000000
43139  -46.990  -41.229  43.542 0.0000000000
43140  -46.958  -40.985  44.043 0.0000000000
43141  -47.331  -40.620  43.746 0.0000000000
43152  -46.804  -40.386  42.126 0.0000000000
43153  -46.213  -40.433  42.017 0.0000000000
43154  -47.848  -40.363  43.283 0.0000000000
43155  -48.345  -40.756  43.112 0.0000000000
43169  -47.111  -41.048  42.075 0.0000000000
43170  -48.963  -40.426  43.051 0.0000000000
43171  -49.110  -40.599  42.401 0.0000000000
43186  -45.954  -40.562  41.235 0.0000000000
43188  -48.596  -40.338  41.639 0.0000000000
43189  -49.084  -40.933  42.713 0.0000000000
43190  -49.153  -40.914  42.193 0.0000000000
43208  -46.959  -39.840  39.986 0.0000000000
43209  -49.188  -41.096  41.059 0.0000000000
43210  -49.177  -41.074  41.679 0.0000000000
43307  -48.311  -40.060  35.139 0.0000000000
43317  -49.676  -39.332  33.664 0.0000000000
44082  -47.069  -40.936  43.871 0.0000000000
44083  -47.080  -40.192  43.632 0.0000000000
44095  -46.767  -40.292  43.008 0.0000000000
44096  -48.180  -40.490  43.136 0.0000000000
44097  -48.770  -39.999  43.129 0.0000000000
44112  -47.849  -40.326  42.198 0.0000000000
44113  -49.087  -40.093  42.516 0.0000000000
44125  -46.256  -39.790  41.378 0.0000000000
44126  -49.229  -40.398  41.836 0.0000000000
44139  -49.248  -40.541  41.875 0.0000000000
44989  -47.997  -40.619  42.928 0.0000000000
45008  -48.367  -39.797  43.071 0.0000000000
45026  -44.693  -38.173  41.378 0.0000000000
45071  -53.375  -36.988  38.092 0.0000000000
45083  -53.959  -37.067  37.928 0.0000000000
45084  -54.044  -36.729  37.262 0.0000000000
45097  -53.582  -37.211  37.764 0.0000000000
45098  -53.902  -37.179  37.425 0.0000000000
45099  -54.127  -37.117  37.162 0.0000000000
45135  -50.274  -38.578  34.217 0.0000000000
46118  -53.457  -36.562  38.142 0.0000000000
46119  -54.068  -36.165  38.063 0.0000000000
46167  -53.524  -37.270  37.188 0.0000000000
46168  -54.167  -36.615  37.187 0.0000000000
46169  -54.159  -36.181  36.965 0.0000000000
46192  -54.033  -36.488  36.953 0.0000000000
46193  -54.134  -36.472  36.936 0.0000000000
46194  -54.120  -35.879  36.699 0.0000000000
46206  -54.074  -36.108  36.615 0.0000000000
47174  -54.049  -35.417  38.194 0.0000000000
47193  -54.149  -35.795  37.877 0.0000000000
47194  -54.233  -35.292  37.503 0.0000000000
47210  -46.921  -36.621  36.218 0.0000000000
47215  -52.879  -35.755  37.403 0.0000000000
47217  -54.190  -35.744  37.317 0.0000000000
47237  -53.467  -35.276  36.538 0.0000000000
47238  -53.035  -34.640  36.116 0.0000000000
47239  -54.157  -35.631  36.945 0.0000000000
47257  -54.106  -35.537  36.731 0.0000000000
48178  -44.967  -36.606  39.923 0.0000000000
48203  -52.747  -35.029  39.195 0.0000000000
48204  -53.262  -35.034  39.154 0.0000000000
48213  -52.526  -35.502  38.234 0.0000000000
48214  -53.375  -35.516  38.665 0.0000000000
48215  -54.288  -34.659  38.162 0.0000000000
48247  -52.783  -34.471  37.125 0.0000000000
48262  -53.181  -34.682  36.553 0.0000000000
49159  -44.675  -35.582  39.374 0.0000000000
49174  -45.451  -35.617  39.160 0.0000000000
49177  -52.646  -33.374  39.834 0.0000000000
49193  -52.366  -34.132  39.341 0.0000000000
49195  -53.667  -34.007  39.005 0.0000000000
49212  -54.091  -34.075  38.514 0.0000000000
49230  -54.272  -34.507  37.618 0.0000000000
50187  -52.130  -32.927  39.719 0.0000000000
50188  -52.437  -33.033  39.993 0.0000000000
50205  -52.187  -33.407  39.383 0.0000000000
50206  -53.220  -33.300  39.333 0.0000000000
50223  -54.082  -33.474  37.770 0.0000000000
51214  -52.724  -32.794  39.283 0.0000000000
51215  -53.337  -32.492  39.124 0.0000000000
51231  -53.094  -31.999  38.591 0.0000000000
51248  -53.466  -32.827  38.198 0.0000000000
51249  -53.626  -33.035  37.482 0.0000000000
51264  -52.698  -33.326  37.329 0.0000000000
52264  -49.250  -31.939  37.461 0.0000000000
52266  -50.859  -32.242  37.567 0.0000000000
52283  -52.104  -32.941  36.864 0.0000000000
52284  -52.076  -33.422  36.625 0.0000000000
53262  -51.979  -32.670  36.907 0.0000000000
53357  -56.173  -30.742  31.249 0.0000000000
54296  -51.354  -30.709  36.386 0.0000000000
54304  -52.308  -30.494  35.911 0.0000000000
54305  -52.807  -29.714  35.229 0.0000000000
54394  -57.553  -29.131  28.608 0.0000000000
55373  -52.118  -29.352  35.391 0.0000000000
55386  -51.792  -29.373  35.120 0.0000000000
55389  -53.313  -29.015  34.734 0.0000000000
55403  -52.051  -28.575  34.578 0.0000000000
55404  -52.684  -28.122  34.530 0.0000000000
55416  -54.907  -28.109  33.202 0.0000000000
55447  -56.991  -27.905  30.336 0.0000000000
56478  -53.806  -28.459  34.278 0.0000000000
56491  -52.226  -27.910  33.978 0.0000000000
56493  -53.151  -27.556  34.177 0.0000000000
56514  -54.591  -28.461  33.578 0.0000000000
56515  -54.579  -28.685  33.630 0.0000000000
56531  -55.105  -27.519  32.640 0.0000000000
56563  -56.425  -27.232  30.574 0.0000000000
56577  -57.071  -27.522  28.915 0.0000000000
57679  -56.720  -27.115  29.116 0.0000000000
57737  -56.886  -27.614  27.161 0.0000000000
58690  -54.716  -26.424  31.704 0.0000000000
59731  -55.087  -26.648  27.402 0.0000000000
63657  -55.467  -20.167  28.307 0.0000000000
63680  -56.547  -19.973  27.042 0.0000000000
63691  -57.467  -19.754  25.604 0.0000000000
64620  -54.680  -20.042  28.718 0.0000000000
64654  -57.762  -18.892  25.180 0.0000000000
65610  -58.374  -18.452  23.580 0.0000000000
66488  -56.571  -18.043  26.290 0.0000000000
66509  -57.662  -17.459  24.652 0.0000000000
66519  -58.726  -17.287  23.040 0.0000000000
66528  -59.301  -16.697  21.987 0.0000000000
68442  -60.230  -15.561  21.210 0.0000000000
69303  -59.359  -14.745  22.405 0.0000000000
69312  -59.404  -14.161  22.471 0.0000000000
70200  -58.047  -13.588  22.384 0.0000000000
71150  -59.503  -12.544  21.351 0.0000000000
72109  -60.214  -11.935  19.878 0.0000000000
120407  -52.936  -33.581  35.153 0.0000000000
120457  -53.222  -33.478  35.628 0.0000000000
120517  -52.378  -33.583  35.936 0.0000000000
120593  -53.965  -35.133  36.570 0.0000000000
121457  -55.387  -26.641  29.900 0.0000000000
123368  -54.063  -33.813  36.767 0.0000000000
124097  -48.730  -32.257  37.691 0.0000000000
124663  -47.379  -42.031  43.296 0.0000000000
125435  -56.009  -19.333  27.556 0.0000000000
125547  -47.307  -39.963  42.873 0.0000000000
129475  -54.161  -33.878  37.389 0.0000000000
131604  -53.593  -26.426  32.404 0.0000000000
133271  -54.123  -33.599  38.284 0.0000000000
134190  -53.213  -33.949  35.626 0.0000000000
135505  -56.009  -28.035  31.819 0.0000000000
136946  -54.388  -30.829  33.904 0.0000000000
137690  -52.419  -33.633  36.068 0.0000000000
137760  -52.694  -35.069  34.533 0.0000000000
139343  -48.184  -42.710  42.274 0.0000000000
139764  -48.957  -40.989  42.948 0.0000000000
141521  -47.102  -40.857  44.067 0.0000000000
142490  -55.274  -17.354  24.153 0.0000000000
142512  -53.977  -33.922  36.548 0.0000000000
142716  -20.561  -40.830  45.199 0.0000000000
144713  -47.023  -42.363  43.286 0.0000000000
144716  -51.988  -33.239  36.787 0.0000000000
145640  -57.956  -17.992  24.494 0.0000000000
145676  -55.033  -26.853  28.199 0.0000000000
