#!ascii label  , from subject sub-v1s0x0050642_ses-1 vox2ras=TkReg
1876
88175  -47.942  7.611  18.854 0.0000000000
85834  -52.812  4.704  0.489 0.0000000000
96562  -49.144  18.023  19.145 0.0000000000
88216  -55.896  7.911  11.833 0.0000000000
82207  -54.466  0.511  15.203 0.0000000000
89751  -49.872  9.664  14.192 0.0000000000
95945  -56.839  17.773  7.433 0.0000000000
97368  -43.265  20.055  4.759 0.0000000000
82131  -46.123  1.155  20.574 0.0000000000
86600  -52.218  6.345  15.312 0.0000000000
90596  -55.131  9.996  14.324 0.0000000000
88916  -55.003  8.779  20.797 0.0000000000
100236  -51.016  22.972  19.306 0.0000000000
96582  -55.848  18.313  15.356 0.0000000000
97314  -51.428  19.237  12.794 0.0000000000
95199  -49.785  16.223  7.176 0.0000000000
142375  -46.287  21.841  9.342 0.0000000000
84933  -48.783  3.513  2.439 0.0000000000
125283  -43.114  10.596  17.473 0.0000000000
91341  -48.772  11.099  19.160 0.0000000000
86661  -60.184  5.542  8.522 0.0000000000
83934  -55.146  2.660  10.480 0.0000000000
84809  -49.051  3.336  13.371 0.0000000000
82184  -47.671  0.551  16.508 0.0000000000
133167  -52.087  4.095  7.692 0.0000000000
89044  -49.991  8.443  7.268 0.0000000000
138670  -52.983  14.066  17.940 0.0000000000
93748  -52.503  14.712  10.591 0.0000000000
92271  -55.562  13.174  3.718 0.0000000000
127470  -53.157  15.816  0.548 0.0000000000
95293  -46.654  16.078  0.921 0.0000000000
87412  -50.496  7.014  16.414 0.0000000000
88188  -53.453  7.638  17.744 0.0000000000
88172  -51.424  8.102  19.596 0.0000000000
100257  -48.288  22.836  16.357 0.0000000000
98693  -51.621  21.504  15.649 0.0000000000
98699  -48.341  21.503  14.337 0.0000000000
97311  -47.560  19.483  12.669 0.0000000000
84959  -51.275  3.598  1.068 0.0000000000
132018  -40.251  13.093  16.484 0.0000000000
92964  -43.081  13.418  16.483 0.0000000000
82231  -54.659  0.656  12.833 0.0000000000
83911  -52.211  2.160  12.446 0.0000000000
82223  -51.560  0.410  13.396 0.0000000000
82148  -46.574  0.952  18.651 0.0000000000
84787  -42.360  3.436  16.216 0.0000000000
86571  -41.346  5.804  18.642 0.0000000000
85660  -39.488  4.453  18.413 0.0000000000
122752  -57.367  10.536  10.109 0.0000000000
123342  -52.787  9.504  14.117 0.0000000000
127507  -53.132  8.827  10.360 0.0000000000
88990  -50.051  7.974  10.895 0.0000000000
86654  -49.601  5.614  8.351 0.0000000000
89792  -48.407  9.640  10.350 0.0000000000
129468  -48.892  14.738  17.905 0.0000000000
92157  -51.584  13.285  20.368 0.0000000000
94415  -50.156  16.105  17.059 0.0000000000
96609  -56.547  18.133  11.951 0.0000000000
94431  -54.782  15.975  12.254 0.0000000000
128826  -56.650  15.881  9.404 0.0000000000
93783  -54.096  14.086  7.066 0.0000000000
124652  -57.655  15.640  4.662 0.0000000000
93832  -56.113  15.100  0.529 0.0000000000
127329  -55.152  16.876  3.854 0.0000000000
95195  -45.920  16.776  6.992 0.0000000000
94489  -48.728  15.664  4.278 0.0000000000
95981  -45.773  17.748  3.100 0.0000000000
95280  -44.704  16.603  1.281 0.0000000000
96688  -43.298  18.356  1.994 0.0000000000
87431  -54.115  6.944  13.838 0.0000000000
134603  -56.081  9.042  13.482 0.0000000000
88198  -55.263  7.813  16.007 0.0000000000
89735  -56.209  9.465  17.757 0.0000000000
89732  -53.535  9.971  17.973 0.0000000000
129252  -52.019  20.724  20.954 0.0000000000
97289  -51.927  19.535  17.753 0.0000000000
98674  -54.476  21.098  17.793 0.0000000000
97990  -54.621  20.331  14.165 0.0000000000
95902  -53.784  18.058  10.402 0.0000000000
95942  -53.616  17.289  7.332 0.0000000000
95899  -50.211  17.274  10.446 0.0000000000
96632  -45.965  17.980  10.084 0.0000000000
98017  -44.418  20.799  7.562 0.0000000000
86707  -48.752  5.811  3.726 0.0000000000
88935  -45.574  8.319  20.060 0.0000000000
88911  -48.496  8.662  20.168 0.0000000000
90571  -45.852  10.672  17.831 0.0000000000
93717  -46.128  14.346  17.035 0.0000000000
95855  -46.543  17.612  18.288 0.0000000000
97270  -44.464  19.748  20.007 0.0000000000
97942  -48.049  20.203  20.333 0.0000000000
87464  -57.732  6.626  8.880 0.0000000000
84854  -57.135  3.982  9.393 0.0000000000
86634  -54.632  5.064  10.772 0.0000000000
85706  -53.001  4.638  12.314 0.0000000000
85693  -50.600  4.890  14.028 0.0000000000
82155  -53.001  1.234  18.067 0.0000000000
83000  -49.343  1.814  20.683 0.0000000000
82152  -50.174  1.140  18.273 0.0000000000
82187  -50.908  0.193  16.694 0.0000000000
83063  -48.482  1.169  14.220 0.0000000000
86586  -46.225  5.955  17.412 0.0000000000
85802  -55.326  4.912  3.019 0.0000000000
88994  -54.698  9.721  9.814 0.0000000000
86680  -54.356  5.422  6.489 0.0000000000
84924  -53.173  3.299  3.556 0.0000000000
137159  -50.900  2.620  4.814 0.0000000000
86679  -49.476  5.088  5.815 0.0000000000
141731  -50.984  7.587  4.853 0.0000000000
89677  -51.435  9.742  22.152 0.0000000000
91345  -55.240  12.164  20.542 0.0000000000
92192  -50.802  11.925  16.449 0.0000000000
94422  -51.829  16.248  14.751 0.0000000000
92981  -51.008  14.037  14.057 0.0000000000
92207  -49.033  12.957  12.221 0.0000000000
92235  -50.325  12.651  8.425 0.0000000000
91432  -52.499  11.577  5.936 0.0000000000
90693  -52.528  9.842  3.263 0.0000000000
95243  -51.931  16.166  4.421 0.0000000000
121781  -48.935  15.575  0.493 0.0000000000
93098  -45.911  13.471  -1.389 0.0000000000
136466  -43.985  14.316  1.568 0.0000000000
94497  -43.338  15.620  3.370 0.0000000000
87402  -48.902  7.366  17.075 0.0000000000
88186  -51.295  7.709  18.086 0.0000000000
88177  -49.487  7.797  18.862 0.0000000000
99487  -48.177  22.399  15.241 0.0000000000
131042  -46.441  23.014  12.957 0.0000000000
85822  -52.347  3.972  1.139 0.0000000000
82226  -54.930  0.588  13.706 0.0000000000
82224  -53.331  0.265  13.278 0.0000000000
121315  -52.789  -0.070  14.714 0.0000000000
84786  -41.104  2.956  16.494 0.0000000000
85667  -40.812  4.068  17.689 0.0000000000
88231  -57.738  8.563  10.220 0.0000000000
88979  -57.194  9.386  11.212 0.0000000000
89761  -50.876  9.444  13.904 0.0000000000
89780  -51.438  9.018  11.980 0.0000000000
89769  -49.901  9.311  12.728 0.0000000000
88973  -48.894  8.794  11.184 0.0000000000
89768  -48.687  9.784  12.112 0.0000000000
95106  -48.737  16.571  18.207 0.0000000000
93703  -49.864  14.922  17.839 0.0000000000
95856  -49.588  17.405  17.792 0.0000000000
96634  -57.434  17.948  9.767 0.0000000000
95161  -57.429  16.736  10.339 0.0000000000
95189  -58.511  16.667  8.134 0.0000000000
121869  -57.975  15.677  6.874 0.0000000000
95969  -58.279  17.170  6.054 0.0000000000
95260  -57.123  16.279  3.685 0.0000000000
95967  -56.485  17.544  5.670 0.0000000000
143317  -44.082  18.505  6.001 0.0000000000
130960  -45.703  17.356  5.065 0.0000000000
96674  -44.578  18.418  4.420 0.0000000000
96689  -44.245  18.410  2.505 0.0000000000
97373  -43.353  19.759  3.191 0.0000000000
87430  -53.699  6.761  14.507 0.0000000000
88202  -55.178  7.707  15.027 0.0000000000
87422  -53.476  7.011  15.856 0.0000000000
88181  -54.368  7.945  18.644 0.0000000000
88182  -55.501  7.999  18.670 0.0000000000
139407  -56.108  8.543  19.022 0.0000000000
89740  -54.336  9.885  17.516 0.0000000000
89719  -55.428  10.494  18.957 0.0000000000
99432  -52.288  22.551  20.271 0.0000000000
97927  -52.995  21.043  19.709 0.0000000000
129180  -52.985  22.377  18.805 0.0000000000
97977  -51.301  20.840  14.403 0.0000000000
98703  -52.941  21.254  14.984 0.0000000000
97305  -53.072  19.898  13.032 0.0000000000
96594  -54.442  19.235  12.204 0.0000000000
96605  -52.603  18.580  11.737 0.0000000000
122867  -52.128  17.698  10.599 0.0000000000
137877  -51.060  18.088  11.671 0.0000000000
123429  -45.982  20.867  11.366 0.0000000000
96599  -46.682  18.673  11.523 0.0000000000
97326  -45.496  19.884  10.402 0.0000000000
97342  -44.800  19.073  9.097 0.0000000000
98011  -45.446  21.107  9.033 0.0000000000
85811  -48.613  3.980  3.095 0.0000000000
89694  -43.834  9.542  18.987 0.0000000000
89716  -45.745  9.510  19.273 0.0000000000
128643  -44.027  10.584  17.562 0.0000000000
95129  -43.581  16.124  16.570 0.0000000000
126474  -44.598  14.337  16.493 0.0000000000
94413  -45.314  15.499  16.966 0.0000000000
94397  -46.376  15.928  17.742 0.0000000000
96567  -44.964  17.996  17.738 0.0000000000
97917  -43.436  20.747  20.940 0.0000000000
97272  -46.444  19.896  19.699 0.0000000000
97920  -46.536  21.403  20.830 0.0000000000
98635  -48.202  21.732  21.663 0.0000000000
99427  -47.350  22.651  21.442 0.0000000000
87477  -59.588  6.942  7.964 0.0000000000
86659  -59.149  5.900  8.487 0.0000000000
84841  -57.356  3.319  10.055 0.0000000000
84840  -56.340  3.254  9.875 0.0000000000
85736  -56.515  4.463  9.370 0.0000000000
85725  -55.061  4.326  10.292 0.0000000000
86623  -53.706  5.187  11.856 0.0000000000
84826  -53.894  3.446  11.115 0.0000000000
141423  -50.765  3.092  13.067 0.0000000000
84811  -51.333  3.344  12.987 0.0000000000
85701  -50.157  4.305  13.638 0.0000000000
82998  -47.394  1.456  20.989 0.0000000000
82150  -48.311  0.885  18.266 0.0000000000
128170  -48.922  0.622  17.453 0.0000000000
82170  -50.580  0.605  17.523 0.0000000000
82186  -49.466  0.218  16.120 0.0000000000
82203  -49.560  0.076  15.045 0.0000000000
82202  -48.089  0.538  15.547 0.0000000000
139581  -44.773  5.530  19.112 0.0000000000
86579  -43.691  4.972  18.665 0.0000000000
86718  -56.327  5.923  2.626 0.0000000000
90592  -55.550  9.513  14.043 0.0000000000
90606  -55.693  10.012  11.767 0.0000000000
123955  -54.929  10.095  11.974 0.0000000000
87462  -52.708  7.009  9.193 0.0000000000
88259  -53.457  7.443  8.790 0.0000000000
86670  -53.297  5.272  7.652 0.0000000000
85780  -54.068  4.187  5.392 0.0000000000
84884  -52.879  3.360  6.154 0.0000000000
84907  -52.433  2.787  4.335 0.0000000000
137152  -51.949  2.802  5.948 0.0000000000
88272  -49.340  7.411  7.788 0.0000000000
128952  -49.577  5.177  6.610 0.0000000000
87493  -49.621  6.075  6.747 0.0000000000
87494  -49.954  6.377  5.644 0.0000000000
89053  -50.675  8.497  6.457 0.0000000000
90533  -48.685  9.862  20.223 0.0000000000
89685  -49.848  9.347  21.040 0.0000000000
90535  -50.322  10.423  21.395 0.0000000000
93685  -53.089  14.243  19.249 0.0000000000
92921  -53.671  13.129  21.619 0.0000000000
92948  -53.887  13.808  19.060 0.0000000000
91369  -53.325  11.948  18.290 0.0000000000
92194  -52.590  13.193  17.286 0.0000000000
96575  -54.600  19.278  16.659 0.0000000000
96578  -52.263  18.305  15.859 0.0000000000
95866  -54.012  18.116  15.196 0.0000000000
93749  -53.323  15.182  10.996 0.0000000000
93731  -52.991  15.309  12.778 0.0000000000
93737  -51.821  14.462  11.834 0.0000000000
92980  -50.186  13.568  13.563 0.0000000000
93001  -50.154  13.693  10.907 0.0000000000
93009  -49.604  13.093  9.921 0.0000000000
93011  -50.988  13.777  9.402 0.0000000000
93041  -54.645  13.332  5.357 0.0000000000
92251  -53.418  12.783  6.110 0.0000000000
92259  -53.954  12.509  5.249 0.0000000000
90677  -52.539  10.380  4.726 0.0000000000
91462  -54.364  11.818  3.425 0.0000000000
90701  -52.836  10.797  3.029 0.0000000000
92291  -54.865  12.297  2.155 0.0000000000
94528  -54.907  15.873  0.222 0.0000000000
93092  -54.199  13.910  -0.224 0.0000000000
95200  -51.250  16.589  7.587 0.0000000000
95231  -52.788  16.671  5.805 0.0000000000
121955  -50.966  16.165  6.013 0.0000000000
95268  -47.267  16.417  2.233 0.0000000000
94509  -48.849  15.678  2.558 0.0000000000
94522  -48.090  15.816  0.868 0.0000000000
94554  -47.394  15.190  -1.264 0.0000000000
94553  -46.510  15.030  -0.821 0.0000000000
93829  -44.724  13.966  -0.110 0.0000000000
94537  -45.396  15.227  0.049 0.0000000000
95279  -43.439  16.944  1.829 0.0000000000
95266  -43.790  16.093  1.937 0.0000000000
95265  -43.155  16.809  2.163 0.0000000000
134726  -42.363  16.599  4.101 0.0000000000
126549  -51.983  6.553  15.766 0.0000000000
87414  -53.078  7.249  16.870 0.0000000000
87405  -51.791  7.328  17.184 0.0000000000
88179  -52.026  7.960  18.711 0.0000000000
88939  -53.257  8.222  20.390 0.0000000000
99461  -51.614  22.453  17.625 0.0000000000
99478  -49.680  22.104  16.343 0.0000000000
142437  -50.276  21.372  15.327 0.0000000000
97985  -49.649  20.393  13.909 0.0000000000
97313  -49.271  19.027  13.026 0.0000000000
97983  -47.746  20.864  13.562 0.0000000000
98708  -46.515  21.545  12.545 0.0000000000
84934  -49.653  2.946  2.274 0.0000000000
91376  -41.304  11.662  16.801 0.0000000000
91378  -43.179  11.919  16.762 0.0000000000
92963  -42.138  13.301  16.492 0.0000000000
83089  -55.091  1.490  11.494 0.0000000000
125530  -53.452  2.696  11.530 0.0000000000
83082  -53.578  1.092  12.082 0.0000000000
83074  -51.978  0.918  12.837 0.0000000000
83072  -50.699  1.216  13.180 0.0000000000
82139  -46.338  1.123  19.686 0.0000000000
82165  -45.656  0.633  17.365 0.0000000000
84788  -42.950  4.035  16.602 0.0000000000
85664  -43.320  4.593  18.066 0.0000000000
138709  -42.164  4.466  17.618 0.0000000000
140641  -40.688  5.425  18.556 0.0000000000
89763  -53.742  9.667  13.664 0.0000000000
136108  -54.205  9.833  12.107 0.0000000000
89771  -52.368  9.362  12.539 0.0000000000
88976  -51.816  8.656  11.297 0.0000000000
86644  -51.314  5.729  9.226 0.0000000000
85746  -50.491  4.625  8.176 0.0000000000
87459  -49.730  6.165  9.397 0.0000000000
142855  -48.643  7.787  9.267 0.0000000000
89814  -49.167  9.251  8.299 0.0000000000
92165  -49.190  12.657  18.360 0.0000000000
91343  -50.356  11.924  20.255 0.0000000000
92946  -50.543  13.876  18.731 0.0000000000
92947  -51.454  14.278  18.910 0.0000000000
94403  -51.715  15.096  17.102 0.0000000000
96586  -56.459  18.289  13.775 0.0000000000
95142  -55.304  16.779  13.379 0.0000000000
95146  -56.276  16.745  12.487 0.0000000000
94445  -55.794  15.869  10.619 0.0000000000
94450  -54.966  15.314  9.317 0.0000000000
93766  -53.566  14.673  8.677 0.0000000000
94462  -55.193  15.116  7.946 0.0000000000
93786  -56.573  15.001  5.982 0.0000000000
93050  -56.513  14.495  3.656 0.0000000000
93061  -56.147  13.571  2.366 0.0000000000
93816  -56.683  14.987  2.607 0.0000000000
95273  -55.877  16.263  2.348 0.0000000000
95271  -54.013  16.520  1.691 0.0000000000
95211  -48.091  16.113  7.103 0.0000000000
139536  -49.520  15.774  5.802 0.0000000000
95225  -46.755  16.520  5.621 0.0000000000
95241  -46.917  16.703  3.795 0.0000000000
95989  -46.147  17.326  2.536 0.0000000000
95281  -45.559  16.569  1.156 0.0000000000
95988  -45.527  17.653  2.279 0.0000000000
96700  -43.972  17.810  1.929 0.0000000000
96699  -43.026  17.881  1.615 0.0000000000
87434  -55.317  7.570  12.374 0.0000000000
88210  -56.222  8.883  12.409 0.0000000000
88206  -55.598  8.389  13.632 0.0000000000
88962  -56.132  8.964  15.051 0.0000000000
136065  -56.087  9.590  15.700 0.0000000000
88194  -54.574  7.670  17.253 0.0000000000
88191  -56.157  8.783  17.454 0.0000000000
89748  -55.601  9.833  15.996 0.0000000000
127707  -54.170  9.669  15.818 0.0000000000
89747  -52.798  9.482  16.279 0.0000000000
89737  -51.060  9.877  16.520 0.0000000000
97255  -50.684  19.755  20.384 0.0000000000
97285  -50.867  19.310  18.514 0.0000000000
97277  -52.389  20.367  19.555 0.0000000000
97287  -54.155  20.494  18.005 0.0000000000
129380  -55.465  20.280  16.918 0.0000000000
98688  -53.320  21.679  16.400 0.0000000000
97972  -54.532  21.110  15.480 0.0000000000
97299  -55.975  19.659  14.729 0.0000000000
96596  -56.099  18.807  12.507 0.0000000000
124188  -55.755  18.597  10.811 0.0000000000
95916  -55.546  18.052  8.942 0.0000000000
95944  -55.277  17.702  7.325 0.0000000000
95927  -53.344  17.486  8.741 0.0000000000
95926  -51.763  17.036  9.064 0.0000000000
95184  -50.027  16.674  8.676 0.0000000000
96602  -49.107  18.013  11.932 0.0000000000
95159  -48.459  17.000  10.153 0.0000000000
95168  -48.267  16.595  9.201 0.0000000000
95924  -45.493  17.428  8.428 0.0000000000
139815  -44.458  18.443  7.645 0.0000000000
98022  -43.605  20.846  6.249 0.0000000000
88167  -46.750  7.638  19.777 0.0000000000
88169  -48.676  7.908  19.558 0.0000000000
89698  -46.925  8.661  20.095 0.0000000000
89717  -46.803  9.457  19.463 0.0000000000
90573  -47.479  11.027  17.993 0.0000000000
91380  -44.973  11.971  16.837 0.0000000000
92174  -45.875  12.065  16.904 0.0000000000
135359  -47.491  12.394  17.451 0.0000000000
93700  -47.103  14.530  17.612 0.0000000000
95119  -47.620  15.907  18.206 0.0000000000
96561  -48.170  17.689  19.129 0.0000000000
96557  -44.505  18.687  18.333 0.0000000000
96558  -45.443  18.731  18.362 0.0000000000
96544  -46.874  19.104  19.164 0.0000000000
97275  -49.281  19.053  20.043 0.0000000000
97923  -49.568  20.504  21.106 0.0000000000
98623  -50.491  21.987  21.917 0.0000000000
100217  -50.059  23.311  20.807 0.0000000000
88247  -58.791  7.947  8.661 0.0000000000
87451  -56.350  6.980  10.288 0.0000000000
84842  -59.194  4.243  10.335 0.0000000000
86647  -59.754  5.188  8.971 0.0000000000
85748  -58.082  5.650  8.724 0.0000000000
142965  -56.436  6.225  9.627 0.0000000000
87450  -55.724  6.991  10.979 0.0000000000
87440  -54.640  6.328  11.756 0.0000000000
86615  -53.448  5.628  12.698 0.0000000000
86611  -52.656  5.686  13.994 0.0000000000
85705  -52.473  3.784  12.548 0.0000000000
85702  -52.151  5.049  13.580 0.0000000000
86607  -51.780  5.804  14.662 0.0000000000
86598  -50.634  6.036  15.146 0.0000000000
83842  -50.595  2.608  20.718 0.0000000000
83019  -48.060  1.269  19.307 0.0000000000
83009  -49.526  1.850  19.900 0.0000000000
83011  -51.202  2.251  19.503 0.0000000000
82154  -52.054  1.074  18.115 0.0000000000
82172  -52.578  0.628  17.217 0.0000000000
82189  -52.605  0.251  16.294 0.0000000000
82205  -51.324  -0.168  14.896 0.0000000000
82213  -50.148  0.153  14.135 0.0000000000
83070  -48.927  1.699  13.640 0.0000000000
87400  -46.669  6.662  17.996 0.0000000000
87393  -45.668  6.774  19.419 0.0000000000
88164  -44.257  7.618  19.697 0.0000000000
88952  -43.206  9.068  19.240 0.0000000000
89729  -41.841  10.046  17.929 0.0000000000
87556  -55.869  6.465  0.245 0.0000000000
86738  -55.097  5.892  0.270 0.0000000000
126265  -54.021  4.490  1.539 0.0000000000
89784  -56.793  9.644  11.409 0.0000000000
90617  -56.089  10.467  10.419 0.0000000000
88993  -53.884  9.291  10.051 0.0000000000
88260  -54.217  8.005  8.466 0.0000000000
87496  -55.417  6.518  6.410 0.0000000000
85782  -55.065  4.879  4.575 0.0000000000
84925  -54.089  3.825  3.316 0.0000000000
84948  -53.432  3.929  2.039 0.0000000000
84935  -52.687  3.322  2.564 0.0000000000
121619  -51.199  2.600  3.486 0.0000000000
84904  -49.459  3.355  4.400 0.0000000000
84882  -50.444  3.390  6.388 0.0000000000
84892  -49.574  3.563  5.127 0.0000000000
85789  -49.072  4.378  4.754 0.0000000000
86697  -49.073  5.436  4.535 0.0000000000
87505  -50.082  6.664  4.648 0.0000000000
88315  -50.837  7.669  3.682 0.0000000000
88146  -49.665  8.271  20.309 0.0000000000
88914  -51.694  8.282  21.162 0.0000000000
89678  -53.102  9.112  22.048 0.0000000000
91336  -51.415  11.909  21.566 0.0000000000
90528  -54.335  10.734  22.385 0.0000000000
90536  -55.536  10.675  20.752 0.0000000000
132754  -54.659  11.118  18.948 0.0000000000
90574  -52.228  10.646  18.002 0.0000000000
90586  -49.949  10.513  15.796 0.0000000000
96572  -50.724  18.265  16.822 0.0000000000
95132  -50.908  16.702  15.847 0.0000000000
93722  -51.640  14.791  15.766 0.0000000000
94424  -53.116  16.171  13.716 0.0000000000
135811  -51.667  14.988  14.807 0.0000000000
93721  -51.542  14.386  15.379 0.0000000000
92971  -50.716  13.182  15.419 0.0000000000
92200  -49.372  12.326  14.553 0.0000000000
90594  -48.609  10.845  13.455 0.0000000000
91402  -48.243  11.253  11.043 0.0000000000
91420  -50.284  11.051  7.401 0.0000000000
93023  -52.554  13.565  7.484 0.0000000000
92242  -51.432  12.455  7.311 0.0000000000
91430  -50.966  10.604  6.705 0.0000000000
90676  -51.977  10.206  5.365 0.0000000000
89858  -52.266  9.040  4.257 0.0000000000
92318  -54.789  13.016  0.871 0.0000000000
95233  -54.566  17.158  5.458 0.0000000000
140722  -53.434  16.592  4.315 0.0000000000
94512  -52.486  16.037  2.241 0.0000000000
94491  -50.242  15.625  4.033 0.0000000000
124293  -50.540  15.525  2.553 0.0000000000
122647  -51.490  15.499  0.322 0.0000000000
94556  -49.386  15.297  -1.488 0.0000000000
93100  -47.046  13.615  -2.065 0.0000000000
92310  -45.728  12.549  -0.029 0.0000000000
94519  -44.471  15.708  0.960 0.0000000000
94508  -43.850  15.130  2.189 0.0000000000
99590  -43.692  22.298  3.565 0.0000000000
98815  -42.660  21.028  2.542 0.0000000000
98061  -42.335  19.649  1.227 0.0000000000
97385  -42.415  18.599  1.212 0.0000000000
96697  -41.262  18.154  0.648 0.0000000000
88183  -48.370  7.516  17.928 0.0000000000
88184  -49.256  7.620  17.926 0.0000000000
88176  -48.737  7.710  18.666 0.0000000000
82208  -55.185  0.901  15.512 0.0000000000
82218  -55.107  0.682  14.643 0.0000000000
82217  -54.229  0.302  14.253 0.0000000000
82206  -53.662  0.159  14.971 0.0000000000
83876  -41.265  2.104  16.075 0.0000000000
88217  -56.619  8.587  11.475 0.0000000000
88995  -57.276  8.961  11.098 0.0000000000
89760  -50.210  9.416  13.404 0.0000000000
89759  -49.498  9.681  13.305 0.0000000000
136765  -49.200  9.586  12.637 0.0000000000
90595  -48.812  10.060  13.010 0.0000000000
95845  -49.037  17.270  18.582 0.0000000000
136346  -49.294  16.812  17.889 0.0000000000
96569  -49.494  17.869  18.492 0.0000000000
95931  -57.182  18.008  8.393 0.0000000000
95933  -58.288  17.445  8.658 0.0000000000
95947  -58.269  17.603  7.610 0.0000000000
95203  -58.504  16.627  7.169 0.0000000000
95959  -58.125  17.522  6.291 0.0000000000
95218  -57.393  17.462  5.960 0.0000000000
95958  -56.581  17.636  6.570 0.0000000000
97362  -43.462  19.662  5.485 0.0000000000
97363  -43.912  18.857  5.195 0.0000000000
140447  -43.614  19.412  4.718 0.0000000000
97369  -44.017  18.985  4.153 0.0000000000
130177  -43.579  19.614  3.991 0.0000000000
87426  -53.261  6.648  15.082 0.0000000000
88940  -54.528  8.336  20.140 0.0000000000
132469  -55.309  8.190  19.435 0.0000000000
88941  -55.490  8.665  20.069 0.0000000000
89720  -55.758  9.129  19.348 0.0000000000
89699  -55.614  9.706  20.176 0.0000000000
100218  -52.049  22.769  19.860 0.0000000000
99438  -52.640  22.503  19.515 0.0000000000
100237  -52.247  22.692  19.128 0.0000000000
97987  -51.695  20.377  13.785 0.0000000000
97988  -52.662  20.462  13.715 0.0000000000
97304  -52.044  19.915  13.169 0.0000000000
96593  -52.908  19.232  12.320 0.0000000000
96592  -52.035  18.876  12.244 0.0000000000
96604  -51.751  18.308  11.695 0.0000000000
128136  -51.224  18.536  12.211 0.0000000000
135499  -45.830  21.088  10.609 0.0000000000
97997  -45.751  20.314  10.928 0.0000000000
98004  -45.663  20.849  10.183 0.0000000000
98003  -45.383  20.496  9.711 0.0000000000
98012  -45.819  21.412  9.507 0.0000000000
84945  -49.135  3.392  1.592 0.0000000000
84932  -48.528  3.826  1.772 0.0000000000
85810  -48.267  4.403  2.343 0.0000000000
90551  -43.502  10.057  18.130 0.0000000000
90552  -44.411  10.069  18.317 0.0000000000
94412  -44.546  15.802  16.679 0.0000000000
95130  -44.380  16.599  16.919 0.0000000000
95116  -45.056  17.021  17.362 0.0000000000
95853  -44.221  17.430  17.234 0.0000000000
98633  -45.944  21.783  20.853 0.0000000000
129847  -46.718  22.054  21.124 0.0000000000
130667  -60.333  5.906  8.078 0.0000000000
121612  -59.980  6.355  8.020 0.0000000000
86660  -59.806  5.924  8.356 0.0000000000
84839  -55.613  3.705  9.961 0.0000000000
84838  -54.815  3.400  10.502 0.0000000000
85724  -54.301  4.227  10.852 0.0000000000
83905  -50.309  2.319  13.117 0.0000000000
84810  -50.002  3.418  13.283 0.0000000000
85700  -49.410  4.166  13.546 0.0000000000
82168  -48.155  0.586  17.250 0.0000000000
138270  -49.366  0.409  16.882 0.0000000000
82185  -48.653  0.412  16.474 0.0000000000
121532  -48.911  0.355  15.603 0.0000000000
140072  -44.465  4.672  17.377 0.0000000000
86584  -44.926  4.859  18.033 0.0000000000
85665  -44.124  4.634  18.087 0.0000000000
87497  -56.107  6.963  6.004 0.0000000000
90591  -55.565  9.623  14.523 0.0000000000
90597  -55.414  9.705  13.593 0.0000000000
122550  -54.930  10.108  13.399 0.0000000000
122973  -52.509  4.815  8.092 0.0000000000
86658  -52.854  5.662  8.348 0.0000000000
85757  -52.944  4.472  7.349 0.0000000000
85767  -53.337  4.137  6.602 0.0000000000
85766  -52.534  3.727  6.985 0.0000000000
145174  -52.080  3.189  6.619 0.0000000000
138089  -49.648  6.853  7.136 0.0000000000
88273  -50.144  7.661  6.803 0.0000000000
88283  -50.082  6.988  6.206 0.0000000000
90543  -49.132  10.614  20.024 0.0000000000
90534  -49.432  10.064  20.712 0.0000000000
91334  -49.918  10.978  20.541 0.0000000000
93705  -53.327  14.126  18.570 0.0000000000
92180  -53.461  13.703  18.254 0.0000000000
92179  -53.274  13.047  17.842 0.0000000000
144235  -53.026  13.660  17.687 0.0000000000
122527  -54.886  18.679  16.003 0.0000000000
95867  -55.139  18.209  15.330 0.0000000000
128771  -52.535  14.830  11.468 0.0000000000
93747  -51.928  14.486  11.042 0.0000000000
92990  -51.026  14.157  12.206 0.0000000000
93002  -51.094  14.106  11.159 0.0000000000
124172  -50.674  13.848  10.235 0.0000000000
93756  -51.659  14.241  10.160 0.0000000000
93048  -55.203  13.193  4.458 0.0000000000
92260  -54.622  12.673  4.637 0.0000000000
92269  -54.252  12.020  4.285 0.0000000000
92270  -55.038  12.465  3.775 0.0000000000
91475  -54.312  11.785  2.673 0.0000000000
92281  -54.981  12.295  2.846 0.0000000000
94527  -54.053  16.214  0.727 0.0000000000
94545  -53.912  15.521  -0.083 0.0000000000
94544  -52.802  15.380  -0.349 0.0000000000
94543  -51.793  15.334  -0.417 0.0000000000
95213  -50.671  16.332  6.955 0.0000000000
95214  -51.537  16.506  6.744 0.0000000000
132921  -50.089  16.005  6.374 0.0000000000
141031  -46.717  16.423  1.528 0.0000000000
95284  -48.062  15.936  1.896 0.0000000000
95283  -47.303  16.084  1.280 0.0000000000
94521  -47.248  15.706  0.400 0.0000000000
94539  -46.609  15.623  0.141 0.0000000000
94538  -45.993  15.425  -0.013 0.0000000000
95292  -46.110  16.077  0.693 0.0000000000
95997  -42.644  17.629  1.611 0.0000000000
130322  -52.134  6.972  16.459 0.0000000000
87413  -51.313  7.064  16.578 0.0000000000
145659  -51.296  7.947  18.833 0.0000000000
88173  -52.626  8.122  19.511 0.0000000000
88938  -52.077  8.156  20.402 0.0000000000
125755  -49.900  22.407  17.045 0.0000000000
99477  -49.028  22.633  16.907 0.0000000000
99490  -48.757  21.959  15.056 0.0000000000
99488  -49.675  21.676  15.526 0.0000000000
98700  -49.211  21.521  14.888 0.0000000000
97976  -50.308  20.873  14.443 0.0000000000
97975  -49.358  21.054  14.445 0.0000000000
97984  -48.706  20.613  13.853 0.0000000000
98706  -47.395  21.564  13.724 0.0000000000
100270  -46.425  23.909  12.576 0.0000000000
99495  -46.399  22.245  12.345 0.0000000000
99497  -46.298  22.293  11.507 0.0000000000
85833  -50.981  4.247  0.320 0.0000000000
84958  -50.404  3.699  0.709 0.0000000000
84946  -50.125  3.221  1.349 0.0000000000
92186  -40.806  12.332  16.595 0.0000000000
92187  -41.803  12.372  16.625 0.0000000000
92962  -41.202  13.176  16.499 0.0000000000
125038  -55.989  1.291  12.525 0.0000000000
83084  -55.146  1.065  12.166 0.0000000000
83088  -54.427  1.291  11.738 0.0000000000
83083  -54.338  0.859  12.256 0.0000000000
123885  -52.556  0.020  13.728 0.0000000000
134228  -52.515  0.490  13.006 0.0000000000
134087  -50.670  0.423  13.641 0.0000000000
83885  -43.378  2.554  15.432 0.0000000000
84796  -43.207  3.448  15.817 0.0000000000
84779  -42.091  4.009  16.975 0.0000000000
85661  -40.477  4.697  18.247 0.0000000000
86576  -39.854  5.374  18.846 0.0000000000
89754  -53.895  9.647  14.614 0.0000000000
138750  -52.880  9.516  13.293 0.0000000000
88975  -50.736  8.545  11.421 0.0000000000
88991  -51.192  8.084  10.855 0.0000000000
88228  -51.533  7.664  10.382 0.0000000000
88227  -50.545  7.450  10.444 0.0000000000
87460  -50.650  6.219  9.642 0.0000000000
88226  -49.477  7.401  10.293 0.0000000000
134262  -48.592  8.892  10.601 0.0000000000
88225  -48.804  7.720  9.967 0.0000000000
89024  -48.553  8.414  9.532 0.0000000000
89025  -48.723  8.431  8.797 0.0000000000
89813  -48.653  9.334  9.059 0.0000000000
93702  -48.716  14.094  17.930 0.0000000000
92945  -49.759  13.326  18.533 0.0000000000
93692  -49.640  14.141  18.171 0.0000000000
94401  -50.033  15.551  17.543 0.0000000000
93693  -50.664  14.595  18.309 0.0000000000
94402  -50.922  15.400  17.353 0.0000000000
93694  -51.671  14.725  18.073 0.0000000000
95878  -56.641  17.542  12.513 0.0000000000
137396  -56.511  17.159  12.768 0.0000000000
95147  -56.599  17.001  12.161 0.0000000000
95171  -57.418  16.336  9.889 0.0000000000
94437  -56.538  16.358  11.095 0.0000000000
94446  -56.625  16.141  10.282 0.0000000000
94444  -54.825  15.468  10.153 0.0000000000
94451  -55.755  15.659  9.770 0.0000000000
94455  -55.685  15.415  8.759 0.0000000000
94472  -58.021  15.671  6.096 0.0000000000
94471  -57.215  15.471  6.487 0.0000000000
94481  -57.442  15.424  5.566 0.0000000000
93795  -55.911  14.605  5.448 0.0000000000
93804  -56.997  15.259  4.131 0.0000000000
93810  -56.815  15.262  3.355 0.0000000000
124713  -57.551  15.929  3.906 0.0000000000
95247  -56.332  17.017  3.948 0.0000000000
95274  -56.685  15.993  2.903 0.0000000000
95259  -56.121  16.575  3.211 0.0000000000
95272  -54.834  16.500  2.104 0.0000000000
95258  -54.958  16.573  3.033 0.0000000000
95196  -46.753  16.492  7.392 0.0000000000
123726  -47.382  16.276  6.887 0.0000000000
95209  -46.650  16.517  6.500 0.0000000000
95975  -45.896  17.507  4.154 0.0000000000
95976  -46.288  16.961  4.939 0.0000000000
95982  -46.355  17.240  3.426 0.0000000000
95252  -46.778  16.854  2.867 0.0000000000
126852  -54.541  7.150  13.277 0.0000000000
88208  -55.113  7.690  13.083 0.0000000000
88205  -54.994  7.616  14.012 0.0000000000
88199  -55.826  8.538  15.522 0.0000000000
88959  -56.234  9.303  15.896 0.0000000000
87415  -53.671  7.289  16.636 0.0000000000
88193  -53.875  7.527  17.298 0.0000000000
88955  -56.147  8.640  18.358 0.0000000000
88190  -55.506  8.028  17.901 0.0000000000
89742  -56.366  9.484  17.137 0.0000000000
89741  -56.070  9.820  16.882 0.0000000000
122611  -55.084  9.946  16.823 0.0000000000
125152  -53.822  9.624  16.763 0.0000000000
89739  -53.041  9.636  17.213 0.0000000000
89746  -51.534  9.523  15.780 0.0000000000
89738  -51.937  9.694  16.823 0.0000000000
97925  -51.448  20.294  20.828 0.0000000000
121521  -51.373  19.804  19.525 0.0000000000
97943  -52.139  20.475  20.372 0.0000000000
97960  -54.035  20.990  18.414 0.0000000000
138595  -53.941  20.766  18.386 0.0000000000
97968  -54.475  20.726  17.831 0.0000000000
97291  -54.876  20.369  17.436 0.0000000000
97970  -54.991  20.702  17.345 0.0000000000
99480  -51.978  22.099  16.961 0.0000000000
99481  -52.735  21.924  16.913 0.0000000000
98687  -52.275  21.777  16.300 0.0000000000
97980  -54.176  20.883  14.623 0.0000000000
97981  -55.082  20.646  15.084 0.0000000000
97974  -55.755  20.241  15.382 0.0000000000
97991  -55.403  20.068  14.494 0.0000000000
97308  -55.820  19.553  13.828 0.0000000000
97307  -55.080  19.754  13.600 0.0000000000
123884  -54.153  18.570  11.147 0.0000000000
96607  -55.113  18.756  11.355 0.0000000000
96622  -54.751  18.414  10.569 0.0000000000
141066  -56.135  18.317  9.562 0.0000000000
95903  -55.334  18.284  9.863 0.0000000000
95915  -54.412  17.783  9.045 0.0000000000
139316  -54.355  18.009  9.897 0.0000000000
95900  -51.251  17.393  10.252 0.0000000000
121994  -52.005  17.413  9.817 0.0000000000
143222  -51.444  17.191  9.647 0.0000000000
95185  -51.007  16.734  8.463 0.0000000000
95170  -50.750  16.956  9.467 0.0000000000
97312  -48.426  19.217  12.915 0.0000000000
96589  -48.767  18.527  12.499 0.0000000000
96588  -47.915  18.732  12.361 0.0000000000
96619  -46.317  18.368  10.816 0.0000000000
95897  -47.734  17.393  10.672 0.0000000000
95912  -47.474  16.951  9.924 0.0000000000
95911  -46.535  17.245  9.639 0.0000000000
95167  -47.180  16.673  9.099 0.0000000000
95910  -45.695  17.662  9.286 0.0000000000
97341  -44.476  19.628  8.458 0.0000000000
96641  -44.568  18.706  8.327 0.0000000000
97348  -44.159  20.064  7.747 0.0000000000
97355  -43.826  19.596  7.020 0.0000000000
98023  -43.881  20.456  7.005 0.0000000000
85799  -48.391  4.963  3.221 0.0000000000
88166  -45.992  7.603  19.826 0.0000000000
88936  -46.421  8.174  20.097 0.0000000000
90553  -45.348  10.075  18.451 0.0000000000
90554  -46.323  10.102  18.552 0.0000000000
90555  -47.346  10.323  18.644 0.0000000000
90572  -46.768  10.772  17.898 0.0000000000
92189  -43.605  12.654  16.566 0.0000000000
91379  -44.077  11.909  16.741 0.0000000000
133698  -45.422  14.103  16.647 0.0000000000
92191  -45.422  12.762  16.681 0.0000000000
92175  -46.273  12.880  16.835 0.0000000000
132196  -46.714  12.217  17.126 0.0000000000
92176  -47.018  13.033  17.196 0.0000000000
92954  -47.301  13.830  17.465 0.0000000000
145325  -46.740  14.241  17.352 0.0000000000
95118  -46.593  16.729  18.054 0.0000000000
121240  -46.996  16.076  18.073 0.0000000000
95842  -47.135  17.138  18.506 0.0000000000
95843  -47.748  17.102  18.748 0.0000000000
96560  -47.335  17.837  18.810 0.0000000000
97251  -43.881  20.301  20.617 0.0000000000
97282  -44.077  19.068  19.285 0.0000000000
97283  -45.001  19.279  19.053 0.0000000000
97941  -47.005  20.548  20.274 0.0000000000
97273  -47.465  19.582  19.739 0.0000000000
97274  -48.456  19.143  19.939 0.0000000000
97253  -49.014  19.832  20.479 0.0000000000
97922  -48.598  20.826  21.035 0.0000000000
98621  -48.830  22.395  22.098 0.0000000000
98622  -49.678  21.983  22.093 0.0000000000
99418  -49.760  22.618  22.014 0.0000000000
99419  -50.564  22.614  21.629 0.0000000000
143746  -49.328  23.383  21.397 0.0000000000
88276  -59.977  7.677  7.143 0.0000000000
87476  -59.064  7.197  8.369 0.0000000000
87465  -58.341  7.336  8.811 0.0000000000
88245  -57.649  7.603  9.481 0.0000000000
87463  -56.993  6.867  9.560 0.0000000000
84827  -58.390  3.618  10.558 0.0000000000
84855  -58.237  4.016  9.692 0.0000000000
85738  -59.314  4.648  9.571 0.0000000000
85737  -58.129  4.652  8.983 0.0000000000
137692  -58.922  5.236  8.793 0.0000000000
86635  -55.393  5.221  10.190 0.0000000000
86636  -56.284  5.288  9.497 0.0000000000
132966  -55.801  6.144  10.183 0.0000000000
86625  -55.051  6.069  10.977 0.0000000000
86624  -54.350  5.586  11.462 0.0000000000
85703  -52.792  5.281  13.200 0.0000000000
83912  -53.029  1.969  12.000 0.0000000000
84818  -52.645  2.879  12.113 0.0000000000
84817  -51.925  3.088  12.668 0.0000000000
129108  -50.894  4.059  13.437 0.0000000000
84812  -51.796  4.118  13.197 0.0000000000
85694  -51.455  5.031  13.942 0.0000000000
86606  -51.029  5.548  14.602 0.0000000000
86599  -51.485  6.162  15.201 0.0000000000
82173  -53.581  0.974  17.377 0.0000000000
82984  -48.747  1.516  21.346 0.0000000000
83829  -50.103  2.198  20.874 0.0000000000
83001  -50.000  2.141  20.461 0.0000000000
82140  -47.191  1.113  19.516 0.0000000000
82151  -49.313  1.071  18.308 0.0000000000
83020  -48.946  1.470  19.143 0.0000000000
83021  -49.805  1.631  19.077 0.0000000000
83010  -50.380  2.176  19.861 0.0000000000
83022  -50.669  1.695  18.945 0.0000000000
83023  -51.575  1.679  18.803 0.0000000000
82153  -51.092  1.066  18.212 0.0000000000
82171  -51.514  0.561  17.415 0.0000000000
82188  -51.826  0.204  16.501 0.0000000000
121317  -52.108  -0.028  15.468 0.0000000000
121318  -51.168  -0.056  15.746 0.0000000000
82211  -48.728  0.554  14.846 0.0000000000
82212  -49.308  0.728  14.012 0.0000000000
83896  -48.171  1.971  13.864 0.0000000000
86588  -45.812  5.464  16.777 0.0000000000
86589  -46.531  6.122  16.291 0.0000000000
87408  -46.761  6.566  17.057 0.0000000000
87398  -46.244  6.579  18.842 0.0000000000
86582  -46.006  5.888  18.309 0.0000000000
87392  -44.560  6.084  19.339 0.0000000000
129932  -44.814  6.749  19.570 0.0000000000
86572  -42.196  5.341  18.470 0.0000000000
86578  -42.981  5.014  18.491 0.0000000000
87390  -42.133  6.181  18.931 0.0000000000
88950  -41.297  8.771  18.805 0.0000000000
88951  -42.249  9.042  18.938 0.0000000000
89728  -40.995  9.934  17.899 0.0000000000
90568  -41.395  10.521  17.451 0.0000000000
87570  -56.631  7.152  0.017 0.0000000000
139836  -56.567  6.603  1.009 0.0000000000
86717  -55.670  5.322  2.490 0.0000000000
86726  -55.630  5.824  1.020 0.0000000000
85825  -55.334  5.227  1.753 0.0000000000
85836  -54.724  5.139  1.006 0.0000000000
85824  -54.697  4.714  1.817 0.0000000000
88969  -55.994  9.065  13.104 0.0000000000
142757  -56.178  9.184  12.386 0.0000000000
89774  -56.112  9.300  12.417 0.0000000000
134105  -55.758  10.269  10.981 0.0000000000
89782  -53.317  9.481  11.762 0.0000000000
89793  -53.613  9.441  10.854 0.0000000000
89007  -53.442  8.581  9.651 0.0000000000
87474  -53.903  7.016  8.136 0.0000000000
87485  -54.320  6.557  7.471 0.0000000000
88274  -54.662  7.393  7.751 0.0000000000
87495  -54.682  6.168  6.775 0.0000000000
86681  -55.042  5.801  6.107 0.0000000000
86689  -54.670  5.216  5.879 0.0000000000
84909  -53.840  3.687  4.023 0.0000000000
85791  -54.527  4.221  4.044 0.0000000000
84936  -53.556  3.677  2.764 0.0000000000
84906  -51.453  2.552  4.207 0.0000000000
84922  -50.447  2.669  2.982 0.0000000000
84905  -50.366  2.667  4.060 0.0000000000
86655  -49.976  5.171  8.617 0.0000000000
84872  -50.710  3.647  7.080 0.0000000000
86669  -49.849  4.935  7.920 0.0000000000
85764  -49.621  4.443  6.410 0.0000000000
85778  -49.479  4.224  5.630 0.0000000000
86688  -49.247  5.057  5.194 0.0000000000
88294  -50.506  7.085  5.228 0.0000000000
88304  -50.665  7.306  4.333 0.0000000000
88144  -48.062  8.182  19.989 0.0000000000
143782  -49.200  8.087  19.950 0.0000000000
88145  -48.890  8.288  20.096 0.0000000000
89676  -50.710  9.601  21.711 0.0000000000
88913  -50.500  8.804  21.267 0.0000000000
88906  -51.356  8.915  21.709 0.0000000000
88907  -52.324  8.666  21.662 0.0000000000
134826  -52.153  9.397  22.209 0.0000000000
92156  -50.750  12.838  19.955 0.0000000000
92149  -51.095  12.415  20.790 0.0000000000
92150  -51.958  12.780  21.185 0.0000000000
92152  -54.324  13.196  21.080 0.0000000000
92138  -54.236  12.619  21.986 0.0000000000
91326  -54.809  11.713  22.049 0.0000000000
90529  -55.198  10.677  21.777 0.0000000000
91337  -55.345  11.574  21.162 0.0000000000
90544  -55.305  11.088  19.634 0.0000000000
91355  -54.674  11.838  19.114 0.0000000000
92178  -52.489  12.173  17.714 0.0000000000
91368  -52.434  11.287  18.137 0.0000000000
91381  -50.951  11.194  16.931 0.0000000000
90582  -50.609  10.461  16.467 0.0000000000
91385  -50.231  11.211  16.266 0.0000000000
132328  -50.981  18.943  17.447 0.0000000000
96573  -51.813  18.921  16.759 0.0000000000
142324  -52.028  17.525  15.285 0.0000000000
95863  -51.377  17.494  15.702 0.0000000000
95134  -51.529  16.814  15.215 0.0000000000
94417  -51.574  15.251  16.116 0.0000000000
94420  -51.617  15.458  15.133 0.0000000000
95141  -54.189  16.510  13.495 0.0000000000
94428  -54.550  16.195  12.904 0.0000000000
93730  -52.294  14.893  13.188 0.0000000000
94426  -52.672  15.464  13.496 0.0000000000
93725  -51.510  14.503  14.481 0.0000000000
92977  -51.178  13.897  14.954 0.0000000000
92972  -51.479  13.709  15.819 0.0000000000
92984  -49.606  13.289  12.833 0.0000000000
92975  -49.710  13.013  14.219 0.0000000000
92203  -48.943  12.428  13.480 0.0000000000
90589  -48.768  11.340  14.039 0.0000000000
91389  -48.616  11.727  13.465 0.0000000000
91392  -48.376  11.487  12.724 0.0000000000
92210  -48.441  12.179  12.044 0.0000000000
92228  -49.867  12.897  9.213 0.0000000000
92227  -49.254  12.439  9.607 0.0000000000
92234  -49.512  12.116  8.871 0.0000000000
91414  -49.850  11.685  8.102 0.0000000000
93774  -53.829  14.425  7.851 0.0000000000
93773  -53.053  14.120  8.071 0.0000000000
93024  -53.354  13.809  7.304 0.0000000000
92250  -52.694  12.423  6.358 0.0000000000
92243  -52.160  12.899  6.991 0.0000000000
92249  -51.974  11.965  6.665 0.0000000000
91421  -51.169  11.525  6.984 0.0000000000
91431  -51.741  10.993  6.155 0.0000000000
90664  -51.396  10.018  6.021 0.0000000000
91445  -52.346  10.890  5.475 0.0000000000
90688  -52.711  10.080  3.938 0.0000000000
145666  -52.489  9.654  4.227 0.0000000000
89867  -52.445  9.295  3.657 0.0000000000
89086  -52.047  8.644  3.523 0.0000000000
139606  -52.314  9.050  3.206 0.0000000000
93070  -56.401  13.951  1.581 0.0000000000
93069  -55.884  13.325  1.571 0.0000000000
93078  -55.475  13.701  0.412 0.0000000000
93091  -53.115  13.917  -0.608 0.0000000000
92328  -53.563  13.337  0.017 0.0000000000
95943  -54.423  17.541  7.402 0.0000000000
95956  -54.762  17.414  6.174 0.0000000000
95217  -54.075  17.185  6.099 0.0000000000
127898  -52.308  16.446  5.118 0.0000000000
95245  -53.155  16.645  4.993 0.0000000000
95244  -52.713  16.441  4.376 0.0000000000
95256  -52.882  16.279  2.964 0.0000000000
94502  -52.205  15.982  3.070 0.0000000000
94479  -49.184  15.644  5.021 0.0000000000
145146  -49.763  15.692  5.328 0.0000000000
94490  -49.467  15.593  4.163 0.0000000000
120704  -48.868  15.647  1.552 0.0000000000
94510  -49.659  15.508  2.168 0.0000000000
138949  -50.347  15.454  1.761 0.0000000000
123553  -51.113  15.550  1.844 0.0000000000
94541  -49.868  15.432  0.146 0.0000000000
129244  -50.044  15.374  -0.931 0.0000000000
126425  -49.118  15.496  -0.634 0.0000000000
93839  -46.867  14.501  -1.717 0.0000000000
93847  -46.534  13.812  -1.818 0.0000000000
92322  -46.140  13.003  -1.271 0.0000000000
93085  -45.807  13.079  -1.302 0.0000000000
92309  -45.103  12.870  -0.544 0.0000000000
93821  -44.339  13.934  0.641 0.0000000000
145192  -44.260  13.253  0.643 0.0000000000
93067  -43.930  13.238  1.230 0.0000000000
93060  -43.616  13.482  1.938 0.0000000000
94520  -45.047  15.939  0.644 0.0000000000
94507  -43.586  15.920  2.625 0.0000000000
93809  -43.599  14.911  3.016 0.0000000000
93808  -43.093  14.746  3.780 0.0000000000
98831  -42.991  21.477  1.246 0.0000000000
98830  -42.571  20.725  1.486 0.0000000000
121061  -42.050  19.172  0.457 0.0000000000
96708  -41.641  18.515  0.397 0.0000000000
87403  -49.876  7.350  17.133 0.0000000000
87404  -50.843  7.341  17.208 0.0000000000
88185  -50.206  7.652  18.022 0.0000000000
88178  -50.513  7.888  19.035 0.0000000000
141984  -48.137  22.697  15.722 0.0000000000
139680  -46.977  23.654  14.633 0.0000000000
98698  -47.482  22.153  14.165 0.0000000000
100268  -46.540  23.809  13.614 0.0000000000
101029  -46.668  24.693  12.585 0.0000000000
129536  -46.718  24.435  11.941 0.0000000000
92961  -39.729  13.856  16.444 0.0000000000
125741  -40.646  13.925  16.456 0.0000000000
83075  -55.791  0.994  14.075 0.0000000000
82230  -53.865  0.554  12.689 0.0000000000
82225  -54.134  0.360  13.380 0.0000000000
82216  -53.395  0.032  14.089 0.0000000000
83877  -41.813  2.779  16.027 0.0000000000
84778  -41.253  3.710  17.040 0.0000000000
89010  -58.222  8.892  9.850 0.0000000000
88996  -57.710  9.230  10.687 0.0000000000
89796  -57.488  9.705  10.833 0.0000000000
122648  -51.699  9.402  14.580 0.0000000000
89762  -51.924  9.394  13.523 0.0000000000
89770  -51.009  9.296  12.861 0.0000000000
89779  -50.323  9.017  12.053 0.0000000000
88974  -49.642  8.568  11.401 0.0000000000
89778  -49.292  9.161  11.991 0.0000000000
144909  -48.798  9.311  11.638 0.0000000000
89777  -48.531  9.559  11.213 0.0000000000
95120  -48.481  15.945  18.104 0.0000000000
94400  -49.133  15.450  17.839 0.0000000000
95121  -49.408  16.201  17.731 0.0000000000
95122  -49.774  16.816  17.284 0.0000000000
96625  -57.194  17.596  10.418 0.0000000000
95887  -57.097  17.320  10.901 0.0000000000
95904  -57.563  17.139  10.318 0.0000000000
95172  -57.869  16.610  9.838 0.0000000000
95187  -57.949  16.155  9.235 0.0000000000
94457  -57.813  15.851  8.468 0.0000000000
95202  -58.270  15.912  7.663 0.0000000000
94465  -58.319  15.973  6.668 0.0000000000
94483  -58.267  16.287  5.215 0.0000000000
94493  -58.113  16.182  4.598 0.0000000000
95249  -58.191  16.804  4.928 0.0000000000
134705  -57.275  16.917  4.203 0.0000000000
95234  -56.440  17.334  4.766 0.0000000000
95952  -44.558  17.949  6.308 0.0000000000
95954  -45.933  16.946  5.910 0.0000000000
95965  -45.158  17.545  5.653 0.0000000000
96675  -45.180  17.824  4.715 0.0000000000
96682  -45.235  18.083  3.720 0.0000000000
96690  -45.120  18.149  2.755 0.0000000000
96681  -44.593  18.599  3.415 0.0000000000
97374  -43.913  19.105  3.249 0.0000000000
97380  -43.431  19.091  2.529 0.0000000000
128401  -54.437  7.256  14.565 0.0000000000
87427  -54.230  7.220  15.375 0.0000000000
87416  -54.423  7.448  16.393 0.0000000000
88189  -54.589  7.829  17.954 0.0000000000
89734  -55.995  9.554  18.567 0.0000000000
126923  -55.696  10.044  17.670 0.0000000000
89733  -55.015  10.204  18.224 0.0000000000
89718  -54.100  10.452  18.385 0.0000000000
98638  -52.178  21.465  21.082 0.0000000000
97926  -52.517  20.892  20.426 0.0000000000
98639  -52.742  21.458  20.269 0.0000000000
99439  -53.264  21.986  19.136 0.0000000000
98658  -53.801  21.601  18.349 0.0000000000
98702  -51.941  21.249  14.988 0.0000000000
98694  -52.654  21.508  15.650 0.0000000000
97978  -52.293  20.898  14.354 0.0000000000
97979  -53.255  20.939  14.374 0.0000000000
97306  -54.182  19.969  13.274 0.0000000000
97317  -54.770  19.509  12.773 0.0000000000
97316  -53.840  19.525  12.525 0.0000000000
96606  -53.655  18.895  11.829 0.0000000000
96621  -53.057  18.191  11.024 0.0000000000
95885  -52.194  18.052  11.252 0.0000000000
95884  -51.385  17.785  11.081 0.0000000000
95883  -50.460  17.756  11.286 0.0000000000
140669  -46.747  19.771  12.290 0.0000000000
97321  -47.070  18.993  12.144 0.0000000000
140378  -46.467  19.320  11.800 0.0000000000
97327  -45.942  19.321  11.145 0.0000000000
96618  -45.597  18.898  10.375 0.0000000000
96631  -45.318  18.519  9.618 0.0000000000
97334  -45.173  19.482  9.782 0.0000000000
132501  -44.922  20.095  9.145 0.0000000000
98010  -44.833  20.696  8.338 0.0000000000
89695  -44.308  9.101  19.589 0.0000000000
89696  -45.172  9.029  19.817 0.0000000000
89715  -44.794  9.573  19.123 0.0000000000
90570  -44.941  10.616  17.703 0.0000000000
125738  -43.508  14.298  16.418 0.0000000000
92965  -44.046  13.467  16.474 0.0000000000
138066  -43.980  15.159  16.433 0.0000000000
123330  -44.787  15.118  16.609 0.0000000000
93716  -45.418  14.777  16.816 0.0000000000
94414  -46.089  15.192  17.378 0.0000000000
94396  -45.753  15.857  17.365 0.0000000000
122841  -45.802  16.505  17.563 0.0000000000
95854  -45.811  17.333  17.809 0.0000000000
97252  -44.824  20.542  20.588 0.0000000000
97271  -45.435  19.901  19.841 0.0000000000
97940  -45.901  20.634  20.403 0.0000000000
97921  -47.611  21.175  20.953 0.0000000000
98634  -47.386  21.951  21.374 0.0000000000
98620  -47.972  22.386  21.797 0.0000000000
87478  -59.799  7.139  7.550 0.0000000000
135805  -59.327  6.541  8.280 0.0000000000
87475  -58.629  6.539  8.548 0.0000000000
84853  -56.272  3.926  9.593 0.0000000000
85735  -55.835  4.451  9.740 0.0000000000
85713  -53.631  4.324  11.480 0.0000000000
83906  -51.293  2.243  12.808 0.0000000000
86605  -50.188  5.437  14.569 0.0000000000
85692  -49.776  4.864  14.004 0.0000000000
82167  -47.212  0.682  17.606 0.0000000000
82149  -47.481  0.938  18.680 0.0000000000
82169  -49.733  0.665  17.548 0.0000000000
122252  -50.054  0.317  16.800 0.0000000000
121319  -50.271  -0.005  15.913 0.0000000000
83054  -48.084  0.840  14.759 0.0000000000
139169  -45.497  4.756  15.422 0.0000000000
86585  -45.641  5.308  17.785 0.0000000000
86581  -45.333  5.390  18.663 0.0000000000
86580  -44.529  5.007  18.729 0.0000000000
86574  -44.008  5.675  19.130 0.0000000000
87545  -56.824  6.544  1.998 0.0000000000
134522  -55.848  5.418  3.327 0.0000000000
86698  -55.619  5.258  4.054 0.0000000000
89765  -56.044  9.132  14.166 0.0000000000
90598  -55.750  9.386  13.186 0.0000000000
144150  -55.669  9.678  12.592 0.0000000000
90605  -55.066  10.169  11.187 0.0000000000
89006  -52.820  8.247  9.945 0.0000000000
88243  -53.064  7.840  9.411 0.0000000000
87473  -53.180  6.547  8.573 0.0000000000
139320  -53.599  6.134  7.887 0.0000000000
86671  -53.989  5.751  7.187 0.0000000000
85768  -54.070  4.653  6.096 0.0000000000
126807  -53.627  3.928  5.944 0.0000000000
84896  -53.456  3.589  5.334 0.0000000000
84908  -53.294  3.336  4.526 0.0000000000
84895  -52.673  2.945  5.250 0.0000000000
124084  -51.721  2.595  5.058 0.0000000000
84894  -50.901  2.780  5.688 0.0000000000
87484  -49.360  6.322  7.927 0.0000000000
86668  -49.578  5.412  7.504 0.0000000000
138992  -49.636  5.687  5.973 0.0000000000
89061  -50.749  7.792  5.753 0.0000000000
89684  -48.961  9.299  20.490 0.0000000000
88912  -49.290  8.728  20.509 0.0000000000
90525  -51.143  10.441  22.065 0.0000000000
92935  -52.177  14.001  19.723 0.0000000000
92151  -52.864  13.096  21.523 0.0000000000
92931  -53.509  13.627  20.757 0.0000000000
133299  -54.296  13.601  20.040 0.0000000000
92158  -54.593  12.923  19.271 0.0000000000
132823  -54.177  12.252  18.718 0.0000000000
92168  -53.943  13.076  18.478 0.0000000000
92193  -51.643  12.297  17.006 0.0000000000
96574  -53.207  19.166  16.582 0.0000000000
96579  -53.617  18.626  15.858 0.0000000000
95865  -52.860  17.898  15.161 0.0000000000
95870  -53.286  17.405  14.586 0.0000000000
94434  -54.070  15.512  11.719 0.0000000000
94430  -53.863  15.628  12.490 0.0000000000
93738  -53.198  15.211  11.977 0.0000000000
93735  -52.449  14.846  12.345 0.0000000000
93734  -51.733  14.485  12.739 0.0000000000
92985  -50.298  13.736  12.607 0.0000000000
92988  -49.522  13.366  11.484 0.0000000000
92211  -48.798  12.702  11.236 0.0000000000
93000  -49.462  13.241  10.666 0.0000000000
93010  -50.235  13.469  9.638 0.0000000000
93016  -50.478  13.300  9.003 0.0000000000
93033  -54.388  13.743  6.289 0.0000000000
93032  -53.697  13.451  6.590 0.0000000000
93040  -54.012  13.152  5.938 0.0000000000
92258  -53.206  12.000  5.627 0.0000000000
91446  -52.928  11.201  5.163 0.0000000000
91447  -53.575  11.617  4.747 0.0000000000
90678  -53.064  10.905  4.307 0.0000000000
90694  -52.958  10.765  3.609 0.0000000000
91474  -53.579  11.363  3.218 0.0000000000
91484  -53.503  11.461  2.608 0.0000000000
125397  -55.604  15.249  0.059 0.0000000000
143846  -55.449  14.758  -0.161 0.0000000000
133766  -54.844  15.094  -0.300 0.0000000000
123118  -53.797  14.362  -0.589 0.0000000000
95201  -52.845  16.944  7.294 0.0000000000
95216  -53.356  16.988  6.508 0.0000000000
95215  -52.410  16.696  6.617 0.0000000000
131784  -51.907  16.444  5.918 0.0000000000
95230  -51.487  16.168  5.190 0.0000000000
95254  -48.094  15.930  3.843 0.0000000000
94498  -48.809  15.683  3.506 0.0000000000
95269  -48.073  15.992  2.900 0.0000000000
94540  -48.037  15.606  -0.353 0.0000000000
123219  -47.125  15.485  -0.420 0.0000000000
93837  -45.482  13.819  -1.084 0.0000000000
94552  -45.731  14.647  -0.685 0.0000000000
93830  -45.147  14.342  -0.461 0.0000000000
94536  -44.775  14.898  0.361 0.0000000000
130598  -44.044  16.876  1.523 0.0000000000
123269  -44.118  16.231  1.486 0.0000000000
95240  -42.946  16.567  3.113 0.0000000000
95239  -42.125  17.331  3.207 0.0000000000
128022  -52.758  6.824  16.052 0.0000000000
87406  -52.593  7.346  17.173 0.0000000000
88187  -52.397  7.635  17.876 0.0000000000
88180  -53.142  7.934  18.612 0.0000000000
88953  -53.884  8.135  19.431 0.0000000000
121554  -52.025  22.655  18.388 0.0000000000
99460  -50.647  22.427  17.446 0.0000000000
120766  -51.207  22.182  17.000 0.0000000000
98686  -51.234  21.796  16.349 0.0000000000
121711  -48.827  22.311  15.842 0.0000000000
141502  -50.663  21.490  15.676 0.0000000000
98701  -50.870  21.206  15.072 0.0000000000
97986  -50.667  20.202  13.800 0.0000000000
96585  -49.984  18.983  13.020 0.0000000000
97302  -49.850  19.588  13.456 0.0000000000
97300  -48.101  20.021  13.262 0.0000000000
97994  -47.191  20.310  12.904 0.0000000000
99492  -46.773  22.097  13.251 0.0000000000
98709  -46.906  21.170  13.084 0.0000000000
97993  -46.462  20.718  12.267 0.0000000000
98711  -46.234  21.531  11.807 0.0000000000
98713  -46.096  21.726  10.789 0.0000000000
99507  -46.699  22.173  9.907 0.0000000000
90569  -42.237  10.582  17.446 0.0000000000
91361  -42.623  11.269  17.023 0.0000000000
135342  -42.461  11.956  16.756 0.0000000000
92188  -42.709  12.599  16.603 0.0000000000
125739  -42.509  14.193  16.428 0.0000000000
93713  -41.020  14.707  16.520 0.0000000000
93714  -41.906  14.851  16.501 0.0000000000
83923  -55.335  2.000  10.896 0.0000000000
133707  -54.595  1.784  11.261 0.0000000000
83922  -54.391  2.508  10.951 0.0000000000
83921  -53.884  1.863  11.546 0.0000000000
82229  -53.165  0.631  12.645 0.0000000000
83081  -52.594  1.209  12.471 0.0000000000
83080  -51.892  1.562  12.676 0.0000000000
83904  -49.425  2.467  13.299 0.0000000000
128331  -45.647  0.980  19.914 0.0000000000
82138  -45.666  1.001  19.105 0.0000000000
82147  -45.728  0.844  18.229 0.0000000000
127695  -45.125  0.701  17.905 0.0000000000
144226  -46.320  0.769  17.800 0.0000000000
82166  -46.390  0.616  17.193 0.0000000000
85669  -43.692  4.412  17.187 0.0000000000
84780  -42.789  4.380  17.437 0.0000000000
85663  -42.558  4.727  18.068 0.0000000000
85662  -41.834  4.765  18.020 0.0000000000
85668  -41.553  4.293  17.565 0.0000000000
86577  -41.293  5.128  18.281 0.0000000000
89764  -54.726  9.884  14.025 0.0000000000
89773  -54.706  9.976  12.697 0.0000000000
131157  -54.466  9.870  13.303 0.0000000000
88977  -52.747  9.001  11.089 0.0000000000
89781  -52.342  9.118  11.729 0.0000000000
88992  -52.248  8.292  10.554 0.0000000000
88242  -52.234  7.517  9.878 0.0000000000
87461  -51.781  6.590  9.524 0.0000000000
86657  -51.961  5.243  8.726 0.0000000000
85747  -51.527  4.566  8.289 0.0000000000
86656  -50.881  5.069  8.782 0.0000000000
86643  -50.249  5.583  9.157 0.0000000000
87472  -49.694  5.719  8.908 0.0000000000
133118  -49.254  6.886  9.611 0.0000000000
87471  -49.311  6.374  8.877 0.0000000000
134532  -48.823  7.600  8.662 0.0000000000
89043  -49.258  8.405  8.066 0.0000000000
89832  -49.826  9.366  7.611 0.0000000000
91353  -49.403  12.004  18.892 0.0000000000
91342  -49.631  11.477  19.690 0.0000000000
92166  -49.786  12.695  18.812 0.0000000000
92167  -50.369  13.136  19.138 0.0000000000
92934  -51.136  13.650  19.528 0.0000000000
93684  -52.286  14.383  18.932 0.0000000000
93695  -52.698  14.386  18.430 0.0000000000
93704  -52.392  14.524  17.595 0.0000000000
95873  -56.123  18.001  14.694 0.0000000000
95872  -55.508  17.797  14.699 0.0000000000
95876  -55.990  17.450  13.961 0.0000000000
95143  -56.166  17.009  13.137 0.0000000000
95145  -55.544  16.486  12.721 0.0000000000
95151  -56.793  16.830  11.420 0.0000000000
95150  -56.395  16.563  11.820 0.0000000000
94435  -54.958  15.806  11.556 0.0000000000
94443  -54.323  15.489  10.916 0.0000000000
93750  -53.789  15.228  10.167 0.0000000000
93758  -53.273  14.863  9.478 0.0000000000
93759  -54.118  15.148  9.364 0.0000000000
93767  -54.520  15.004  8.487 0.0000000000
93775  -54.584  14.708  7.538 0.0000000000
94463  -56.068  15.296  7.811 0.0000000000
93776  -55.357  14.962  7.190 0.0000000000
93784  -54.789  14.463  6.704 0.0000000000
93794  -55.079  14.167  5.860 0.0000000000
93042  -55.452  13.942  4.972 0.0000000000
93049  -55.823  13.836  4.097 0.0000000000
92282  -55.615  12.908  3.008 0.0000000000
93056  -56.054  13.713  3.255 0.0000000000
145460  -56.523  14.300  2.236 0.0000000000
138976  -56.567  14.735  1.806 0.0000000000
94503  -56.875  15.676  3.176 0.0000000000
135192  -56.529  15.541  2.224 0.0000000000
94514  -56.057  15.893  1.611 0.0000000000
95286  -55.486  16.221  1.578 0.0000000000
95285  -54.864  16.393  1.092 0.0000000000
94513  -53.239  16.191  1.459 0.0000000000
95198  -48.839  16.156  7.329 0.0000000000
95212  -49.237  15.955  6.541 0.0000000000
141834  -48.526  15.997  6.643 0.0000000000
95227  -48.564  15.833  5.821 0.0000000000
135754  -47.513  16.133  4.802 0.0000000000
128447  -46.967  16.479  4.719 0.0000000000
95242  -47.498  16.239  4.214 0.0000000000
95253  -47.455  16.402  3.315 0.0000000000
95267  -46.455  16.821  2.016 0.0000000000
95282  -46.217  16.566  1.362 0.0000000000
96001  -45.858  17.111  1.818 0.0000000000
96000  -45.186  17.260  1.694 0.0000000000
95987  -44.823  17.840  2.074 0.0000000000
95999  -44.426  17.327  1.661 0.0000000000
95998  -43.615  17.352  1.685 0.0000000000
88209  -55.679  8.326  12.758 0.0000000000
88968  -55.932  8.889  13.227 0.0000000000
88965  -55.971  8.967  14.013 0.0000000000
88203  -55.682  8.426  14.560 0.0000000000
88966  -55.960  9.067  14.161 0.0000000000
88963  -56.052  9.376  15.050 0.0000000000
89756  -55.844  9.464  14.896 0.0000000000
90587  -55.752  9.639  15.273 0.0000000000
88195  -55.366  8.019  16.996 0.0000000000
88196  -55.981  8.663  16.508 0.0000000000
88957  -56.327  9.269  16.771 0.0000000000
89749  -56.107  9.705  16.085 0.0000000000
89755  -54.919  9.914  15.156 0.0000000000
89753  -52.758  9.467  15.190 0.0000000000
89752  -50.645  9.587  14.948 0.0000000000
96546  -49.484  18.727  19.640 0.0000000000
96563  -49.835  18.568  18.956 0.0000000000
97276  -50.382  19.316  19.663 0.0000000000
124561  -52.164  20.023  18.710 0.0000000000
97944  -52.685  20.708  19.845 0.0000000000
97286  -53.309  20.522  18.714 0.0000000000
97290  -53.165  20.149  17.992 0.0000000000
97294  -54.198  19.865  17.400 0.0000000000
97295  -55.139  19.884  17.064 0.0000000000
96576  -55.564  19.364  16.521 0.0000000000
99462  -52.593  22.279  17.662 0.0000000000
99463  -53.401  21.849  17.241 0.0000000000
98689  -54.090  21.533  16.818 0.0000000000
98695  -53.720  21.420  15.739 0.0000000000
129776  -53.995  21.521  16.330 0.0000000000
125646  -55.221  20.846  16.842 0.0000000000
97973  -55.479  20.759  16.103 0.0000000000
97296  -55.889  19.902  16.188 0.0000000000
96580  -56.217  18.973  15.044 0.0000000000
97309  -56.265  18.992  14.198 0.0000000000
97319  -56.237  18.968  13.338 0.0000000000
96595  -55.283  19.068  12.190 0.0000000000
96608  -55.972  18.656  11.675 0.0000000000
124187  -56.502  18.316  11.105 0.0000000000
96624  -56.909  18.035  10.456 0.0000000000
96643  -56.488  18.124  8.996 0.0000000000
95930  -56.012  17.948  8.042 0.0000000000
122880  -56.008  17.822  7.141 0.0000000000
95929  -54.922  17.714  8.154 0.0000000000
95928  -53.937  17.547  8.097 0.0000000000
95914  -53.556  17.699  9.587 0.0000000000
95941  -53.113  17.242  7.972 0.0000000000
95186  -51.861  16.811  8.159 0.0000000000
136259  -50.364  16.511  7.807 0.0000000000
96590  -49.699  18.421  12.488 0.0000000000
137255  -49.831  17.939  11.825 0.0000000000
95882  -49.443  17.569  11.209 0.0000000000
95880  -47.982  17.787  11.337 0.0000000000
95881  -48.586  17.401  10.907 0.0000000000
95898  -49.234  17.179  10.475 0.0000000000
95169  -49.450  16.839  9.610 0.0000000000
138974  -49.136  16.542  8.739 0.0000000000
95182  -48.476  16.320  8.175 0.0000000000
95181  -47.703  16.417  8.515 0.0000000000
95180  -46.927  16.540  8.263 0.0000000000
95940  -46.071  16.826  7.920 0.0000000000
96642  -45.051  18.180  8.833 0.0000000000
96654  -44.824  17.928  8.031 0.0000000000
95938  -44.675  17.886  7.208 0.0000000000
96662  -44.141  18.644  6.897 0.0000000000
96661  -43.688  19.193  6.190 0.0000000000
98030  -43.306  20.465  5.548 0.0000000000
87395  -46.940  7.278  18.968 0.0000000000
88168  -47.580  7.776  19.640 0.0000000000
88937  -47.225  8.119  20.041 0.0000000000
88910  -47.698  8.582  20.108 0.0000000000
89697  -46.084  8.864  19.970 0.0000000000
145266  -47.451  9.105  19.940 0.0000000000
90541  -47.778  9.781  19.540 0.0000000000
90556  -48.065  10.492  19.087 0.0000000000
124369  -48.061  11.056  18.469 0.0000000000
91362  -43.599  11.209  17.041 0.0000000000
91363  -44.521  11.217  17.106 0.0000000000
91364  -45.413  11.299  17.254 0.0000000000
92190  -44.515  12.692  16.608 0.0000000000
91365  -46.303  11.403  17.370 0.0000000000
91366  -47.143  11.554  17.536 0.0000000000
91367  -47.907  11.736  17.852 0.0000000000
91352  -48.669  11.850  18.336 0.0000000000
92177  -48.339  12.685  17.827 0.0000000000
129949  -48.177  13.628  17.698 0.0000000000
93701  -47.903  14.493  17.761 0.0000000000
94398  -47.060  15.261  17.856 0.0000000000
94399  -48.139  15.271  18.013 0.0000000000
95105  -48.023  16.476  18.482 0.0000000000
95844  -48.373  17.108  18.752 0.0000000000
129886  -48.661  17.694  19.069 0.0000000000
96559  -46.454  18.516  18.587 0.0000000000
97284  -45.958  19.337  18.991 0.0000000000
142553  -47.128  18.484  18.980 0.0000000000
125437  -47.804  18.513  19.363 0.0000000000
96545  -48.750  18.301  19.544 0.0000000000
130423  -49.903  19.286  20.060 0.0000000000
97254  -49.878  19.704  20.506 0.0000000000
97924  -50.549  20.313  21.067 0.0000000000
98636  -49.145  21.439  21.761 0.0000000000
98637  -50.139  21.193  21.702 0.0000000000
97912  -51.228  21.070  21.448 0.0000000000
98624  -51.336  22.073  21.562 0.0000000000
99431  -51.512  22.821  20.523 0.0000000000
100228  -50.622  23.193  19.966 0.0000000000
100226  -48.997  23.547  20.531 0.0000000000
88263  -59.660  7.659  7.784 0.0000000000
128673  -58.628  8.549  9.127 0.0000000000
88246  -58.251  8.177  9.345 0.0000000000
88230  -56.980  7.968  10.439 0.0000000000
88229  -56.332  7.704  11.027 0.0000000000
132305  -57.163  4.915  9.034 0.0000000000
86646  -57.061  5.887  9.074 0.0000000000
87441  -55.187  6.982  11.720 0.0000000000
87433  -54.682  6.896  12.486 0.0000000000
86613  -53.978  6.515  13.020 0.0000000000
86616  -54.128  6.006  12.217 0.0000000000
86612  -53.377  6.125  13.693 0.0000000000
86609  -53.099  6.208  14.440 0.0000000000
86608  -52.525  6.120  14.739 0.0000000000
84825  -53.121  3.615  11.793 0.0000000000
128321  -52.415  4.553  12.986 0.0000000000
85695  -52.085  5.541  14.185 0.0000000000
87421  -51.187  6.635  15.851 0.0000000000
87420  -50.130  6.533  15.696 0.0000000000
87411  -49.518  7.016  16.304 0.0000000000
121587  -47.947  7.253  17.119 0.0000000000
140155  -54.608  0.759  15.921 0.0000000000
129470  -51.047  2.830  21.281 0.0000000000
83843  -51.342  3.011  20.938 0.0000000000
83852  -51.122  2.705  20.252 0.0000000000
83006  -46.888  1.275  20.421 0.0000000000
83007  -47.747  1.420  20.206 0.0000000000
83008  -48.654  1.627  20.009 0.0000000000
140699  -51.645  2.709  19.880 0.0000000000
83012  -51.998  2.276  19.384 0.0000000000
83024  -52.490  1.767  18.730 0.0000000000
82190  -53.356  0.529  16.521 0.0000000000
121316  -53.091  0.135  15.655 0.0000000000
82215  -51.872  -0.111  14.345 0.0000000000
82214  -50.992  -0.021  14.160 0.0000000000
82204  -50.550  -0.140  14.932 0.0000000000
82222  -50.081  0.721  13.593 0.0000000000
83071  -49.760  1.491  13.396 0.0000000000
82201  -47.195  0.678  15.727 0.0000000000
83053  -47.455  0.947  14.963 0.0000000000
83062  -47.766  1.465  14.379 0.0000000000
83895  -47.431  2.240  14.016 0.0000000000
83902  -47.896  2.757  13.659 0.0000000000
83903  -48.619  2.571  13.501 0.0000000000
128138  -47.189  7.018  17.280 0.0000000000
87401  -47.475  7.292  18.014 0.0000000000
87394  -46.335  7.136  19.391 0.0000000000
88165  -45.161  7.576  19.861 0.0000000000
129454  -45.720  6.056  18.895 0.0000000000
143597  -43.756  9.118  19.443 0.0000000000
89714  -42.947  9.580  18.620 0.0000000000
86573  -43.059  5.689  18.941 0.0000000000
88933  -42.766  8.378  19.431 0.0000000000
89713  -42.245  9.640  18.375 0.0000000000
89730  -42.651  10.078  17.976 0.0000000000
90581  -41.757  11.107  17.079 0.0000000000
90580  -40.963  11.033  17.070 0.0000000000
91375  -40.476  11.566  16.791 0.0000000000
90566  -39.622  10.526  17.220 0.0000000000
92185  -39.791  12.189  16.594 0.0000000000
126482  -55.326  6.495  -0.328 0.0000000000
86727  -56.071  5.873  1.814 0.0000000000
137399  -54.273  5.508  0.115 0.0000000000
85835  -53.761  4.850  0.713 0.0000000000
88978  -56.638  9.229  11.746 0.0000000000
90608  -57.229  10.226  10.770 0.0000000000
90601  -56.110  9.639  12.007 0.0000000000
90607  -56.485  10.182  11.112 0.0000000000
90618  -56.816  10.526  10.326 0.0000000000
89794  -54.446  9.857  10.602 0.0000000000
88244  -53.649  8.190  9.063 0.0000000000
88261  -55.084  8.209  8.031 0.0000000000
136632  -55.425  7.699  7.366 0.0000000000
87506  -55.760  6.187  5.689 0.0000000000
126483  -55.677  5.441  4.607 0.0000000000
128195  -55.208  4.819  3.702 0.0000000000
128328  -54.461  4.386  4.826 0.0000000000
85801  -54.794  4.385  3.146 0.0000000000
85812  -54.264  4.199  2.417 0.0000000000
85823  -53.202  4.258  1.273 0.0000000000
84947  -52.751  3.739  1.756 0.0000000000
121963  -51.972  3.325  1.832 0.0000000000
84923  -52.118  2.778  3.467 0.0000000000
121719  -51.586  2.834  2.703 0.0000000000
125176  -50.875  2.956  1.991 0.0000000000
84921  -49.277  3.138  3.362 0.0000000000
85756  -51.085  4.045  7.716 0.0000000000
84883  -51.280  3.109  6.539 0.0000000000
85754  -49.752  4.659  7.160 0.0000000000
85779  -49.825  3.798  6.251 0.0000000000
128030  -50.161  2.890  4.992 0.0000000000
85800  -48.830  4.110  3.868 0.0000000000
141603  -48.768  4.928  4.058 0.0000000000
87504  -49.510  5.871  5.127 0.0000000000
87515  -49.390  6.343  4.187 0.0000000000
88170  -49.630  7.993  19.679 0.0000000000
88171  -50.438  8.114  20.041 0.0000000000
121975  -49.915  8.635  20.842 0.0000000000
88147  -50.417  8.296  20.764 0.0000000000
88148  -51.141  8.142  20.580 0.0000000000
88915  -53.248  8.528  21.336 0.0000000000
142122  -54.067  8.472  20.882 0.0000000000
91335  -50.648  11.472  21.110 0.0000000000
91322  -50.976  11.116  21.791 0.0000000000
91323  -51.694  11.305  22.178 0.0000000000
92137  -53.276  12.526  22.188 0.0000000000
91324  -52.702  11.538  22.457 0.0000000000
140119  -52.850  9.851  22.399 0.0000000000
89679  -53.770  9.818  22.286 0.0000000000
89686  -54.232  9.029  21.653 0.0000000000
131317  -53.893  10.776  18.640 0.0000000000
91354  -53.868  11.397  18.758 0.0000000000
90557  -52.956  10.946  18.517 0.0000000000
89731  -52.409  10.003  17.681 0.0000000000
90583  -51.467  10.407  17.195 0.0000000000
89745  -50.473  9.855  15.874 0.0000000000
89744  -49.848  9.953  15.146 0.0000000000
96570  -50.125  18.307  17.788 0.0000000000
95857  -50.100  17.526  16.997 0.0000000000
95131  -50.321  16.744  16.555 0.0000000000
144096  -51.293  18.126  16.205 0.0000000000
95862  -50.700  17.481  16.283 0.0000000000
94416  -50.918  15.854  16.440 0.0000000000
93718  -51.991  14.579  16.729 0.0000000000
95871  -54.431  17.616  14.610 0.0000000000
95138  -53.735  16.934  14.040 0.0000000000
95137  -52.672  16.585  14.263 0.0000000000
94427  -53.572  15.818  13.154 0.0000000000
94423  -52.139  15.691  14.229 0.0000000000
92973  -51.923  14.172  16.279 0.0000000000
92968  -51.996  13.433  16.593 0.0000000000
92198  -51.110  12.832  16.225 0.0000000000
92976  -50.454  13.449  14.551 0.0000000000
92201  -49.953  12.746  14.986 0.0000000000
92197  -50.221  12.196  15.779 0.0000000000
91384  -49.659  11.313  15.541 0.0000000000
90590  -48.993  10.754  14.308 0.0000000000
135181  -49.092  10.133  13.844 0.0000000000
90600  -48.403  10.622  12.493 0.0000000000
90604  -48.333  10.453  11.601 0.0000000000
90616  -48.283  10.414  10.700 0.0000000000
92219  -48.485  12.038  10.650 0.0000000000
140528  -49.519  9.772  7.993 0.0000000000
93765  -52.757  14.371  8.860 0.0000000000
142711  -51.718  13.715  8.348 0.0000000000
93022  -51.702  13.322  7.754 0.0000000000
93031  -52.952  13.180  6.783 0.0000000000
92241  -50.641  12.052  7.643 0.0000000000
90647  -50.386  10.080  7.138 0.0000000000
89833  -50.522  9.251  6.885 0.0000000000
89847  -51.124  9.209  6.180 0.0000000000
89054  -51.186  8.554  5.734 0.0000000000
89848  -51.752  9.123  5.222 0.0000000000
133533  -52.222  9.672  4.728 0.0000000000
89062  -51.367  8.162  4.992 0.0000000000
88305  -51.224  7.844  4.225 0.0000000000
92292  -55.487  12.821  2.235 0.0000000000
92305  -55.250  12.843  1.585 0.0000000000
93077  -54.826  13.645  0.196 0.0000000000
92317  -53.896  12.756  0.607 0.0000000000
95957  -55.592  17.672  6.435 0.0000000000
95966  -55.496  17.492  5.501 0.0000000000
124447  -55.339  17.230  4.662 0.0000000000
95232  -53.668  16.899  5.604 0.0000000000
127202  -54.179  16.807  4.683 0.0000000000
95246  -54.100  16.596  3.762 0.0000000000
95257  -53.854  16.511  2.795 0.0000000000
95270  -53.276  16.351  2.235 0.0000000000
94526  -52.451  15.843  1.299 0.0000000000
95228  -50.224  15.822  5.616 0.0000000000
95229  -50.781  15.891  5.228 0.0000000000
94492  -51.021  15.818  4.421 0.0000000000
94499  -49.758  15.562  3.226 0.0000000000
94500  -50.802  15.645  3.452 0.0000000000
94501  -51.662  15.883  3.648 0.0000000000
94511  -51.534  15.724  2.692 0.0000000000
94525  -51.658  15.594  1.129 0.0000000000
125573  -52.270  15.561  0.400 0.0000000000
94569  -49.991  15.003  -1.795 0.0000000000
94574  -49.315  14.595  -2.406 0.0000000000
94555  -48.474  15.247  -1.565 0.0000000000
94567  -48.593  14.694  -2.297 0.0000000000
93110  -47.871  13.863  -2.495 0.0000000000
92334  -46.850  13.272  -1.615 0.0000000000
93074  -44.586  13.218  0.066 0.0000000000
93068  -44.321  12.849  0.800 0.0000000000
95291  -45.598  15.912  0.490 0.0000000000
126035  -44.360  14.872  1.015 0.0000000000
94518  -44.125  15.387  1.502 0.0000000000
94488  -42.907  15.710  4.041 0.0000000000
99518  -47.864  22.346  8.661 0.0000000000
98753  -45.383  21.859  7.027 0.0000000000
98772  -44.831  21.989  6.221 0.0000000000
98771  -43.966  21.521  5.894 0.0000000000
98788  -43.537  21.656  5.041 0.0000000000
98036  -43.001  20.919  4.734 0.0000000000
99603  -43.649  22.260  2.681 0.0000000000
98801  -43.040  21.692  3.050 0.0000000000
98035  -42.766  20.932  3.843 0.0000000000
98041  -42.828  20.506  3.067 0.0000000000
133826  -42.995  19.785  2.535 0.0000000000
97379  -42.756  19.228  1.906 0.0000000000
98073  -42.368  20.017  0.438 0.0000000000
96698  -42.078  18.064  1.055 0.0000000000
83033  -53.721  1.487  17.994 0.0000000000
83073  -51.448  1.239  12.904 0.0000000000
83816  -51.105  2.646  21.883 0.0000000000
84808  -48.349  3.270  13.495 0.0000000000
84873  -51.628  3.534  7.174 0.0000000000
84893  -50.015  3.354  5.714 0.0000000000
85755  -50.223  4.284  7.506 0.0000000000
85765  -49.996  3.964  6.849 0.0000000000
85781  -54.601  4.794  5.359 0.0000000000
85790  -53.970  3.889  4.695 0.0000000000
85813  -55.049  4.739  2.428 0.0000000000
86645  -52.359  6.091  8.998 0.0000000000
86690  -55.295  5.433  5.334 0.0000000000
87397  -45.192  6.011  19.232 0.0000000000
87425  -52.813  6.574  15.437 0.0000000000
87486  -55.009  6.950  7.049 0.0000000000
88240  -50.003  6.741  9.990 0.0000000000
88241  -51.161  6.997  10.043 0.0000000000
88257  -48.871  7.151  9.206 0.0000000000
88258  -49.011  6.905  8.567 0.0000000000
88262  -59.338  7.802  8.143 0.0000000000
88934  -44.683  8.433  19.910 0.0000000000
88988  -48.773  8.330  10.540 0.0000000000
88989  -49.124  8.072  10.737 0.0000000000
88997  -58.109  9.533  10.039 0.0000000000
89005  -48.605  8.403  10.164 0.0000000000
89063  -51.789  8.412  4.271 0.0000000000
89680  -54.693  9.877  22.059 0.0000000000
89683  -48.159  9.261  20.107 0.0000000000
89687  -55.263  9.662  21.334 0.0000000000
89712  -41.530  9.442  18.399 0.0000000000
89772  -53.676  9.667  12.750 0.0000000000
89783  -54.282  9.842  11.398 0.0000000000
89795  -55.261  10.197  10.446 0.0000000000
89803  -48.483  9.749  9.644 0.0000000000
90526  -52.102  10.416  22.452 0.0000000000
90527  -53.250  10.685  22.565 0.0000000000
90542  -48.419  10.276  19.687 0.0000000000
90558  -53.019  10.390  18.278 0.0000000000
90585  -49.427  10.653  15.060 0.0000000000
90626  -56.412  10.596  9.903 0.0000000000
90627  -57.021  10.677  9.557 0.0000000000
90635  -49.208  10.155  8.396 0.0000000000
90646  -49.792  10.248  7.717 0.0000000000
90663  -50.883  9.848  6.583 0.0000000000
91325  -53.814  11.721  22.494 0.0000000000
91344  -55.134  12.116  19.775 0.0000000000
91377  -41.991  11.660  16.836 0.0000000000
91382  -51.741  11.259  17.625 0.0000000000
91387  -49.153  11.466  14.726 0.0000000000
91390  -48.909  11.989  14.083 0.0000000000
91394  -48.255  11.319  11.886 0.0000000000
91461  -53.682  11.375  3.903 0.0000000000
92136  -52.272  12.281  21.991 0.0000000000
92153  -54.946  12.476  21.267 0.0000000000
92159  -54.883  12.860  20.301 0.0000000000
92196  -49.568  12.029  15.184 0.0000000000
92206  -48.664  12.311  12.826 0.0000000000
92220  -49.012  12.638  10.326 0.0000000000
92226  -48.722  12.072  9.980 0.0000000000
92236  -51.018  12.823  7.895 0.0000000000
92296  -44.028  12.598  1.535 0.0000000000
92304  -54.671  12.425  1.624 0.0000000000
92321  -45.596  12.798  -0.856 0.0000000000
92323  -46.849  12.951  -1.213 0.0000000000
92329  -54.294  13.327  0.255 0.0000000000
92930  -52.518  13.504  20.641 0.0000000000
92936  -53.011  13.924  20.053 0.0000000000
92937  -53.627  13.950  19.821 0.0000000000
92944  -48.970  13.418  18.100 0.0000000000
92953  -46.565  13.662  17.063 0.0000000000
92966  -44.970  13.476  16.568 0.0000000000
92967  -45.835  13.547  16.695 0.0000000000
92969  -52.523  13.979  17.149 0.0000000000
92979  -49.433  12.991  13.507 0.0000000000
92986  -50.962  14.135  13.136 0.0000000000
92989  -50.306  13.757  11.752 0.0000000000
93012  -51.836  14.088  9.000 0.0000000000
93017  -51.120  13.448  8.506 0.0000000000
93062  -56.525  14.399  2.859 0.0000000000
93083  -45.020  13.506  -0.682 0.0000000000
93084  -45.489  13.171  -1.065 0.0000000000
93093  -55.109  14.258  -0.165 0.0000000000
93099  -46.293  13.339  -1.595 0.0000000000
93101  -47.845  13.465  -2.022 0.0000000000
93111  -48.542  13.688  -2.413 0.0000000000
93699  -46.611  14.725  17.495 0.0000000000
93726  -52.018  14.984  13.985 0.0000000000
93729  -51.613  14.517  13.617 0.0000000000
93757  -52.518  14.543  9.710 0.0000000000
93785  -55.600  14.765  6.338 0.0000000000
93796  -56.848  15.071  5.036 0.0000000000
93803  -56.279  14.527  4.541 0.0000000000
93822  -56.076  13.773  0.835 0.0000000000
93823  -56.363  14.522  0.961 0.0000000000
93831  -55.891  14.433  0.200 0.0000000000
93842  -54.426  14.514  -0.409 0.0000000000
93848  -47.294  14.115  -2.243 0.0000000000
93849  -48.033  14.304  -2.414 0.0000000000
93855  -48.742  14.173  -2.641 0.0000000000
94389  -50.706  15.129  17.862 0.0000000000
94419  -51.321  16.009  15.507 0.0000000000
94432  -55.689  16.265  12.071 0.0000000000
94436  -55.790  16.068  11.375 0.0000000000
94456  -56.775  15.732  8.506 0.0000000000
94464  -57.153  15.642  7.518 0.0000000000
94470  -56.308  15.164  6.895 0.0000000000
94473  -58.319  16.071  5.846 0.0000000000
94478  -48.140  15.843  4.793 0.0000000000
94480  -50.104  15.681  4.842 0.0000000000
94482  -58.082  15.823  5.278 0.0000000000
94523  -49.712  15.477  1.200 0.0000000000
94524  -50.727  15.468  0.891 0.0000000000
94529  -55.716  15.835  0.810 0.0000000000
94530  -56.310  15.300  1.270 0.0000000000
94542  -50.857  15.431  -0.268 0.0000000000
94560  -53.922  14.885  -0.461 0.0000000000
94568  -49.258  14.956  -2.053 0.0000000000
95104  -47.354  16.561  18.390 0.0000000000
95117  -45.159  16.218  17.101 0.0000000000
95135  -52.286  17.086  14.771 0.0000000000
95139  -54.909  17.166  14.029 0.0000000000
95152  -57.159  16.973  10.907 0.0000000000
95160  -57.079  16.640  10.688 0.0000000000
95173  -58.269  16.639  9.073 0.0000000000
95183  -49.440  16.412  7.987 0.0000000000
95188  -58.256  16.115  8.563 0.0000000000
95197  -47.659  16.282  7.723 0.0000000000
95210  -47.885  16.060  6.362 0.0000000000
95219  -58.402  16.620  6.327 0.0000000000
95226  -47.555  16.114  5.477 0.0000000000
95235  -57.588  17.212  4.931 0.0000000000
95236  -58.317  16.741  5.621 0.0000000000
95248  -57.946  16.622  4.181 0.0000000000
95255  -52.422  16.202  3.706 0.0000000000
95874  -56.333  17.885  14.096 0.0000000000
95877  -56.497  17.588  13.365 0.0000000000
95886  -56.780  17.337  11.605 0.0000000000
95896  -46.820  17.576  10.428 0.0000000000
95901  -52.857  17.698  10.126 0.0000000000
95905  -57.664  17.617  9.916 0.0000000000
95913  -52.659  17.421  9.295 0.0000000000
95917  -58.117  17.271  9.615 0.0000000000
95925  -46.276  16.980  8.804 0.0000000000
95932  -58.104  18.064  8.406 0.0000000000
95939  -45.313  17.306  7.548 0.0000000000
95946  -57.990  18.072  7.588 0.0000000000
95953  -45.206  17.341  6.614 0.0000000000
95955  -54.152  17.346  6.722 0.0000000000
95960  -58.316  17.336  6.684 0.0000000000
95968  -58.097  17.215  5.563 0.0000000000
96568  -45.841  18.062  18.117 0.0000000000
96583  -56.276  18.350  14.515 0.0000000000
96591  -50.564  18.749  12.666 0.0000000000
96597  -56.555  18.240  12.933 0.0000000000
96600  -47.497  18.340  11.768 0.0000000000
96601  -48.307  18.142  11.928 0.0000000000
96603  -50.475  18.193  12.058 0.0000000000
96610  -56.816  17.787  11.114 0.0000000000
96620  -47.152  17.970  11.125 0.0000000000
96623  -56.352  18.381  10.295 0.0000000000
96633  -56.812  18.156  9.751 0.0000000000
96644  -57.787  18.121  9.030 0.0000000000
96645  -58.026  17.946  9.258 0.0000000000
96668  -44.524  18.130  5.372 0.0000000000
97256  -51.529  20.037  20.205 0.0000000000
97293  -52.847  19.590  17.257 0.0000000000
97297  -56.054  19.593  15.499 0.0000000000
97301  -48.990  19.761  13.474 0.0000000000
97303  -50.611  19.407  13.201 0.0000000000
97315  -52.282  19.464  12.667 0.0000000000
97318  -55.639  19.358  12.991 0.0000000000
97354  -43.537  20.034  6.284 0.0000000000
97959  -53.340  20.791  19.102 0.0000000000
97989  -53.678  20.514  13.802 0.0000000000
97996  -46.133  20.017  11.684 0.0000000000
98048  -42.598  20.201  2.115 0.0000000000
98625  -51.960  22.405  21.029 0.0000000000
98673  -54.036  21.570  17.551 0.0000000000
98690  -54.687  21.166  17.130 0.0000000000
98692  -50.331  21.751  16.129 0.0000000000
98696  -54.640  21.256  16.381 0.0000000000
98704  -53.721  21.168  15.012 0.0000000000
98720  -46.117  21.678  9.895 0.0000000000
98721  -46.886  22.124  9.158 0.0000000000
98727  -45.650  21.585  8.323 0.0000000000
98728  -46.264  21.872  8.836 0.0000000000
98736  -44.392  21.311  6.852 0.0000000000
98737  -45.084  21.378  7.669 0.0000000000
98770  -43.366  21.109  5.538 0.0000000000
98787  -43.089  21.639  4.029 0.0000000000
98800  -42.735  21.193  3.318 0.0000000000
99420  -51.218  22.644  21.200 0.0000000000
99429  -49.929  23.088  21.625 0.0000000000
99430  -50.709  22.972  21.092 0.0000000000
99433  -52.856  22.073  19.957 0.0000000000
99448  -52.695  22.464  18.430 0.0000000000
99449  -53.339  22.102  18.097 0.0000000000
99479  -50.492  22.094  16.703 0.0000000000
99493  -46.926  22.918  13.910 0.0000000000
99577  -43.920  22.293  4.475 0.0000000000
100229  -51.463  22.931  19.790 0.0000000000
101032  -47.284  24.806  11.664 0.0000000000
121308  -53.689  4.938  6.908 0.0000000000
122336  -53.198  16.455  3.664 0.0000000000
122594  -53.918  0.486  15.833 0.0000000000
123421  -57.195  18.036  9.216 0.0000000000
123504  -56.015  18.975  15.824 0.0000000000
124034  -53.047  14.966  10.174 0.0000000000
124160  -55.125  15.702  10.926 0.0000000000
124176  -57.585  17.798  6.772 0.0000000000
125740  -41.567  14.033  16.444 0.0000000000
125800  -51.851  15.760  1.867 0.0000000000
125833  -53.774  0.190  13.728 0.0000000000
125845  -54.817  17.550  6.809 0.0000000000
125929  -52.265  13.882  8.232 0.0000000000
126019  -43.104  20.284  3.930 0.0000000000
126590  -52.496  8.271  21.030 0.0000000000
126771  -49.240  12.572  13.972 0.0000000000
127047  -52.064  16.731  7.383 0.0000000000
127273  -49.117  12.817  12.963 0.0000000000
129234  -53.497  21.284  19.041 0.0000000000
129266  -56.265  9.644  16.458 0.0000000000
130841  -41.708  3.403  16.519 0.0000000000
131621  -53.307  15.099  -0.532 0.0000000000
132165  -50.050  12.359  19.452 0.0000000000
132333  -48.079  22.120  14.744 0.0000000000
132426  -49.728  13.447  12.174 0.0000000000
132619  -50.978  8.340  21.187 0.0000000000
133035  -55.551  13.314  1.016 0.0000000000
133037  -48.489  9.040  9.905 0.0000000000
133264  -50.896  23.044  20.460 0.0000000000
133364  -54.078  4.878  11.248 0.0000000000
133815  -44.182  19.178  7.728 0.0000000000
133949  -41.195  4.604  17.970 0.0000000000
134039  -51.276  19.831  13.347 0.0000000000
134998  -54.551  18.920  11.759 0.0000000000
135214  -58.158  17.764  6.963 0.0000000000
135899  -52.505  22.034  20.604 0.0000000000
136128  -48.345  11.939  11.361 0.0000000000
136171  -46.489  17.000  4.207 0.0000000000
136714  -39.707  11.297  16.807 0.0000000000
138063  -55.616  18.690  15.917 0.0000000000
138640  -55.394  11.523  20.325 0.0000000000
139052  -53.093  21.536  19.613 0.0000000000
139895  -52.535  17.155  8.515 0.0000000000
140705  -49.952  21.323  14.939 0.0000000000
140943  -51.605  22.847  19.033 0.0000000000
141036  -47.685  13.131  17.483 0.0000000000
141075  -56.090  18.458  15.127 0.0000000000
141557  -49.397  10.196  14.534 0.0000000000
142460  -48.268  16.193  7.595 0.0000000000
142616  -50.827  17.547  10.753 0.0000000000
142768  -43.463  6.173  19.236 0.0000000000
143374  -52.492  16.939  7.875 0.0000000000
143387  -42.108  19.432  -0.045 0.0000000000
143483  -48.676  17.745  11.481 0.0000000000
143563  -48.240  9.791  19.907 0.0000000000
143970  -55.342  9.939  12.656 0.0000000000
144573  -50.975  19.725  20.020 0.0000000000
145085  -57.410  16.004  9.125 0.0000000000
145170  -49.646  14.773  -2.186 0.0000000000
145632  -53.380  22.058  18.571 0.0000000000
145757  -49.993  13.532  10.246 0.0000000000
145861  -47.239  16.279  6.179 0.0000000000
