#!ascii label  , from subject sub-v1s0x0050642_ses-1 vox2ras=TkReg
1520
101768  -47.236  25.892  14.184 0.0000000000
107113  -45.913  34.476  7.992 0.0000000000
107606  -48.287  35.868  16.450 0.0000000000
98836  -56.053  21.142  0.824 0.0000000000
107650  -51.819  36.266  7.677 0.0000000000
103866  -51.435  28.224  4.231 0.0000000000
104486  -52.938  29.156  -0.211 0.0000000000
100391  -47.752  23.954  -2.193 0.0000000000
99425  -45.574  22.071  20.765 0.0000000000
103132  -47.000  27.703  19.900 0.0000000000
110632  -44.537  41.284  11.270 0.0000000000
109687  -43.464  40.027  6.795 0.0000000000
111260  -49.309  43.521  6.070 0.0000000000
104942  -53.357  30.139  15.966 0.0000000000
104961  -44.616  30.409  11.357 0.0000000000
124868  -53.155  28.744  9.315 0.0000000000
100301  -53.955  23.192  9.083 0.0000000000
98833  -48.973  21.958  1.001 0.0000000000
97430  -41.871  19.035  -3.565 0.0000000000
100272  -46.530  23.631  11.636 0.0000000000
108195  -52.767  36.556  5.216 0.0000000000
106124  -53.879  32.375  3.496 0.0000000000
106157  -53.155  32.816  1.092 0.0000000000
103897  -50.964  28.523  0.627 0.0000000000
100986  -46.416  24.523  19.518 0.0000000000
103137  -44.304  27.528  18.931 0.0000000000
111730  -48.324  43.330  12.841 0.0000000000
110662  -45.995  41.725  6.155 0.0000000000
105490  -49.389  31.351  15.758 0.0000000000
106543  -51.043  34.166  15.491 0.0000000000
107621  -45.951  35.660  11.085 0.0000000000
106067  -44.813  32.235  8.701 0.0000000000
101106  -53.886  24.573  2.420 0.0000000000
102579  -51.282  26.001  6.501 0.0000000000
101084  -55.051  23.962  5.478 0.0000000000
101809  -55.738  25.071  8.826 0.0000000000
98794  -55.081  21.074  4.342 0.0000000000
98791  -51.561  21.853  4.016 0.0000000000
98078  -52.452  20.316  0.340 0.0000000000
99673  -44.644  21.938  -4.389 0.0000000000
107658  -48.513  35.557  6.321 0.0000000000
105562  -48.543  31.706  6.996 0.0000000000
105566  -52.459  32.197  5.935 0.0000000000
103886  -53.576  28.525  2.227 0.0000000000
101896  -54.346  25.481  -1.652 0.0000000000
98888  -51.782  21.951  -2.123 0.0000000000
125242  -51.478  25.289  -1.026 0.0000000000
101879  -47.883  25.595  0.310 0.0000000000
132518  -49.093  23.088  21.903 0.0000000000
100234  -47.741  24.043  18.925 0.0000000000
102500  -48.245  27.026  16.635 0.0000000000
110607  -45.692  41.893  14.982 0.0000000000
109655  -47.767  38.915  12.580 0.0000000000
109184  -45.303  37.912  10.332 0.0000000000
108689  -44.294  36.815  7.099 0.0000000000
109213  -48.288  38.470  6.374 0.0000000000
139277  -50.871  40.377  7.549 0.0000000000
110151  -51.845  39.947  4.442 0.0000000000
111808  -51.290  44.009  3.818 0.0000000000
104346  -47.466  29.668  17.419 0.0000000000
103738  -51.116  29.207  18.488 0.0000000000
103187  -51.755  27.664  14.801 0.0000000000
106030  -46.378  32.549  13.626 0.0000000000
103840  -47.790  28.536  8.125 0.0000000000
104382  -49.282  29.502  10.552 0.0000000000
105514  -50.261  32.202  12.048 0.0000000000
104956  -53.615  30.943  12.310 0.0000000000
102536  -54.240  26.436  12.443 0.0000000000
101782  -50.844  25.627  11.403 0.0000000000
100297  -50.131  22.938  8.648 0.0000000000
99569  -48.518  22.513  5.222 0.0000000000
99605  -45.516  22.661  2.710 0.0000000000
98127  -48.631  20.860  -2.800 0.0000000000
98870  -45.808  21.061  -1.757 0.0000000000
98845  -42.656  20.868  0.732 0.0000000000
122539  -47.167  23.868  15.484 0.0000000000
139680  -46.977  23.654  14.633 0.0000000000
101773  -46.932  25.252  12.963 0.0000000000
108207  -52.217  36.904  3.408 0.0000000000
107713  -52.871  34.772  2.707 0.0000000000
107183  -52.442  34.470  1.560 0.0000000000
135570  -51.224  33.133  1.265 0.0000000000
137758  -49.549  35.476  16.006 0.0000000000
107103  -45.415  34.640  9.319 0.0000000000
100357  -55.253  23.510  1.639 0.0000000000
100333  -54.534  23.463  3.787 0.0000000000
100351  -55.604  22.279  3.087 0.0000000000
99583  -55.813  22.102  4.590 0.0000000000
98819  -55.437  20.902  2.558 0.0000000000
98050  -53.979  20.674  2.098 0.0000000000
98079  -54.187  20.719  0.626 0.0000000000
107660  -50.235  35.572  6.704 0.0000000000
106616  -50.793  33.589  6.614 0.0000000000
133537  -52.285  34.094  6.749 0.0000000000
105613  -53.898  31.172  1.992 0.0000000000
105035  -53.930  30.891  3.247 0.0000000000
103900  -53.683  28.882  0.947 0.0000000000
103288  -54.294  27.317  0.562 0.0000000000
103300  -53.718  27.038  -1.233 0.0000000000
141573  -53.195  25.967  -1.826 0.0000000000
102632  -52.860  26.944  -0.807 0.0000000000
103285  -49.900  27.228  1.273 0.0000000000
102476  -46.606  26.807  19.557 0.0000000000
100987  -46.941  24.743  19.587 0.0000000000
133052  -47.359  26.205  18.802 0.0000000000
101748  -47.500  25.857  17.808 0.0000000000
102492  -47.736  26.820  18.533 0.0000000000
111218  -46.739  42.529  11.847 0.0000000000
110628  -48.494  41.515  13.372 0.0000000000
131804  -46.294  40.815  11.590 0.0000000000
109658  -46.818  38.923  11.387 0.0000000000
110114  -44.426  39.809  10.884 0.0000000000
109201  -41.475  38.300  8.144 0.0000000000
108678  -42.680  37.427  8.708 0.0000000000
131880  -43.806  37.764  6.814 0.0000000000
134281  -45.425  37.845  6.225 0.0000000000
128231  -45.821  38.831  6.154 0.0000000000
111247  -48.091  42.755  6.132 0.0000000000
133255  -48.542  41.202  6.635 0.0000000000
110666  -50.228  42.013  6.816 0.0000000000
110139  -51.656  40.202  6.643 0.0000000000
135771  -51.445  42.539  5.667 0.0000000000
136212  -51.558  42.369  4.511 0.0000000000
111783  -50.597  44.006  5.471 0.0000000000
105994  -43.464  32.421  17.939 0.0000000000
105476  -42.643  31.440  16.680 0.0000000000
105477  -44.050  31.591  16.530 0.0000000000
104360  -45.671  29.619  16.329 0.0000000000
136764  -46.563  31.088  16.052 0.0000000000
105492  -51.688  31.416  15.700 0.0000000000
104920  -50.937  30.109  17.301 0.0000000000
104905  -52.215  29.723  17.564 0.0000000000
103161  -51.580  28.259  16.555 0.0000000000
103782  -53.065  28.375  16.300 0.0000000000
105501  -43.856  31.705  12.653 0.0000000000
106028  -44.726  32.436  13.528 0.0000000000
105509  -45.553  31.291  12.715 0.0000000000
105016  -49.430  29.988  6.200 0.0000000000
105003  -48.016  30.214  7.062 0.0000000000
103849  -49.115  28.502  6.398 0.0000000000
103234  -52.203  26.867  7.904 0.0000000000
103832  -50.531  28.058  8.686 0.0000000000
104398  -51.667  29.258  9.644 0.0000000000
105522  -49.767  31.214  11.653 0.0000000000
104977  -51.733  30.529  10.595 0.0000000000
105516  -52.543  32.375  12.035 0.0000000000
104979  -53.431  30.264  10.783 0.0000000000
100292  -55.302  23.787  9.514 0.0000000000
102544  -55.012  25.938  11.443 0.0000000000
101040  -54.159  24.477  10.632 0.0000000000
102542  -52.493  26.122  12.055 0.0000000000
101052  -52.617  24.037  9.867 0.0000000000
101037  -50.897  24.489  10.340 0.0000000000
131474  -52.003  23.070  8.595 0.0000000000
98817  -50.306  22.170  2.842 0.0000000000
98789  -50.058  22.326  4.650 0.0000000000
99594  -49.130  22.464  3.381 0.0000000000
121641  -47.169  22.611  3.938 0.0000000000
99618  -47.440  22.520  1.695 0.0000000000
133123  -49.917  22.941  -2.708 0.0000000000
98886  -50.050  21.328  -2.656 0.0000000000
99677  -48.357  21.460  -3.488 0.0000000000
98895  -42.697  20.377  -4.415 0.0000000000
97434  -45.464  19.328  -4.740 0.0000000000
98122  -43.688  19.261  -3.155 0.0000000000
98858  -44.540  21.290  -0.627 0.0000000000
98107  -42.593  19.240  -1.737 0.0000000000
98089  -42.379  19.567  -0.596 0.0000000000
99459  -49.738  22.788  17.981 0.0000000000
99499  -46.482  22.489  10.692 0.0000000000
108177  -52.565  36.705  7.495 0.0000000000
107128  -53.150  34.593  6.726 0.0000000000
107152  -53.346  34.513  4.829 0.0000000000
106665  -53.699  33.083  2.519 0.0000000000
105628  -52.926  31.377  0.487 0.0000000000
103898  -51.925  28.839  0.019 0.0000000000
105046  -51.690  30.970  0.546 0.0000000000
99437  -46.335  23.231  20.135 0.0000000000
100993  -45.044  24.357  18.706 0.0000000000
103138  -45.650  28.292  19.624 0.0000000000
111739  -44.047  43.200  10.971 0.0000000000
110137  -44.829  40.718  6.356 0.0000000000
111779  -46.950  43.578  5.433 0.0000000000
111795  -48.437  44.592  5.091 0.0000000000
106004  -47.674  32.582  16.598 0.0000000000
106014  -51.087  32.923  15.657 0.0000000000
106016  -52.513  32.257  15.098 0.0000000000
104987  -44.611  30.392  9.238 0.0000000000
122919  -52.385  26.330  3.339 0.0000000000
102587  -50.773  26.662  5.029 0.0000000000
101838  -52.419  24.861  4.574 0.0000000000
101072  -53.353  24.612  5.692 0.0000000000
101814  -54.340  25.782  7.141 0.0000000000
103224  -54.851  27.214  8.824 0.0000000000
101825  -55.424  24.921  7.089 0.0000000000
99544  -55.951  22.707  7.065 0.0000000000
98762  -55.082  21.483  6.591 0.0000000000
98760  -53.059  21.568  6.259 0.0000000000
98792  -53.315  21.163  4.781 0.0000000000
98818  -51.667  21.479  2.037 0.0000000000
120800  -50.371  20.964  0.444 0.0000000000
99660  -46.103  22.776  -3.630 0.0000000000
107604  -46.055  35.624  16.217 0.0000000000
107122  -47.216  34.542  6.703 0.0000000000
106604  -47.046  33.163  7.603 0.0000000000
106606  -48.570  33.063  6.912 0.0000000000
105564  -49.982  31.812  6.455 0.0000000000
105025  -52.005  30.132  4.842 0.0000000000
106099  -53.192  32.308  5.581 0.0000000000
105026  -53.019  30.413  4.556 0.0000000000
103875  -52.777  28.570  3.443 0.0000000000
102613  -53.631  26.874  1.861 0.0000000000
122335  -55.087  25.045  0.794 0.0000000000
100380  -55.504  22.985  -0.436 0.0000000000
98876  -54.263  21.641  -1.151 0.0000000000
101161  -53.731  23.952  -2.201 0.0000000000
123598  -52.072  24.122  -2.038 0.0000000000
101151  -49.775  24.427  -1.078 0.0000000000
103292  -51.631  26.866  0.179 0.0000000000
101881  -50.080  25.792  0.077 0.0000000000
129520  -47.493  23.533  20.639 0.0000000000
121945  -48.057  23.540  20.655 0.0000000000
100235  -49.063  23.333  19.123 0.0000000000
100244  -47.934  23.682  17.738 0.0000000000
141895  -47.287  24.942  16.425 0.0000000000
135209  -47.582  26.304  15.463 0.0000000000
110096  -45.316  40.059  14.107 0.0000000000
110082  -47.418  40.603  14.581 0.0000000000
109161  -46.698  38.395  13.461 0.0000000000
108663  -46.943  37.397  11.736 0.0000000000
108164  -46.568  36.665  10.619 0.0000000000
108167  -45.454  35.827  9.105 0.0000000000
139605  -42.353  40.512  10.640 0.0000000000
109183  -42.655  38.167  9.798 0.0000000000
108166  -44.451  36.503  8.617 0.0000000000
107647  -45.289  35.905  7.270 0.0000000000
108182  -46.344  36.311  6.349 0.0000000000
127368  -48.007  36.940  6.116 0.0000000000
108694  -50.290  37.638  7.229 0.0000000000
128280  -46.930  40.475  6.296 0.0000000000
109692  -48.822  39.756  6.864 0.0000000000
130388  -51.502  38.051  8.117 0.0000000000
109205  -52.048  38.705  7.479 0.0000000000
109221  -52.350  38.508  5.134 0.0000000000
129622  -51.299  40.029  3.544 0.0000000000
110699  -51.077  41.722  3.607 0.0000000000
112781  -50.133  45.787  3.533 0.0000000000
103746  -45.277  28.610  18.649 0.0000000000
104319  -47.727  29.445  19.983 0.0000000000
104936  -47.799  30.637  15.969 0.0000000000
104331  -49.451  29.836  19.247 0.0000000000
103736  -49.442  28.864  19.910 0.0000000000
103159  -49.727  27.968  17.934 0.0000000000
103174  -49.808  27.647  15.824 0.0000000000
102519  -49.109  26.798  14.127 0.0000000000
107074  -46.699  34.307  14.749 0.0000000000
134879  -46.903  31.957  7.687 0.0000000000
104994  -46.000  30.124  8.230 0.0000000000
104396  -46.332  28.988  9.486 0.0000000000
103231  -49.470  27.533  7.317 0.0000000000
103814  -48.333  28.378  9.332 0.0000000000
104371  -46.898  29.476  11.138 0.0000000000
104954  -47.859  30.856  12.137 0.0000000000
132239  -48.395  32.687  13.204 0.0000000000
106555  -48.375  34.278  14.300 0.0000000000
106571  -50.830  33.981  13.795 0.0000000000
106035  -52.718  33.088  13.421 0.0000000000
105498  -53.497  30.819  14.537 0.0000000000
103806  -54.470  28.331  10.436 0.0000000000
103797  -54.470  28.381  13.130 0.0000000000
140077  -54.071  28.522  14.884 0.0000000000
145682  -52.914  27.320  13.995 0.0000000000
103198  -51.453  26.993  13.281 0.0000000000
102530  -48.954  26.309  12.813 0.0000000000
101790  -49.424  24.973  10.872 0.0000000000
100276  -48.579  23.721  10.009 0.0000000000
99509  -48.429  22.680  8.986 0.0000000000
145445  -50.792  22.294  6.515 0.0000000000
98741  -49.350  22.381  7.113 0.0000000000
98739  -47.992  22.376  7.556 0.0000000000
99553  -46.713  22.381  6.346 0.0000000000
99566  -45.340  22.384  5.529 0.0000000000
98115  -52.245  20.473  -1.233 0.0000000000
98114  -50.494  20.487  -1.490 0.0000000000
98092  -49.290  20.868  -0.878 0.0000000000
98909  -46.840  20.269  -5.001 0.0000000000
98885  -47.374  20.556  -2.729 0.0000000000
99641  -46.914  21.793  -0.414 0.0000000000
99627  -45.378  22.068  0.448 0.0000000000
99615  -43.851  22.153  1.752 0.0000000000
101767  -46.872  25.299  14.427 0.0000000000
101025  -46.836  24.690  14.950 0.0000000000
100266  -46.687  24.603  14.140 0.0000000000
101027  -46.628  24.618  13.273 0.0000000000
101771  -47.387  25.790  13.399 0.0000000000
134404  -51.979  36.813  2.543 0.0000000000
126419  -52.201  36.134  2.265 0.0000000000
107720  -52.042  35.317  1.599 0.0000000000
107065  -49.325  35.716  16.673 0.0000000000
123218  -48.601  35.438  15.697 0.0000000000
107105  -45.560  34.388  8.757 0.0000000000
135551  -45.644  33.856  8.733 0.0000000000
107106  -45.981  33.855  8.342 0.0000000000
99621  -56.024  22.188  1.026 0.0000000000
125148  -55.719  22.408  1.979 0.0000000000
130059  -56.071  21.418  1.703 0.0000000000
99610  -55.774  21.611  2.659 0.0000000000
136005  -56.056  20.728  1.441 0.0000000000
98065  -55.306  20.663  1.159 0.0000000000
98080  -55.357  20.793  0.695 0.0000000000
133019  -50.980  36.099  7.189 0.0000000000
107661  -51.240  35.350  7.055 0.0000000000
107662  -52.218  35.409  7.330 0.0000000000
105062  -53.400  30.620  0.844 0.0000000000
105048  -53.673  30.479  1.662 0.0000000000
104487  -53.274  29.107  0.090 0.0000000000
103912  -53.695  28.198  -0.055 0.0000000000
103911  -53.133  28.406  -0.450 0.0000000000
103299  -53.249  27.040  -1.176 0.0000000000
103910  -52.889  28.432  -0.454 0.0000000000
99426  -46.407  22.460  20.858 0.0000000000
101733  -46.967  25.825  19.248 0.0000000000
102482  -47.161  26.882  19.300 0.0000000000
103148  -47.693  27.614  19.564 0.0000000000
134207  -44.966  41.908  11.422 0.0000000000
110634  -46.158  41.685  11.673 0.0000000000
110633  -45.374  41.243  11.477 0.0000000000
110106  -45.245  40.469  11.261 0.0000000000
138838  -44.060  40.699  11.020 0.0000000000
109685  -41.652  39.920  7.032 0.0000000000
109679  -41.016  39.074  7.610 0.0000000000
137973  -42.325  39.224  7.058 0.0000000000
109202  -42.553  38.275  7.267 0.0000000000
125719  -43.768  38.954  6.697 0.0000000000
109212  -44.724  38.648  6.401 0.0000000000
109688  -44.360  39.834  6.548 0.0000000000
129961  -48.916  42.981  6.242 0.0000000000
110665  -49.043  42.119  6.414 0.0000000000
111248  -49.757  42.801  6.389 0.0000000000
111249  -50.617  42.644  6.494 0.0000000000
111769  -50.211  43.414  6.083 0.0000000000
111261  -51.067  43.274  5.940 0.0000000000
111782  -49.764  44.149  5.654 0.0000000000
106524  -44.120  32.785  18.630 0.0000000000
105995  -44.339  32.587  17.729 0.0000000000
106000  -43.782  32.072  17.175 0.0000000000
106001  -44.619  32.228  16.960 0.0000000000
105487  -45.179  30.926  16.100 0.0000000000
104941  -52.802  30.642  16.039 0.0000000000
104921  -51.874  30.183  17.118 0.0000000000
104923  -53.149  29.785  16.638 0.0000000000
103752  -52.858  28.974  17.085 0.0000000000
103783  -53.443  28.611  16.088 0.0000000000
104960  -43.929  30.717  11.066 0.0000000000
105521  -44.024  31.004  11.935 0.0000000000
130054  -44.663  31.384  12.647 0.0000000000
104951  -45.041  30.745  12.143 0.0000000000
104433  -49.997  29.482  5.700 0.0000000000
104425  -49.369  29.158  6.087 0.0000000000
103857  -50.406  28.875  5.252 0.0000000000
103834  -52.646  28.058  8.781 0.0000000000
103833  -51.528  28.088  8.702 0.0000000000
103818  -52.158  28.713  9.195 0.0000000000
104384  -52.203  29.944  10.094 0.0000000000
104978  -52.700  30.479  10.653 0.0000000000
104400  -53.574  29.277  9.825 0.0000000000
100302  -54.897  23.324  9.267 0.0000000000
100291  -54.894  23.749  9.842 0.0000000000
100290  -54.277  23.628  9.735 0.0000000000
101039  -53.117  24.534  10.466 0.0000000000
100289  -53.275  23.591  9.489 0.0000000000
100288  -52.054  23.509  9.180 0.0000000000
100300  -52.857  23.166  8.812 0.0000000000
98834  -49.705  21.868  1.482 0.0000000000
140811  -49.794  22.341  3.303 0.0000000000
99620  -49.111  22.176  1.882 0.0000000000
99607  -47.767  22.562  2.534 0.0000000000
99619  -48.365  22.368  1.795 0.0000000000
100402  -49.185  23.100  -2.783 0.0000000000
99663  -48.802  22.306  -3.135 0.0000000000
99662  -47.958  22.399  -3.365 0.0000000000
97431  -42.657  19.146  -4.118 0.0000000000
97432  -43.688  19.211  -4.386 0.0000000000
97423  -43.134  18.988  -3.771 0.0000000000
98108  -43.419  19.603  -2.045 0.0000000000
97413  -42.791  19.004  -2.843 0.0000000000
97412  -42.026  18.864  -2.443 0.0000000000
97421  -41.531  18.869  -2.789 0.0000000000
99477  -49.028  22.633  16.907 0.0000000000
134478  -46.343  23.007  12.063 0.0000000000
100274  -46.804  23.253  10.818 0.0000000000
108187  -52.786  36.809  6.488 0.0000000000
107671  -53.298  35.203  5.584 0.0000000000
108196  -52.995  35.840  5.136 0.0000000000
142899  -52.968  34.028  1.600 0.0000000000
107184  -53.257  34.001  2.098 0.0000000000
106677  -53.340  33.367  1.588 0.0000000000
128878  -53.415  31.979  0.963 0.0000000000
105060  -52.412  30.656  0.236 0.0000000000
105611  -52.453  32.082  0.787 0.0000000000
105609  -50.719  31.656  1.175 0.0000000000
101001  -44.288  24.676  18.184 0.0000000000
103130  -45.421  27.598  19.556 0.0000000000
135675  -44.932  27.830  19.301 0.0000000000
111740  -44.887  43.504  11.275 0.0000000000
111257  -46.498  43.027  5.829 0.0000000000
136761  -46.612  43.843  4.926 0.0000000000
111792  -46.026  43.701  4.398 0.0000000000
106540  -50.626  34.444  16.112 0.0000000000
106539  -50.311  34.392  16.776 0.0000000000
106542  -50.650  33.719  16.148 0.0000000000
106015  -51.851  32.442  15.423 0.0000000000
106544  -51.606  33.559  15.058 0.0000000000
108153  -46.060  36.535  11.957 0.0000000000
105544  -44.778  31.211  8.686 0.0000000000
102603  -52.968  25.980  2.758 0.0000000000
101837  -51.958  25.691  4.163 0.0000000000
101098  -53.045  24.519  3.517 0.0000000000
101092  -54.769  23.597  4.619 0.0000000000
101091  -53.717  23.906  4.318 0.0000000000
101073  -54.434  24.550  5.937 0.0000000000
101823  -53.832  25.154  6.439 0.0000000000
101824  -54.867  25.159  6.710 0.0000000000
101815  -55.161  25.637  7.420 0.0000000000
101074  -55.253  24.452  6.335 0.0000000000
98781  -55.816  21.828  5.141 0.0000000000
99558  -56.060  22.532  6.283 0.0000000000
98780  -55.709  21.554  5.624 0.0000000000
99556  -55.545  21.869  7.046 0.0000000000
98779  -55.005  21.216  5.834 0.0000000000
98778  -53.751  21.209  5.652 0.0000000000
98793  -54.138  20.998  4.372 0.0000000000
142114  -53.404  20.598  1.507 0.0000000000
98049  -53.076  20.973  2.178 0.0000000000
136029  -51.845  21.044  1.355 0.0000000000
98835  -50.984  21.233  1.222 0.0000000000
98851  -50.961  20.489  0.254 0.0000000000
135672  -48.159  34.759  6.456 0.0000000000
107123  -47.932  34.099  6.679 0.0000000000
107124  -48.668  34.147  6.603 0.0000000000
106087  -51.126  32.851  6.451 0.0000000000
129917  -50.096  32.739  6.531 0.0000000000
131234  -50.686  32.191  6.322 0.0000000000
105572  -50.816  31.392  5.995 0.0000000000
105573  -51.983  31.482  5.702 0.0000000000
106630  -53.437  33.407  5.418 0.0000000000
106089  -53.289  33.089  5.795 0.0000000000
106100  -53.632  32.440  5.061 0.0000000000
104450  -53.677  30.202  3.157 0.0000000000
105027  -53.633  30.643  4.230 0.0000000000
103877  -53.475  29.594  3.270 0.0000000000
103868  -53.073  29.354  3.764 0.0000000000
103876  -53.297  29.093  3.323 0.0000000000
143538  -53.111  28.211  2.940 0.0000000000
103275  -53.411  27.792  2.310 0.0000000000
102628  -54.640  26.703  0.027 0.0000000000
102622  -54.356  26.530  1.052 0.0000000000
101129  -55.308  25.038  -0.019 0.0000000000
101144  -55.484  24.043  -0.265 0.0000000000
101143  -55.153  24.870  -1.005 0.0000000000
100394  -54.452  23.392  -1.734 0.0000000000
101155  -54.451  24.444  -1.719 0.0000000000
101893  -52.104  25.343  -1.292 0.0000000000
101159  -52.642  24.647  -1.963 0.0000000000
121958  -51.476  24.730  -1.428 0.0000000000
101152  -50.664  24.123  -1.610 0.0000000000
104468  -51.396  29.366  0.417 0.0000000000
103287  -51.726  27.897  0.117 0.0000000000
103286  -50.836  27.328  0.718 0.0000000000
102625  -48.356  26.260  0.824 0.0000000000
123468  -49.254  26.148  0.624 0.0000000000
100214  -47.095  23.185  20.871 0.0000000000
100224  -47.019  23.766  20.094 0.0000000000
100988  -47.299  24.784  19.181 0.0000000000
100225  -47.443  23.927  19.859 0.0000000000
127952  -48.180  23.647  19.673 0.0000000000
100226  -48.997  23.547  20.531 0.0000000000
137597  -48.265  23.564  18.672 0.0000000000
102499  -47.818  26.556  17.180 0.0000000000
145557  -47.427  25.091  17.154 0.0000000000
102511  -47.740  26.421  16.185 0.0000000000
101765  -47.291  25.751  15.896 0.0000000000
102512  -48.226  26.835  15.590 0.0000000000
110606  -44.483  42.109  14.794 0.0000000000
135271  -43.439  42.143  14.624 0.0000000000
134440  -44.909  41.486  14.690 0.0000000000
110080  -44.546  40.850  14.369 0.0000000000
110081  -45.970  40.905  14.639 0.0000000000
111722  -48.520  43.789  14.295 0.0000000000
135812  -48.494  42.994  14.457 0.0000000000
110102  -48.136  39.767  12.828 0.0000000000
110621  -48.156  40.482  14.181 0.0000000000
110099  -48.300  39.771  13.652 0.0000000000
109653  -47.372  38.979  13.756 0.0000000000
109163  -48.085  38.960  13.330 0.0000000000
109170  -47.113  37.918  12.973 0.0000000000
109171  -47.564  38.285  12.656 0.0000000000
109666  -46.122  38.482  10.861 0.0000000000
109185  -46.502  37.582  10.815 0.0000000000
108670  -45.852  37.046  10.036 0.0000000000
108163  -46.099  36.262  9.858 0.0000000000
108162  -45.018  36.585  9.344 0.0000000000
129442  -42.827  38.744  10.265 0.0000000000
108674  -41.927  38.103  9.468 0.0000000000
108683  -43.497  37.093  7.576 0.0000000000
108679  -43.466  37.016  8.321 0.0000000000
108173  -44.151  36.540  7.916 0.0000000000
108169  -44.890  36.009  8.266 0.0000000000
108180  -44.933  36.427  7.016 0.0000000000
107656  -45.907  35.649  6.874 0.0000000000
108181  -45.531  36.365  6.664 0.0000000000
129625  -46.508  38.046  6.004 0.0000000000
108692  -46.910  37.071  6.024 0.0000000000
137363  -48.436  37.735  6.281 0.0000000000
129004  -49.162  37.243  6.432 0.0000000000
108693  -49.207  38.149  6.687 0.0000000000
140662  -45.158  41.513  6.131 0.0000000000
128281  -45.881  40.760  6.244 0.0000000000
135273  -46.615  41.235  6.273 0.0000000000
110138  -50.196  40.518  7.329 0.0000000000
127365  -49.194  40.465  6.963 0.0000000000
109693  -49.800  39.672  7.289 0.0000000000
109216  -50.890  38.337  7.939 0.0000000000
109203  -51.283  38.739  8.052 0.0000000000
109204  -51.882  38.195  7.997 0.0000000000
109682  -51.555  39.080  7.795 0.0000000000
110144  -51.891  40.164  5.550 0.0000000000
133593  -51.957  39.577  6.193 0.0000000000
109701  -52.065  39.136  4.161 0.0000000000
109225  -52.182  38.363  4.005 0.0000000000
109708  -51.769  38.879  3.532 0.0000000000
110162  -51.599  39.604  3.710 0.0000000000
133894  -51.439  43.301  4.112 0.0000000000
110686  -51.333  41.583  3.862 0.0000000000
111289  -51.260  42.565  3.741 0.0000000000
111288  -50.835  42.796  3.390 0.0000000000
130881  -51.186  43.517  3.456 0.0000000000
112307  -48.958  45.323  4.531 0.0000000000
103781  -44.372  29.007  16.055 0.0000000000
104345  -46.472  29.449  16.890 0.0000000000
104344  -45.678  29.150  16.879 0.0000000000
104329  -46.720  29.323  18.328 0.0000000000
104318  -46.841  29.318  19.589 0.0000000000
104330  -47.634  29.632  19.000 0.0000000000
106011  -48.260  32.102  16.119 0.0000000000
105481  -47.481  31.447  16.095 0.0000000000
105489  -48.408  31.363  15.893 0.0000000000
104903  -50.850  29.744  18.471 0.0000000000
104902  -50.211  29.911  18.281 0.0000000000
104332  -50.246  29.605  19.074 0.0000000000
143945  -49.118  29.661  20.127 0.0000000000
103737  -50.320  29.238  19.080 0.0000000000
103149  -49.084  27.888  18.816 0.0000000000
103748  -50.052  28.581  18.830 0.0000000000
130273  -51.555  27.951  15.613 0.0000000000
103175  -50.790  27.923  15.953 0.0000000000
103186  -50.599  27.559  14.979 0.0000000000
103185  -49.512  27.190  14.825 0.0000000000
103191  -50.010  27.023  14.104 0.0000000000
106029  -45.567  32.450  13.580 0.0000000000
138857  -47.757  32.025  7.353 0.0000000000
137253  -47.251  32.572  7.573 0.0000000000
104417  -48.145  29.251  7.082 0.0000000000
104415  -46.991  29.498  7.830 0.0000000000
104408  -46.469  29.207  8.569 0.0000000000
103828  -47.049  28.693  9.083 0.0000000000
102588  -51.143  25.948  5.551 0.0000000000
103241  -50.017  27.044  6.708 0.0000000000
102569  -50.770  26.563  7.019 0.0000000000
103816  -50.192  28.543  9.255 0.0000000000
103831  -49.603  28.032  8.733 0.0000000000
103803  -48.822  28.818  9.990 0.0000000000
103802  -47.909  28.665  10.003 0.0000000000
104381  -48.314  29.170  10.595 0.0000000000
104964  -47.380  30.097  11.747 0.0000000000
104373  -48.745  29.894  11.093 0.0000000000
105513  -49.279  31.828  12.224 0.0000000000
106042  -49.762  32.659  12.615 0.0000000000
106569  -48.685  33.576  13.686 0.0000000000
106032  -49.278  33.123  13.139 0.0000000000
106570  -49.849  33.910  13.717 0.0000000000
106033  -50.273  33.471  13.092 0.0000000000
105517  -53.213  31.858  12.158 0.0000000000
106045  -52.332  33.017  12.617 0.0000000000
105505  -53.498  31.736  13.037 0.0000000000
145311  -53.495  31.543  13.905 0.0000000000
104947  -53.694  30.676  13.531 0.0000000000
103225  -55.292  26.798  9.141 0.0000000000
103214  -54.860  27.452  9.346 0.0000000000
103215  -55.282  26.823  9.928 0.0000000000
102537  -54.545  26.389  12.032 0.0000000000
103201  -54.651  27.172  11.966 0.0000000000
103199  -54.302  26.951  12.674 0.0000000000
103794  -54.333  28.355  14.069 0.0000000000
103196  -54.214  27.606  13.530 0.0000000000
103189  -53.615  27.836  14.892 0.0000000000
102526  -53.524  27.092  13.497 0.0000000000
101783  -51.911  25.652  11.422 0.0000000000
102533  -51.954  26.604  12.628 0.0000000000
102541  -51.370  26.157  11.970 0.0000000000
102531  -49.880  26.437  12.677 0.0000000000
102540  -50.331  26.103  11.982 0.0000000000
102539  -49.352  25.964  12.089 0.0000000000
101781  -49.833  25.552  11.421 0.0000000000
100287  -50.852  23.398  9.118 0.0000000000
100277  -49.444  23.868  9.828 0.0000000000
100286  -49.834  23.364  9.238 0.0000000000
100285  -48.950  23.228  9.395 0.0000000000
99510  -49.282  22.844  8.774 0.0000000000
141131  -51.941  21.843  5.375 0.0000000000
98759  -52.131  21.861  6.064 0.0000000000
126925  -51.237  22.136  5.814 0.0000000000
99570  -49.315  22.438  4.950 0.0000000000
98774  -49.814  22.375  5.514 0.0000000000
98773  -49.033  22.382  5.838 0.0000000000
98740  -48.682  22.410  7.573 0.0000000000
98755  -47.813  22.449  6.881 0.0000000000
131222  -47.140  22.341  6.856 0.0000000000
99554  -47.465  22.488  6.252 0.0000000000
99592  -46.415  22.624  3.360 0.0000000000
99579  -45.884  22.554  4.785 0.0000000000
99591  -45.444  22.648  3.833 0.0000000000
99565  -44.356  22.165  5.355 0.0000000000
129319  -44.518  22.608  3.190 0.0000000000
98889  -52.772  22.013  -1.954 0.0000000000
98875  -53.362  21.455  -1.444 0.0000000000
98874  -52.455  21.242  -1.647 0.0000000000
145400  -49.626  21.161  -2.699 0.0000000000
98129  -50.060  20.913  -2.325 0.0000000000
98128  -49.407  20.939  -2.462 0.0000000000
98093  -50.026  20.462  -0.832 0.0000000000
98112  -49.024  20.788  -1.959 0.0000000000
99674  -45.742  22.021  -4.367 0.0000000000
98897  -45.383  21.127  -5.031 0.0000000000
98124  -45.779  19.801  -3.620 0.0000000000
98136  -46.069  19.503  -4.488 0.0000000000
98884  -46.323  20.483  -2.757 0.0000000000
121443  -47.435  21.192  -1.496 0.0000000000
98860  -46.370  21.453  -1.092 0.0000000000
99628  -46.459  22.205  0.537 0.0000000000
98859  -45.454  21.448  -0.862 0.0000000000
98857  -43.517  21.026  -0.387 0.0000000000
98847  -44.292  21.717  0.248 0.0000000000
98831  -42.991  21.477  1.246 0.0000000000
98816  -42.959  21.598  2.136 0.0000000000
100264  -47.721  23.266  15.947 0.0000000000
124955  -47.606  23.043  15.297 0.0000000000
125011  -47.546  22.697  14.703 0.0000000000
128085  -52.455  36.996  4.256 0.0000000000
107683  -52.648  36.181  4.106 0.0000000000
142467  -52.591  35.443  2.782 0.0000000000
107175  -52.751  34.648  1.886 0.0000000000
106676  -52.809  33.625  1.350 0.0000000000
106156  -52.215  32.992  1.090 0.0000000000
106675  -51.958  33.848  1.298 0.0000000000
107055  -50.093  35.209  16.874 0.0000000000
107067  -50.663  34.779  15.685 0.0000000000
107629  -46.179  35.593  10.466 0.0000000000
107102  -45.113  34.311  9.575 0.0000000000
106068  -45.493  32.870  8.627 0.0000000000
101107  -54.675  23.960  2.102 0.0000000000
101099  -53.556  24.047  3.424 0.0000000000
100342  -54.497  23.599  2.922 0.0000000000
100343  -55.271  22.910  3.425 0.0000000000
100334  -55.473  23.050  4.269 0.0000000000
100335  -55.875  22.705  4.846 0.0000000000
100344  -55.681  22.402  4.035 0.0000000000
98808  -55.560  21.372  3.111 0.0000000000
98807  -55.319  21.089  3.514 0.0000000000
120774  -54.458  20.936  3.725 0.0000000000
142279  -54.635  20.757  2.564 0.0000000000
98064  -54.176  20.593  1.339 0.0000000000
121621  -53.093  20.419  0.015 0.0000000000
131213  -49.372  35.786  6.442 0.0000000000
107125  -49.576  34.167  6.639 0.0000000000
134483  -50.314  34.803  6.697 0.0000000000
106617  -51.715  33.573  6.620 0.0000000000
106088  -52.041  32.848  6.356 0.0000000000
106125  -54.049  31.561  3.157 0.0000000000
105588  -53.976  31.713  3.917 0.0000000000
105039  -53.831  30.688  2.553 0.0000000000
104454  -53.655  29.941  2.357 0.0000000000
130316  -53.664  29.098  1.978 0.0000000000
103282  -53.980  27.454  1.298 0.0000000000
130101  -54.055  28.002  0.778 0.0000000000
103296  -54.121  27.425  -0.424 0.0000000000
102639  -54.068  26.373  -1.534 0.0000000000
101895  -53.533  25.859  -1.958 0.0000000000
102638  -53.383  26.486  -1.616 0.0000000000
102637  -53.103  26.375  -1.450 0.0000000000
102631  -52.039  26.326  -0.432 0.0000000000
103281  -50.275  27.950  1.130 0.0000000000
99428  -48.245  22.947  21.789 0.0000000000
101732  -46.499  25.728  19.421 0.0000000000
101739  -47.350  25.490  18.696 0.0000000000
100994  -47.521  24.695  18.074 0.0000000000
111178  -45.143  42.732  14.921 0.0000000000
111208  -47.850  42.485  12.397 0.0000000000
111209  -48.557  42.403  13.137 0.0000000000
110635  -47.528  41.527  12.062 0.0000000000
110108  -47.544  40.436  11.956 0.0000000000
123334  -47.529  39.338  11.986 0.0000000000
110107  -46.586  39.876  11.539 0.0000000000
109657  -45.719  39.420  11.022 0.0000000000
109665  -44.803  38.842  10.644 0.0000000000
109195  -40.760  38.715  8.501 0.0000000000
108677  -42.091  37.751  8.981 0.0000000000
108681  -42.045  37.779  8.465 0.0000000000
108688  -43.109  37.684  7.296 0.0000000000
138752  -44.612  37.556  6.534 0.0000000000
108690  -45.058  36.960  6.552 0.0000000000
139540  -46.647  38.980  6.103 0.0000000000
110664  -47.832  41.946  6.265 0.0000000000
135272  -47.457  41.181  6.405 0.0000000000
130099  -49.696  41.269  6.941 0.0000000000
126457  -50.599  41.223  7.186 0.0000000000
109695  -51.314  39.951  7.485 0.0000000000
141352  -51.229  41.010  7.074 0.0000000000
110668  -51.346  41.841  6.357 0.0000000000
110677  -51.627  41.693  5.320 0.0000000000
138032  -51.572  41.420  4.395 0.0000000000
111272  -51.415  43.267  5.023 0.0000000000
111796  -51.277  43.983  4.496 0.0000000000
106515  -44.014  32.872  19.813 0.0000000000
105989  -43.240  32.533  18.940 0.0000000000
105993  -42.585  32.215  18.131 0.0000000000
105999  -42.984  31.927  17.324 0.0000000000
104358  -44.086  29.640  15.789 0.0000000000
104933  -44.622  30.291  15.936 0.0000000000
104934  -45.457  30.240  15.979 0.0000000000
104917  -47.249  29.981  16.376 0.0000000000
104938  -50.183  30.937  15.773 0.0000000000
136194  -49.356  30.639  15.893 0.0000000000
144802  -50.513  30.559  16.307 0.0000000000
104904  -51.559  29.702  18.038 0.0000000000
104322  -51.461  29.334  18.221 0.0000000000
103765  -51.295  28.533  17.613 0.0000000000
103766  -52.084  28.706  17.185 0.0000000000
103162  -52.549  28.304  16.380 0.0000000000
103176  -52.518  27.909  15.552 0.0000000000
141341  -44.420  31.933  13.078 0.0000000000
105502  -45.157  31.901  13.120 0.0000000000
105503  -45.999  31.915  13.177 0.0000000000
139501  -49.143  30.655  6.542 0.0000000000
132568  -48.580  30.868  6.857 0.0000000000
105010  -48.641  30.035  6.646 0.0000000000
104424  -48.824  29.215  6.511 0.0000000000
103848  -48.573  28.481  6.948 0.0000000000
102570  -51.686  26.329  7.299 0.0000000000
103233  -51.247  26.907  7.757 0.0000000000
103223  -51.849  27.461  8.294 0.0000000000
103817  -51.136  28.635  9.172 0.0000000000
103804  -49.924  29.115  9.933 0.0000000000
104966  -49.749  30.322  11.059 0.0000000000
104976  -50.750  30.432  10.755 0.0000000000
128490  -50.495  30.979  11.206 0.0000000000
105523  -50.821  31.696  11.565 0.0000000000
105515  -51.206  32.546  12.000 0.0000000000
104968  -52.262  31.182  11.068 0.0000000000
104969  -53.018  30.947  11.161 0.0000000000
104970  -53.509  30.598  11.394 0.0000000000
101055  -55.523  24.447  9.622 0.0000000000
132676  -55.489  25.422  10.293 0.0000000000
101042  -55.354  24.747  10.285 0.0000000000
101786  -54.763  25.506  11.442 0.0000000000
101785  -54.150  25.591  11.657 0.0000000000
102543  -53.602  26.067  12.178 0.0000000000
101794  -53.612  25.040  11.055 0.0000000000
101793  -52.495  25.088  10.929 0.0000000000
101792  -51.392  25.084  10.875 0.0000000000
101038  -51.980  24.515  10.371 0.0000000000
101051  -51.450  23.977  9.766 0.0000000000
100299  -51.405  23.136  8.710 0.0000000000
98803  -50.917  22.088  3.392 0.0000000000
98790  -50.801  22.182  4.328 0.0000000000
98802  -50.243  22.276  3.769 0.0000000000
99582  -49.571  22.405  4.072 0.0000000000
99581  -48.784  22.542  4.298 0.0000000000
99580  -47.898  22.622  4.565 0.0000000000
99593  -48.127  22.610  3.501 0.0000000000
127841  -47.237  22.616  3.146 0.0000000000
99606  -46.703  22.628  2.404 0.0000000000
131338  -51.019  22.723  -2.444 0.0000000000
129254  -51.068  21.529  -2.395 0.0000000000
99679  -49.893  21.713  -2.922 0.0000000000
99678  -49.142  21.656  -3.076 0.0000000000
98901  -48.553  21.197  -3.226 0.0000000000
98883  -43.591  21.455  -4.448 0.0000000000
98907  -45.085  20.090  -5.141 0.0000000000
98143  -44.179  19.731  -5.079 0.0000000000
97433  -44.585  19.244  -4.618 0.0000000000
98123  -44.697  19.663  -3.375 0.0000000000
98869  -44.889  20.917  -1.517 0.0000000000
98109  -44.336  20.089  -2.283 0.0000000000
98091  -43.965  20.528  -1.260 0.0000000000
98090  -43.109  20.075  -0.992 0.0000000000
98074  -42.763  20.551  -0.057 0.0000000000
97401  -41.892  18.943  -1.361 0.0000000000
99447  -50.998  22.745  18.422 0.0000000000
107651  -52.459  36.116  7.474 0.0000000000
107663  -52.838  35.342  7.149 0.0000000000
107664  -53.221  35.219  6.587 0.0000000000
107141  -53.350  34.366  5.846 0.0000000000
132985  -53.470  33.818  4.110 0.0000000000
107165  -53.147  34.619  3.764 0.0000000000
107176  -53.415  33.930  3.075 0.0000000000
106653  -53.643  33.209  3.525 0.0000000000
105598  -54.037  31.686  2.224 0.0000000000
105629  -53.398  31.263  0.898 0.0000000000
105061  -53.046  30.691  0.331 0.0000000000
103899  -52.647  29.081  -0.241 0.0000000000
104470  -52.784  29.888  0.030 0.0000000000
104469  -52.175  29.728  0.045 0.0000000000
104460  -51.360  30.211  0.585 0.0000000000
105610  -51.526  31.565  0.766 0.0000000000
105045  -50.947  30.943  0.929 0.0000000000
99436  -45.715  22.484  20.461 0.0000000000
100223  -45.380  22.900  19.834 0.0000000000
100233  -45.737  23.823  19.292 0.0000000000
131723  -45.588  25.018  19.066 0.0000000000
101737  -44.659  25.577  18.696 0.0000000000
101738  -45.242  26.088  19.140 0.0000000000
101731  -45.973  25.642  19.321 0.0000000000
102475  -45.822  26.699  19.477 0.0000000000
103131  -46.170  27.684  19.807 0.0000000000
111742  -47.302  43.392  12.054 0.0000000000
111741  -46.066  43.401  11.657 0.0000000000
111217  -45.491  42.618  11.548 0.0000000000
111216  -44.487  42.633  11.227 0.0000000000
111245  -46.199  42.424  6.034 0.0000000000
111246  -47.082  42.607  6.096 0.0000000000
111258  -47.430  43.255  5.881 0.0000000000
111780  -47.900  43.878  5.534 0.0000000000
111781  -48.841  44.129  5.685 0.0000000000
111794  -47.464  44.265  4.862 0.0000000000
112305  -47.510  44.767  4.110 0.0000000000
106006  -49.876  33.331  16.436 0.0000000000
106013  -50.119  32.523  15.970 0.0000000000
136350  -51.059  31.687  15.722 0.0000000000
105493  -52.266  31.482  15.568 0.0000000000
105494  -52.758  31.444  15.385 0.0000000000
104973  -43.679  30.893  10.355 0.0000000000
104974  -44.301  30.335  10.523 0.0000000000
103259  -51.557  27.483  3.971 0.0000000000
103258  -50.925  27.454  4.583 0.0000000000
102594  -51.195  26.857  4.408 0.0000000000
129845  -51.308  26.128  4.658 0.0000000000
101821  -51.859  25.411  5.998 0.0000000000
101090  -52.981  24.325  4.064 0.0000000000
101832  -52.483  24.888  5.460 0.0000000000
102580  -52.200  25.740  6.806 0.0000000000
102571  -52.695  26.306  7.480 0.0000000000
102561  -53.186  26.928  8.077 0.0000000000
123991  -53.479  27.613  8.601 0.0000000000
103213  -54.250  27.791  9.032 0.0000000000
102562  -54.276  27.019  8.360 0.0000000000
102574  -55.457  25.919  8.173 0.0000000000
101816  -55.599  25.162  7.866 0.0000000000
100316  -55.859  23.423  6.341 0.0000000000
101076  -55.789  23.681  7.104 0.0000000000
100304  -55.724  23.738  7.930 0.0000000000
137703  -55.572  23.363  8.381 0.0000000000
99542  -55.189  22.245  7.777 0.0000000000
99541  -54.111  22.239  7.780 0.0000000000
99540  -52.964  22.323  7.604 0.0000000000
98745  -53.524  21.855  7.030 0.0000000000
98777  -52.697  21.474  5.477 0.0000000000
121303  -52.275  21.571  4.654 0.0000000000
121271  -53.374  21.097  3.878 0.0000000000
121302  -52.389  21.433  3.685 0.0000000000
98804  -51.623  21.722  3.030 0.0000000000
122617  -50.962  21.844  2.362 0.0000000000
133279  -50.221  21.434  1.114 0.0000000000
127667  -49.742  21.388  0.667 0.0000000000
100400  -47.378  23.318  -2.810 0.0000000000
100399  -46.445  23.403  -2.876 0.0000000000
100398  -45.503  23.424  -2.928 0.0000000000
99659  -45.088  22.801  -3.617 0.0000000000
99658  -43.944  22.752  -3.502 0.0000000000
98882  -42.772  22.052  -3.726 0.0000000000
136275  -41.857  21.248  -3.617 0.0000000000
98134  -41.821  19.773  -3.844 0.0000000000
107649  -46.294  34.836  7.161 0.0000000000
107114  -46.612  33.922  7.571 0.0000000000
107115  -47.474  33.647  7.055 0.0000000000
106605  -47.854  32.922  7.231 0.0000000000
106079  -48.522  32.483  7.009 0.0000000000
106615  -49.836  33.515  6.631 0.0000000000
132377  -49.199  32.918  6.751 0.0000000000
129245  -49.245  32.191  6.745 0.0000000000
105011  -49.839  30.939  6.306 0.0000000000
105017  -50.393  30.391  5.808 0.0000000000
104435  -51.447  29.128  4.620 0.0000000000
141493  -52.862  34.094  6.606 0.0000000000
144842  -52.993  33.525  6.253 0.0000000000
105581  -53.815  31.648  4.509 0.0000000000
105018  -53.379  31.062  4.832 0.0000000000
105574  -52.946  31.583  5.415 0.0000000000
104442  -52.619  29.664  4.277 0.0000000000
103867  -52.274  28.852  3.986 0.0000000000
102602  -52.332  27.511  3.316 0.0000000000
103267  -52.900  27.122  2.699 0.0000000000
101856  -53.503  25.796  2.249 0.0000000000
102614  -53.867  26.932  1.513 0.0000000000
101857  -54.007  25.865  1.667 0.0000000000
140741  -54.420  24.880  1.761 0.0000000000
101114  -54.920  24.531  1.407 0.0000000000
100366  -55.721  23.101  0.412 0.0000000000
99631  -55.917  22.089  0.201 0.0000000000
98863  -55.056  21.540  -0.521 0.0000000000
98877  -54.994  21.928  -1.229 0.0000000000
100407  -53.696  22.976  -2.051 0.0000000000
99666  -52.376  22.792  -2.108 0.0000000000
101160  -53.029  24.411  -2.110 0.0000000000
100405  -52.294  23.708  -2.120 0.0000000000
137328  -51.607  22.789  -2.249 0.0000000000
100403  -50.672  23.268  -2.279 0.0000000000
100393  -49.696  23.677  -2.086 0.0000000000
100392  -48.671  23.787  -2.224 0.0000000000
103909  -52.455  28.285  -0.309 0.0000000000
103293  -52.334  27.365  -0.278 0.0000000000
137566  -51.222  26.081  -0.014 0.0000000000
102627  -50.827  26.432  0.432 0.0000000000
101887  -50.201  25.166  -0.572 0.0000000000
100215  -47.780  23.307  21.283 0.0000000000
100216  -48.569  23.397  21.400 0.0000000000
100227  -49.789  23.384  19.948 0.0000000000
99446  -50.213  23.126  19.133 0.0000000000
100245  -48.661  23.135  17.894 0.0000000000
122498  -48.307  23.102  17.079 0.0000000000
101002  -47.481  24.201  17.028 0.0000000000
100256  -47.822  23.459  16.696 0.0000000000
101023  -47.048  24.832  15.695 0.0000000000
121853  -47.076  25.722  15.057 0.0000000000
102517  -47.816  26.428  14.709 0.0000000000
133081  -47.487  42.110  15.100 0.0000000000
110622  -48.363  41.373  14.185 0.0000000000
110608  -47.803  41.397  14.698 0.0000000000
129169  -46.938  41.555  15.045 0.0000000000
110097  -46.796  39.831  14.281 0.0000000000
109652  -46.071  39.179  13.814 0.0000000000
109160  -45.446  38.535  13.430 0.0000000000
109169  -46.154  37.827  13.110 0.0000000000
108657  -46.714  37.087  12.123 0.0000000000
108154  -46.677  36.676  11.386 0.0000000000
109176  -47.034  37.782  11.461 0.0000000000
108671  -46.802  37.186  11.195 0.0000000000
107622  -46.516  36.071  10.878 0.0000000000
131660  -46.072  35.617  9.844 0.0000000000
107635  -45.559  35.087  9.213 0.0000000000
107642  -45.541  34.974  8.376 0.0000000000
124119  -43.208  41.052  10.842 0.0000000000
110113  -43.337  40.127  10.804 0.0000000000
130163  -43.584  39.194  10.587 0.0000000000
131370  -43.796  38.243  10.119 0.0000000000
108675  -42.632  37.658  9.254 0.0000000000
130039  -43.648  37.152  9.045 0.0000000000
108669  -44.451  37.364  9.691 0.0000000000
107641  -45.260  35.638  7.945 0.0000000000
107648  -45.671  35.223  7.592 0.0000000000
107657  -46.709  35.461  6.491 0.0000000000
138180  -47.613  35.428  6.308 0.0000000000
108691  -45.942  37.097  6.218 0.0000000000
108183  -47.240  36.216  6.141 0.0000000000
108184  -48.841  36.360  6.297 0.0000000000
108185  -50.053  36.517  6.714 0.0000000000
108186  -51.150  36.854  7.629 0.0000000000
109689  -45.329  39.761  6.292 0.0000000000
109690  -46.313  39.735  6.200 0.0000000000
109691  -47.242  39.586  6.270 0.0000000000
128279  -48.035  40.287  6.601 0.0000000000
109214  -49.023  39.018  6.850 0.0000000000
109215  -49.971  38.692  7.369 0.0000000000
108684  -51.327  37.566  8.015 0.0000000000
108175  -51.745  37.027  8.009 0.0000000000
108686  -52.239  37.384  7.809 0.0000000000
136579  -52.582  37.320  7.246 0.0000000000
108697  -52.560  37.817  6.346 0.0000000000
109696  -51.800  39.382  7.080 0.0000000000
109217  -52.258  38.780  6.434 0.0000000000
135112  -52.522  37.544  4.996 0.0000000000
108704  -52.186  37.642  3.751 0.0000000000
108716  -51.839  37.536  3.095 0.0000000000
110161  -51.470  40.584  3.933 0.0000000000
138113  -51.186  40.855  3.659 0.0000000000
112294  -49.351  44.803  5.149 0.0000000000
112308  -49.826  45.386  4.379 0.0000000000
112309  -50.654  45.262  4.047 0.0000000000
103147  -44.112  27.682  18.508 0.0000000000
104343  -45.074  29.114  16.499 0.0000000000
103763  -45.181  28.752  17.419 0.0000000000
103734  -44.822  28.153  19.078 0.0000000000
137420  -45.600  28.570  19.347 0.0000000000
103735  -46.276  28.924  19.767 0.0000000000
103133  -47.738  28.428  20.184 0.0000000000
105480  -46.793  31.828  16.336 0.0000000000
139737  -47.085  30.636  16.044 0.0000000000
104918  -48.115  30.103  16.586 0.0000000000
124426  -48.977  30.237  16.615 0.0000000000
104347  -48.542  29.907  18.070 0.0000000000
131198  -48.561  29.725  19.686 0.0000000000
103730  -48.612  28.997  20.378 0.0000000000
103139  -48.511  28.176  19.850 0.0000000000
142880  -48.197  27.514  18.947 0.0000000000
102493  -48.274  27.217  17.835 0.0000000000
103158  -48.903  27.520  17.328 0.0000000000
143812  -50.108  28.014  17.426 0.0000000000
135867  -49.642  27.754  16.902 0.0000000000
103173  -48.908  27.364  16.212 0.0000000000
103184  -48.995  27.207  15.396 0.0000000000
102518  -48.656  26.843  14.786 0.0000000000
138430  -48.397  26.588  14.193 0.0000000000
107062  -45.095  35.026  15.614 0.0000000000
107063  -46.273  34.998  15.484 0.0000000000
107064  -47.421  35.222  15.480 0.0000000000
106596  -46.385  33.286  8.092 0.0000000000
134754  -46.201  31.953  8.063 0.0000000000
105554  -47.142  31.167  7.475 0.0000000000
105553  -46.381  31.115  7.820 0.0000000000
105546  -45.622  31.096  8.237 0.0000000000
104993  -45.233  30.301  8.747 0.0000000000
104395  -45.090  29.810  9.380 0.0000000000
104378  -45.516  29.388  9.971 0.0000000000
103249  -50.040  28.004  5.526 0.0000000000
103240  -49.518  27.774  6.323 0.0000000000
103230  -48.743  28.027  7.509 0.0000000000
103221  -49.945  27.598  8.114 0.0000000000
103220  -49.106  27.844  8.116 0.0000000000
103829  -47.779  28.443  8.757 0.0000000000
103813  -47.612  28.516  9.423 0.0000000000
104379  -46.475  29.062  10.344 0.0000000000
104370  -45.902  29.509  10.945 0.0000000000
104963  -46.427  30.019  11.725 0.0000000000
104953  -46.933  30.689  12.284 0.0000000000
105511  -47.470  31.488  12.764 0.0000000000
104955  -48.752  31.050  11.918 0.0000000000
105512  -48.388  31.553  12.483 0.0000000000
106031  -47.645  32.277  13.234 0.0000000000
106568  -47.691  33.487  13.894 0.0000000000
107075  -47.924  34.765  14.877 0.0000000000
107076  -49.210  35.073  15.079 0.0000000000
106557  -50.491  34.432  14.466 0.0000000000
106558  -51.244  34.167  14.590 0.0000000000
106044  -51.577  33.248  12.624 0.0000000000
106034  -52.040  33.512  13.229 0.0000000000
106559  -51.832  33.756  14.439 0.0000000000
106024  -52.754  32.782  14.322 0.0000000000
105497  -53.129  31.802  14.666 0.0000000000
104944  -53.648  30.029  15.306 0.0000000000
103805  -54.103  28.993  10.003 0.0000000000
104387  -54.260  29.218  10.699 0.0000000000
104375  -54.294  29.290  11.580 0.0000000000
103204  -54.766  27.458  11.063 0.0000000000
103799  -54.576  28.283  11.500 0.0000000000
104368  -54.284  29.241  12.523 0.0000000000
104948  -53.963  29.692  13.735 0.0000000000
104363  -54.231  29.052  14.365 0.0000000000
144282  -53.869  28.758  15.523 0.0000000000
103791  -53.743  28.256  15.301 0.0000000000
103188  -53.183  27.798  15.243 0.0000000000
125220  -52.732  27.578  14.719 0.0000000000
102534  -53.087  26.598  12.721 0.0000000000
102525  -52.548  27.018  13.345 0.0000000000
103192  -51.015  27.328  14.027 0.0000000000
102524  -50.424  26.853  13.321 0.0000000000
102523  -49.488  26.658  13.413 0.0000000000
102529  -48.106  26.110  13.068 0.0000000000
101775  -48.413  25.829  12.296 0.0000000000
101779  -47.808  25.314  11.890 0.0000000000
101033  -48.010  24.792  11.283 0.0000000000
101036  -49.919  24.448  10.349 0.0000000000
137439  -49.034  24.403  10.376 0.0000000000
101035  -48.212  24.243  10.653 0.0000000000
100275  -47.676  23.507  10.349 0.0000000000
99508  -47.551  22.453  9.340 0.0000000000
99539  -51.911  22.410  7.439 0.0000000000
99538  -50.846  22.410  7.308 0.0000000000
98775  -50.608  22.269  5.205 0.0000000000
98742  -50.109  22.367  6.800 0.0000000000
99537  -49.915  22.466  7.516 0.0000000000
99536  -49.237  22.464  7.697 0.0000000000
98730  -48.130  22.337  8.076 0.0000000000
98729  -47.299  22.223  8.286 0.0000000000
98738  -46.468  22.050  8.014 0.0000000000
121478  -45.802  21.857  7.686 0.0000000000
128142  -47.040  22.518  5.729 0.0000000000
99552  -45.829  22.241  6.348 0.0000000000
98117  -53.854  21.230  -0.650 0.0000000000
138193  -52.890  20.386  -0.693 0.0000000000
98096  -52.381  20.218  -0.491 0.0000000000
98873  -51.559  21.083  -1.869 0.0000000000
98095  -51.318  20.494  -1.477 0.0000000000
120777  -50.987  20.242  -0.679 0.0000000000
98076  -50.403  20.432  -0.243 0.0000000000
98075  -49.866  20.885  -0.125 0.0000000000
98850  -49.127  21.283  0.124 0.0000000000
99661  -47.082  22.608  -3.574 0.0000000000
98144  -46.557  19.760  -4.852 0.0000000000
98137  -46.734  19.776  -4.584 0.0000000000
98126  -47.835  20.480  -3.312 0.0000000000
98111  -48.220  20.793  -2.356 0.0000000000
98861  -47.841  21.515  -0.488 0.0000000000
98849  -48.332  21.737  0.262 0.0000000000
129084  -47.191  22.379  0.990 0.0000000000
99617  -46.573  22.489  1.464 0.0000000000
130562  -45.913  22.594  1.924 0.0000000000
98848  -45.142  21.733  -0.187 0.0000000000
99626  -44.640  22.202  1.065 0.0000000000
99604  -44.508  22.517  2.429 0.0000000000
97422  -42.253  18.953  -3.347 0.0000000000
97424  -44.123  19.038  -4.082 0.0000000000
97425  -45.119  19.330  -4.330 0.0000000000
97435  -46.136  19.536  -4.754 0.0000000000
97439  -44.862  19.393  -4.889 0.0000000000
97440  -45.770  19.534  -4.885 0.0000000000
98051  -54.936  20.713  1.883 0.0000000000
98052  -55.802  20.644  1.634 0.0000000000
98062  -51.715  20.594  0.695 0.0000000000
98063  -52.594  20.652  1.209 0.0000000000
98066  -55.939  20.547  0.995 0.0000000000
98077  -51.681  20.223  -0.119 0.0000000000
98081  -55.806  20.835  0.575 0.0000000000
98094  -50.449  20.292  -0.781 0.0000000000
98097  -53.562  20.706  -0.268 0.0000000000
98098  -54.444  21.077  0.132 0.0000000000
98099  -55.174  21.215  0.206 0.0000000000
98110  -45.285  20.454  -2.529 0.0000000000
98113  -49.743  20.651  -1.691 0.0000000000
98116  -53.131  20.721  -1.107 0.0000000000
98125  -46.916  19.954  -3.792 0.0000000000
98130  -50.751  20.967  -2.305 0.0000000000
98135  -43.484  19.496  -4.708 0.0000000000
98139  -48.171  20.753  -3.423 0.0000000000
98140  -48.980  21.094  -2.952 0.0000000000
98145  -47.151  20.095  -4.633 0.0000000000
98743  -51.543  22.191  6.657 0.0000000000
98744  -52.482  22.009  6.837 0.0000000000
98746  -54.645  21.773  7.160 0.0000000000
98754  -46.385  22.155  7.146 0.0000000000
98756  -48.685  22.408  6.790 0.0000000000
98757  -49.546  22.371  6.352 0.0000000000
98758  -50.336  22.333  6.031 0.0000000000
98761  -54.150  21.463  6.436 0.0000000000
98763  -55.679  21.639  6.289 0.0000000000
98776  -51.411  22.030  4.897 0.0000000000
98795  -55.564  21.564  4.221 0.0000000000
98805  -52.991  21.198  3.096 0.0000000000
98806  -53.875  20.887  2.980 0.0000000000
98820  -55.807  20.992  2.142 0.0000000000
98832  -43.716  21.844  0.948 0.0000000000
98846  -43.179  21.329  0.453 0.0000000000
98852  -55.681  21.362  0.119 0.0000000000
98862  -54.562  21.349  -0.369 0.0000000000
98871  -46.678  20.971  -1.962 0.0000000000
98872  -48.460  21.056  -1.294 0.0000000000
98887  -50.507  21.623  -2.708 0.0000000000
98890  -53.583  22.152  -1.789 0.0000000000
98896  -43.599  20.271  -4.883 0.0000000000
98898  -46.452  21.071  -4.971 0.0000000000
98899  -47.236  20.780  -4.675 0.0000000000
98902  -49.405  21.382  -2.883 0.0000000000
98908  -46.079  20.252  -5.119 0.0000000000
99500  -47.206  22.755  10.052 0.0000000000
99519  -48.744  22.498  8.254 0.0000000000
99520  -49.611  22.602  8.157 0.0000000000
99521  -50.438  22.648  8.057 0.0000000000
99522  -51.385  22.744  8.120 0.0000000000
99523  -52.413  22.759  8.146 0.0000000000
99524  -53.500  22.735  8.348 0.0000000000
99525  -54.721  22.764  8.540 0.0000000000
99526  -55.475  22.871  8.278 0.0000000000
99527  -55.785  23.011  7.788 0.0000000000
99543  -55.725  22.472  7.456 0.0000000000
99555  -48.231  22.494  6.097 0.0000000000
99557  -55.930  22.182  6.676 0.0000000000
99567  -46.299  22.473  5.616 0.0000000000
99568  -47.702  22.561  5.470 0.0000000000
99571  -55.978  22.016  5.888 0.0000000000
99572  -56.012  22.432  5.461 0.0000000000
99578  -44.891  22.520  4.675 0.0000000000
99595  -55.694  21.830  3.665 0.0000000000
99608  -48.709  22.410  2.609 0.0000000000
99609  -49.609  22.234  2.468 0.0000000000
99616  -45.681  22.373  1.219 0.0000000000
99629  -47.458  22.060  0.305 0.0000000000
99630  -48.003  22.282  0.988 0.0000000000
99640  -45.965  21.848  -0.247 0.0000000000
99642  -55.415  22.046  -0.553 0.0000000000
99651  -54.375  22.410  -1.654 0.0000000000
99664  -49.605  22.293  -2.987 0.0000000000
99665  -50.388  22.325  -2.782 0.0000000000
99667  -53.051  22.677  -2.033 0.0000000000
100273  -47.202  24.151  11.131 0.0000000000
100284  -48.090  23.015  9.653 0.0000000000
100298  -50.827  22.963  8.530 0.0000000000
100303  -55.395  23.352  8.893 0.0000000000
100311  -55.853  23.224  7.337 0.0000000000
100317  -55.998  23.071  6.692 0.0000000000
100324  -55.606  23.342  5.101 0.0000000000
100325  -55.962  23.081  5.591 0.0000000000
100326  -56.087  22.898  6.047 0.0000000000
100350  -55.220  23.062  2.503 0.0000000000
100358  -55.719  23.068  1.153 0.0000000000
100379  -55.144  23.786  -1.131 0.0000000000
100395  -55.072  22.723  -1.214 0.0000000000
100401  -48.288  23.199  -2.782 0.0000000000
100404  -51.533  23.398  -2.133 0.0000000000
100406  -52.983  23.458  -2.120 0.0000000000
101012  -47.333  24.009  16.219 0.0000000000
101030  -47.059  25.091  12.237 0.0000000000
101041  -54.870  24.531  10.615 0.0000000000
101050  -50.388  23.919  9.776 0.0000000000
101053  -53.729  24.026  10.089 0.0000000000
101054  -54.579  24.042  10.233 0.0000000000
101062  -55.579  24.011  8.844 0.0000000000
101067  -55.650  24.414  7.517 0.0000000000
101075  -55.597  24.145  6.732 0.0000000000
101082  -53.065  24.326  4.895 0.0000000000
101083  -53.999  24.088  5.131 0.0000000000
101085  -55.597  23.722  5.935 0.0000000000
101130  -55.322  24.069  0.735 0.0000000000
101153  -52.168  24.716  -1.730 0.0000000000
101154  -53.659  24.978  -2.135 0.0000000000
101158  -51.470  24.032  -1.895 0.0000000000
101756  -47.454  25.831  16.701 0.0000000000
101770  -46.865  25.303  13.736 0.0000000000
101774  -47.569  25.622  12.618 0.0000000000
101776  -54.234  26.108  12.204 0.0000000000
101777  -54.553  25.946  11.894 0.0000000000
101780  -48.774  25.391  11.474 0.0000000000
101784  -53.046  25.608  11.525 0.0000000000
101787  -55.134  25.210  10.928 0.0000000000
101789  -48.698  24.801  10.896 0.0000000000
101791  -50.370  25.028  10.882 0.0000000000
101795  -54.528  25.018  11.094 0.0000000000
101803  -55.667  25.276  9.688 0.0000000000
101813  -53.248  25.737  6.972 0.0000000000
101822  -52.769  25.184  6.257 0.0000000000
101831  -51.757  25.371  5.096 0.0000000000
101846  -52.632  25.141  3.582 0.0000000000
101847  -53.208  24.911  2.957 0.0000000000
101869  -54.669  25.493  1.245 0.0000000000
101882  -54.994  25.862  0.466 0.0000000000
101888  -51.107  25.595  -0.536 0.0000000000
101889  -51.890  25.710  -0.825 0.0000000000
101890  -54.952  25.971  -0.763 0.0000000000
101894  -52.838  25.495  -1.625 0.0000000000
101899  -53.124  25.309  -2.042 0.0000000000
102521  -47.885  26.267  13.841 0.0000000000
102522  -48.639  26.482  13.557 0.0000000000
102527  -53.979  26.991  13.151 0.0000000000
102532  -50.871  26.570  12.600 0.0000000000
102535  -53.922  26.538  12.715 0.0000000000
102546  -55.409  25.994  10.605 0.0000000000
102554  -55.557  26.088  9.765 0.0000000000
102563  -55.150  26.670  8.472 0.0000000000
102564  -55.617  26.040  8.998 0.0000000000
102572  -53.766  26.356  7.653 0.0000000000
102573  -54.755  26.298  7.828 0.0000000000
102578  -50.505  26.598  6.000 0.0000000000
102595  -51.700  26.645  3.891 0.0000000000
102626  -50.038  26.518  0.799 0.0000000000
102633  -54.379  26.779  -0.894 0.0000000000
102636  -52.619  26.008  -1.020 0.0000000000
103160  -50.549  28.043  16.921 0.0000000000
103177  -52.983  27.992  15.908 0.0000000000
103178  -53.360  28.123  15.650 0.0000000000
103190  -54.061  27.986  14.534 0.0000000000
103193  -52.077  27.372  13.999 0.0000000000
103194  -53.394  27.522  14.431 0.0000000000
103195  -53.820  27.477  14.034 0.0000000000
103202  -54.835  26.661  11.523 0.0000000000
103205  -55.098  26.713  10.817 0.0000000000
103222  -50.880  27.494  8.205 0.0000000000
103232  -50.341  27.115  7.547 0.0000000000
103239  -49.010  27.973  6.877 0.0000000000
103250  -50.394  27.339  5.281 0.0000000000
103276  -53.685  27.688  1.799 0.0000000000
103294  -53.081  27.703  -0.686 0.0000000000
103295  -53.405  27.645  -0.764 0.0000000000
103729  -46.775  28.605  20.048 0.0000000000
103745  -44.567  28.250  18.156 0.0000000000
103747  -46.040  28.983  19.099 0.0000000000
103749  -50.941  28.834  18.437 0.0000000000
103750  -51.682  28.986  17.983 0.0000000000
103751  -52.373  29.023  17.418 0.0000000000
103764  -50.504  28.370  17.956 0.0000000000
103767  -52.720  28.706  16.891 0.0000000000
103768  -53.074  28.734  16.680 0.0000000000
103784  -53.969  29.184  15.168 0.0000000000
103801  -47.095  28.708  9.843 0.0000000000
103815  -49.259  28.442  9.362 0.0000000000
103819  -53.865  28.562  9.499 0.0000000000
103820  -54.351  28.146  9.668 0.0000000000
103830  -48.349  28.204  8.241 0.0000000000
103841  -48.157  28.497  7.601 0.0000000000
103856  -49.673  28.625  5.816 0.0000000000
103865  -50.702  28.181  4.864 0.0000000000
103874  -52.014  28.154  3.672 0.0000000000
103885  -53.445  28.803  2.813 0.0000000000
103892  -53.785  28.266  1.577 0.0000000000
104312  -47.042  29.172  20.058 0.0000000000
104313  -47.742  29.143  20.369 0.0000000000
104320  -49.603  29.493  19.846 0.0000000000
104321  -50.934  29.482  18.601 0.0000000000
104328  -45.897  28.996  17.835 0.0000000000
104333  -51.979  29.336  17.770 0.0000000000
104334  -52.672  29.406  17.265 0.0000000000
104348  -49.441  30.042  17.788 0.0000000000
104349  -53.219  29.107  16.749 0.0000000000
104359  -44.897  29.655  16.000 0.0000000000
104365  -54.305  29.076  13.482 0.0000000000
104372  -47.837  29.598  11.177 0.0000000000
104374  -53.913  29.927  11.000 0.0000000000
104377  -44.707  29.948  9.929 0.0000000000
104380  -47.404  29.016  10.557 0.0000000000
104383  -51.032  29.758  10.143 0.0000000000
104385  -53.176  29.877  10.226 0.0000000000
104386  -53.811  29.665  10.386 0.0000000000
104397  -50.779  29.078  9.615 0.0000000000
104399  -52.700  29.337  9.695 0.0000000000
104407  -45.674  29.488  9.032 0.0000000000
104409  -47.221  28.781  8.336 0.0000000000
104416  -47.590  28.942  7.708 0.0000000000
104434  -50.946  29.788  5.289 0.0000000000
104443  -53.342  30.004  4.030 0.0000000000
104449  -53.572  30.153  3.720 0.0000000000
104459  -50.612  29.456  0.899 0.0000000000
104461  -53.624  29.656  1.603 0.0000000000
104471  -53.065  29.948  0.239 0.0000000000
104472  -53.451  29.828  0.850 0.0000000000
104919  -49.930  30.314  16.644 0.0000000000
104922  -52.584  30.092  16.930 0.0000000000
104935  -46.379  30.165  16.036 0.0000000000
104937  -48.631  30.621  15.836 0.0000000000
104939  -51.176  30.737  16.093 0.0000000000
104940  -52.095  30.720  16.139 0.0000000000
104945  -53.821  29.877  14.447 0.0000000000
104952  -45.982  30.639  12.264 0.0000000000
104957  -53.954  29.952  12.882 0.0000000000
104962  -45.477  30.116  11.582 0.0000000000
104965  -48.274  30.296  11.635 0.0000000000
104967  -51.344  31.178  11.082 0.0000000000
104971  -53.894  30.022  11.877 0.0000000000
104975  -45.022  29.848  10.713 0.0000000000
105001  -46.683  30.325  7.732 0.0000000000
105002  -47.354  30.330  7.379 0.0000000000
105019  -53.738  31.183  4.542 0.0000000000
105028  -53.940  31.116  3.960 0.0000000000
105034  -53.781  30.601  3.722 0.0000000000
105044  -50.396  30.276  1.113 0.0000000000
105047  -53.679  31.084  1.379 0.0000000000
105478  -44.918  31.636  16.399 0.0000000000
105486  -44.318  30.943  16.121 0.0000000000
105488  -45.887  30.816  15.994 0.0000000000
105491  -50.347  31.798  15.814 0.0000000000
105495  -53.229  30.859  15.376 0.0000000000
105504  -46.859  32.007  13.241 0.0000000000
105510  -46.469  31.304  12.779 0.0000000000
105524  -51.837  31.965  11.555 0.0000000000
105525  -52.701  31.638  11.563 0.0000000000
105526  -53.252  31.263  11.664 0.0000000000
105545  -45.469  32.018  8.365 0.0000000000
105555  -47.909  31.088  7.196 0.0000000000
105563  -49.229  31.377  6.678 0.0000000000
105565  -51.516  32.150  6.151 0.0000000000
105575  -53.577  31.663  5.034 0.0000000000
105599  -53.996  31.211  2.639 0.0000000000
105612  -53.784  31.617  1.509 0.0000000000
105627  -52.276  31.351  0.509 0.0000000000
106020  -44.278  33.032  13.985 0.0000000000
106021  -45.196  33.011  13.979 0.0000000000
106023  -52.212  33.170  14.776 0.0000000000
106027  -43.764  32.396  13.336 0.0000000000
106036  -53.227  32.349  13.709 0.0000000000
106040  -48.132  32.038  12.889 0.0000000000
106041  -48.849  32.301  12.749 0.0000000000
106043  -50.721  33.042  12.516 0.0000000000
106046  -53.064  32.550  12.765 0.0000000000
106078  -46.652  32.641  7.904 0.0000000000
106111  -53.821  32.175  4.313 0.0000000000
106141  -53.999  32.201  2.581 0.0000000000
106155  -51.399  32.316  1.018 0.0000000000
106158  -53.755  32.410  1.706 0.0000000000
106556  -49.496  34.475  14.328 0.0000000000
106560  -52.276  33.502  13.995 0.0000000000
106572  -51.607  33.837  13.761 0.0000000000
106577  -51.154  33.657  13.100 0.0000000000
106613  -48.246  33.536  6.829 0.0000000000
106614  -49.000  33.536  6.700 0.0000000000
106618  -52.488  33.514  6.483 0.0000000000
106619  -53.253  33.860  6.179 0.0000000000
106643  -53.643  32.989  4.442 0.0000000000
107056  -50.449  34.823  16.315 0.0000000000
107066  -50.160  35.177  15.853 0.0000000000
107077  -50.245  34.915  15.056 0.0000000000
107078  -50.806  34.604  15.066 0.0000000000
107100  -45.659  35.024  9.922 0.0000000000
107126  -51.570  34.489  6.873 0.0000000000
107127  -52.595  34.716  6.993 0.0000000000
107594  -49.077  35.873  17.523 0.0000000000
107652  -52.916  35.972  7.075 0.0000000000
107659  -49.249  34.943  6.502 0.0000000000
107684  -53.031  35.302  4.483 0.0000000000
107699  -52.425  36.097  2.914 0.0000000000
107700  -52.732  35.404  3.440 0.0000000000
107712  -52.480  35.453  2.232 0.0000000000
107721  -52.378  35.142  1.766 0.0000000000
108159  -46.244  36.128  11.397 0.0000000000
108170  -45.382  35.452  8.574 0.0000000000
108174  -44.741  36.204  7.587 0.0000000000
108176  -52.120  36.849  7.848 0.0000000000
108191  -53.149  35.926  6.145 0.0000000000
108223  -51.945  36.362  1.991 0.0000000000
108232  -52.171  35.784  1.850 0.0000000000
108658  -47.186  37.640  12.367 0.0000000000
108664  -47.244  37.911  12.030 0.0000000000
108668  -43.344  37.653  9.580 0.0000000000
108682  -42.707  37.499  7.951 0.0000000000
108685  -51.846  37.490  8.088 0.0000000000
108695  -52.392  38.038  7.374 0.0000000000
109162  -47.535  38.433  13.255 0.0000000000
109175  -46.867  38.217  11.265 0.0000000000
109210  -42.990  39.145  6.888 0.0000000000
109211  -43.229  38.312  6.952 0.0000000000
109659  -47.331  38.447  11.895 0.0000000000
109680  -41.803  38.720  7.423 0.0000000000
109681  -51.073  39.576  7.895 0.0000000000
109694  -50.672  39.192  7.804 0.0000000000
109699  -52.120  39.358  5.235 0.0000000000
109707  -51.467  39.236  3.378 0.0000000000
110098  -47.908  39.666  14.054 0.0000000000
110103  -48.411  40.554  13.522 0.0000000000
110143  -51.640  40.987  6.033 0.0000000000
110150  -51.765  40.819  4.872 0.0000000000
110627  -48.240  40.884  12.671 0.0000000000
110663  -46.830  41.893  6.215 0.0000000000
110667  -50.919  41.935  6.892 0.0000000000
111179  -46.607  42.555  15.191 0.0000000000
111198  -48.601  42.275  13.990 0.0000000000
111250  -51.145  42.501  6.426 0.0000000000
111259  -48.394  43.453  5.978 0.0000000000
111731  -48.651  44.123  13.356 0.0000000000
111784  -51.154  43.883  5.225 0.0000000000
112295  -50.232  44.746  4.957 0.0000000000
112296  -50.920  44.500  4.739 0.0000000000
112322  -51.130  44.667  3.928 0.0000000000
112780  -49.376  45.860  3.746 0.0000000000
121301  -52.325  21.365  2.652 0.0000000000
121564  -53.298  20.453  0.843 0.0000000000
121904  -50.302  21.849  1.873 0.0000000000
123399  -54.521  21.029  5.024 0.0000000000
123835  -55.451  21.301  5.044 0.0000000000
123840  -54.831  27.539  10.133 0.0000000000
124108  -46.920  22.584  4.894 0.0000000000
124528  -48.790  28.114  8.782 0.0000000000
124641  -44.470  22.568  3.954 0.0000000000
126115  -47.453  34.009  14.373 0.0000000000
126323  -49.054  30.533  11.494 0.0000000000
126488  -50.150  29.803  10.515 0.0000000000
126892  -47.185  32.735  13.618 0.0000000000
126963  -42.585  39.495  10.536 0.0000000000
127015  -48.606  21.270  -0.430 0.0000000000
127227  -42.070  38.002  7.844 0.0000000000
128229  -48.130  39.311  6.498 0.0000000000
128230  -47.393  38.711  6.144 0.0000000000
128350  -45.025  22.511  1.839 0.0000000000
128981  -53.623  29.322  16.027 0.0000000000
129016  -47.569  37.829  6.052 0.0000000000
129148  -47.595  29.629  7.394 0.0000000000
130044  -44.334  20.779  -5.033 0.0000000000
130152  -53.393  29.698  3.628 0.0000000000
130888  -52.538  30.890  5.168 0.0000000000
131117  -46.373  22.587  4.155 0.0000000000
131902  -44.123  30.552  9.787 0.0000000000
132327  -48.254  41.742  12.683 0.0000000000
132515  -51.746  20.202  -0.859 0.0000000000
133044  -47.216  22.257  7.498 0.0000000000
133213  -48.722  43.148  13.691 0.0000000000
133455  -50.504  34.208  6.703 0.0000000000
133514  -53.553  29.378  2.701 0.0000000000
134064  -53.478  33.796  4.977 0.0000000000
134116  -44.100  41.948  11.155 0.0000000000
134130  -45.374  34.073  9.084 0.0000000000
134144  -48.582  29.436  20.243 0.0000000000
134157  -55.171  24.133  10.118 0.0000000000
135019  -52.314  21.152  1.847 0.0000000000
135396  -47.900  32.931  13.527 0.0000000000
135508  -55.682  24.510  8.246 0.0000000000
135565  -46.392  36.047  10.354 0.0000000000
135579  -45.639  44.110  11.442 0.0000000000
136245  -51.904  32.691  12.105 0.0000000000
136464  -54.528  27.748  12.577 0.0000000000
137903  -49.166  26.675  1.110 0.0000000000
138224  -49.147  29.410  20.349 0.0000000000
138301  -51.009  22.128  -2.535 0.0000000000
139205  -52.795  32.916  6.102 0.0000000000
140066  -54.482  28.590  12.267 0.0000000000
140875  -51.597  33.632  13.175 0.0000000000
141081  -44.145  19.339  -4.806 0.0000000000
141095  -51.453  30.689  5.463 0.0000000000
141172  -52.798  21.286  4.272 0.0000000000
141213  -52.780  27.785  -0.533 0.0000000000
141329  -46.675  37.509  12.652 0.0000000000
141350  -53.547  28.221  9.022 0.0000000000
142309  -54.834  20.843  3.099 0.0000000000
142727  -50.940  34.726  6.815 0.0000000000
142818  -46.951  41.105  11.765 0.0000000000
143608  -50.030  27.310  5.954 0.0000000000
143682  -46.494  29.751  8.059 0.0000000000
143756  -52.671  27.389  8.347 0.0000000000
143877  -54.123  27.766  0.194 0.0000000000
144189  -52.091  28.172  16.007 0.0000000000
144218  -53.317  26.754  2.267 0.0000000000
144333  -50.601  39.909  7.668 0.0000000000
144530  -55.240  23.039  8.809 0.0000000000
144800  -46.417  22.925  11.341 0.0000000000
145156  -48.295  28.252  8.785 0.0000000000
145234  -48.022  36.104  6.171 0.0000000000
145388  -43.818  41.380  11.027 0.0000000000
