#!ascii label  , from subject sub-v1s0x0050642_ses-1 vox2ras=TkReg
1702
44280  -48.345  -39.054  31.327 0.0000000000
36115  -33.012  -46.684  43.311 0.0000000000
55543  -48.391  -28.146  21.772 0.0000000000
49410  -40.185  -34.363  22.620 0.0000000000
50397  -50.896  -33.457  25.443 0.0000000000
38298  -42.121  -45.429  37.555 0.0000000000
121977  -31.090  -42.204  32.852 0.0000000000
44303  -35.408  -39.593  26.113 0.0000000000
122154  -25.340  -41.793  42.868 0.0000000000
64682  -57.711  -19.639  22.804 0.0000000000
129608  -27.473  -47.434  34.458 0.0000000000
46314  -44.901  -36.934  26.758 0.0000000000
51410  -45.150  -32.492  25.029 0.0000000000
49323  -49.149  -34.495  29.957 0.0000000000
41404  -45.907  -42.792  34.595 0.0000000000
40462  -39.361  -43.328  30.782 0.0000000000
44286  -41.400  -39.066  29.653 0.0000000000
47359  -37.044  -35.835  26.097 0.0000000000
123006  -58.292  -16.298  19.397 0.0000000000
38180  -27.878  -45.586  44.228 0.0000000000
124548  -25.297  -45.400  37.975 0.0000000000
38230  -27.647  -45.671  40.081 0.0000000000
135484  -51.425  -30.926  21.584 0.0000000000
37183  -37.907  -46.481  41.024 0.0000000000
39378  -32.674  -44.029  37.886 0.0000000000
39420  -36.143  -43.811  34.922 0.0000000000
41486  -33.324  -41.869  29.004 0.0000000000
41297  -20.836  -42.499  43.025 0.0000000000
53399  -56.836  -29.637  27.341 0.0000000000
57789  -53.857  -26.061  23.815 0.0000000000
62705  -55.319  -20.606  28.136 0.0000000000
61787  -51.448  -22.249  22.595 0.0000000000
64737  -52.385  -19.713  17.742 0.0000000000
42339  -23.288  -41.647  36.601 0.0000000000
39406  -28.729  -44.503  34.815 0.0000000000
45210  -46.279  -37.768  28.851 0.0000000000
47332  -46.907  -36.587  28.291 0.0000000000
46282  -48.969  -37.389  29.850 0.0000000000
42368  -47.146  -40.832  33.624 0.0000000000
42377  -43.235  -40.813  32.004 0.0000000000
44276  -44.292  -38.763  31.148 0.0000000000
46289  -43.092  -37.118  28.511 0.0000000000
56686  -49.292  -27.556  19.766 0.0000000000
58878  -48.370  -25.477  20.029 0.0000000000
37099  -30.083  -46.199  44.446 0.0000000000
36143  -27.754  -46.402  41.602 0.0000000000
129204  -30.633  -46.328  41.842 0.0000000000
51453  -41.112  -32.417  21.832 0.0000000000
135102  -47.975  -32.326  25.198 0.0000000000
51426  -46.770  -31.760  23.071 0.0000000000
50423  -49.035  -32.997  22.890 0.0000000000
51470  -49.549  -32.481  20.414 0.0000000000
50445  -51.570  -32.784  22.850 0.0000000000
37204  -40.036  -46.040  39.491 0.0000000000
38275  -37.377  -45.489  38.290 0.0000000000
135932  -39.513  -45.102  36.082 0.0000000000
42409  -37.547  -41.837  28.231 0.0000000000
41473  -36.039  -42.740  29.582 0.0000000000
42445  -34.305  -41.252  26.946 0.0000000000
49372  -38.433  -34.719  24.512 0.0000000000
56639  -56.116  -27.865  25.141 0.0000000000
62758  -53.631  -21.437  24.657 0.0000000000
63731  -54.077  -21.060  22.194 0.0000000000
62808  -52.520  -21.304  20.463 0.0000000000
64710  -54.652  -19.750  20.401 0.0000000000
68483  -55.695  -15.468  17.038 0.0000000000
138625  -23.063  -41.790  42.531 0.0000000000
41336  -22.566  -41.970  39.987 0.0000000000
42287  -24.608  -41.829  39.943 0.0000000000
36200  -25.959  -46.814  35.597 0.0000000000
124728  -25.235  -45.987  34.160 0.0000000000
36243  -26.464  -47.426  32.585 0.0000000000
40385  -32.248  -43.135  35.547 0.0000000000
145574  -29.900  -43.340  37.005 0.0000000000
41400  -29.573  -42.846  34.377 0.0000000000
48380  -42.813  -35.453  24.869 0.0000000000
50421  -42.840  -33.846  23.449 0.0000000000
49356  -44.566  -34.835  25.630 0.0000000000
50379  -46.979  -32.990  27.234 0.0000000000
50364  -49.800  -32.882  27.877 0.0000000000
38313  -43.928  -44.225  36.523 0.0000000000
38351  -40.774  -44.484  34.047 0.0000000000
40432  -42.460  -43.447  33.127 0.0000000000
140089  -40.110  -41.510  29.652 0.0000000000
44290  -38.554  -39.364  27.905 0.0000000000
46308  -35.819  -37.586  26.345 0.0000000000
46298  -39.453  -37.422  27.334 0.0000000000
47360  -40.964  -35.925  26.209 0.0000000000
65636  -57.675  -18.149  20.829 0.0000000000
68451  -60.174  -16.052  20.875 0.0000000000
40272  -26.784  -43.696  43.756 0.0000000000
40320  -25.699  -43.393  40.631 0.0000000000
135768  -26.422  -45.594  41.405 0.0000000000
129717  -26.100  -46.643  38.428 0.0000000000
127641  -26.708  -46.230  37.185 0.0000000000
52401  -43.703  -31.313  23.042 0.0000000000
53469  -50.459  -30.659  19.061 0.0000000000
54486  -50.358  -29.935  21.305 0.0000000000
36132  -35.475  -46.742  42.306 0.0000000000
38236  -33.213  -46.140  40.560 0.0000000000
38255  -35.370  -45.913  39.497 0.0000000000
39393  -34.776  -43.998  36.766 0.0000000000
40407  -33.778  -42.972  33.536 0.0000000000
122780  -38.219  -43.943  32.830 0.0000000000
40427  -35.439  -43.108  31.621 0.0000000000
121289  -32.086  -42.065  31.607 0.0000000000
45154  -50.865  -37.804  33.519 0.0000000000
37103  -34.690  -46.044  44.153 0.0000000000
38207  -39.942  -45.372  41.898 0.0000000000
39333  -42.435  -44.772  40.519 0.0000000000
47306  -51.304  -35.850  32.870 0.0000000000
50311  -51.866  -33.809  31.312 0.0000000000
50352  -53.262  -33.278  28.401 0.0000000000
51358  -55.862  -31.486  29.745 0.0000000000
50385  -54.695  -32.463  26.540 0.0000000000
52406  -54.221  -31.127  24.397 0.0000000000
122855  -52.846  -29.127  23.661 0.0000000000
142066  -51.149  -27.162  23.666 0.0000000000
60792  -53.938  -24.112  26.136 0.0000000000
59788  -52.046  -24.207  24.303 0.0000000000
59819  -49.299  -24.430  22.568 0.0000000000
61805  -49.232  -22.641  19.712 0.0000000000
123772  -55.145  -17.081  18.892 0.0000000000
40318  -20.263  -42.745  40.104 0.0000000000
41409  -22.495  -42.420  33.251 0.0000000000
40367  -25.003  -43.414  36.836 0.0000000000
40404  -24.219  -43.151  33.222 0.0000000000
39346  -30.422  -44.125  39.268 0.0000000000
39376  -27.945  -44.114  37.169 0.0000000000
37237  -28.157  -46.537  35.416 0.0000000000
37250  -30.856  -46.893  34.591 0.0000000000
45191  -47.628  -38.465  30.234 0.0000000000
45202  -47.621  -38.058  29.474 0.0000000000
131297  -49.157  -38.378  30.924 0.0000000000
129318  -47.891  -39.826  32.479 0.0000000000
127123  -46.160  -39.844  32.018 0.0000000000
127487  -46.192  -39.248  31.385 0.0000000000
135647  -45.733  -38.013  29.592 0.0000000000
55554  -49.139  -28.717  20.436 0.0000000000
56677  -48.476  -27.555  20.640 0.0000000000
131567  -49.234  -26.679  19.728 0.0000000000
124591  -48.246  -26.911  20.678 0.0000000000
36114  -31.348  -46.495  43.826 0.0000000000
36128  -30.167  -46.643  42.988 0.0000000000
37136  -31.875  -46.630  42.610 0.0000000000
50459  -39.320  -33.695  21.429 0.0000000000
50461  -40.886  -33.281  21.985 0.0000000000
51401  -49.185  -32.920  25.779 0.0000000000
51413  -48.535  -32.646  24.543 0.0000000000
50411  -49.948  -33.233  24.347 0.0000000000
50443  -50.123  -33.021  22.543 0.0000000000
144034  -51.510  -33.283  24.011 0.0000000000
38279  -41.217  -45.769  38.386 0.0000000000
38295  -39.697  -45.627  37.392 0.0000000000
138331  -41.112  -45.642  37.205 0.0000000000
43368  -36.623  -40.794  27.098 0.0000000000
42428  -35.449  -41.618  27.449 0.0000000000
43383  -34.384  -40.789  26.270 0.0000000000
132784  -33.557  -40.616  26.233 0.0000000000
49392  -39.740  -34.569  23.284 0.0000000000
49408  -38.351  -34.122  22.901 0.0000000000
50437  -38.901  -34.036  21.968 0.0000000000
63701  -56.061  -20.894  24.407 0.0000000000
63733  -55.798  -20.463  22.508 0.0000000000
63749  -54.625  -20.589  21.638 0.0000000000
64694  -55.796  -19.840  21.362 0.0000000000
121157  -24.231  -41.597  42.788 0.0000000000
42261  -24.041  -41.583  41.003 0.0000000000
41320  -24.870  -41.672  41.347 0.0000000000
36201  -26.741  -47.132  34.907 0.0000000000
36233  -25.974  -47.101  34.053 0.0000000000
35241  -27.229  -47.693  33.721 0.0000000000
35259  -27.852  -48.158  33.200 0.0000000000
35260  -28.597  -48.503  33.609 0.0000000000
41402  -31.084  -42.586  34.284 0.0000000000
41392  -30.723  -42.743  35.045 0.0000000000
41411  -29.791  -42.671  33.762 0.0000000000
47363  -43.668  -36.023  25.740 0.0000000000
48382  -43.854  -35.613  25.367 0.0000000000
47364  -44.263  -36.076  26.008 0.0000000000
48358  -47.870  -35.397  29.009 0.0000000000
49336  -46.684  -34.735  28.206 0.0000000000
50346  -47.862  -33.722  28.655 0.0000000000
50363  -48.150  -33.129  28.188 0.0000000000
50335  -49.172  -33.586  29.523 0.0000000000
39415  -44.961  -43.791  35.529 0.0000000000
141732  -43.259  -44.209  34.555 0.0000000000
40412  -43.854  -43.378  33.684 0.0000000000
121105  -42.181  -39.688  30.705 0.0000000000
42385  -42.003  -41.001  31.035 0.0000000000
43354  -41.054  -39.981  29.854 0.0000000000
43359  -39.222  -40.333  28.679 0.0000000000
141421  -40.035  -39.051  28.722 0.0000000000
45216  -38.353  -38.485  27.544 0.0000000000
45208  -40.580  -38.453  28.690 0.0000000000
46302  -43.689  -37.089  27.683 0.0000000000
47337  -41.716  -36.529  27.418 0.0000000000
47350  -42.669  -36.272  26.797 0.0000000000
47361  -41.923  -35.739  25.768 0.0000000000
39286  -27.164  -44.333  44.282 0.0000000000
39311  -26.867  -44.948  42.655 0.0000000000
38204  -27.096  -45.661  42.571 0.0000000000
37174  -27.946  -46.166  40.940 0.0000000000
36162  -26.594  -46.269  40.077 0.0000000000
37197  -26.626  -46.276  39.160 0.0000000000
37225  -26.265  -46.583  37.523 0.0000000000
38270  -26.965  -45.749  38.515 0.0000000000
139170  -43.747  -33.629  24.287 0.0000000000
51439  -42.953  -32.153  22.912 0.0000000000
52402  -44.359  -31.603  23.728 0.0000000000
52429  -46.945  -31.804  21.941 0.0000000000
52427  -45.783  -30.950  21.859 0.0000000000
53444  -45.770  -30.781  21.032 0.0000000000
51471  -50.640  -31.736  20.700 0.0000000000
52454  -49.979  -31.546  19.021 0.0000000000
52456  -50.769  -30.962  20.299 0.0000000000
54498  -50.636  -30.492  20.136 0.0000000000
53445  -51.364  -30.773  21.523 0.0000000000
36150  -36.171  -46.670  41.892 0.0000000000
37181  -35.590  -46.661  40.860 0.0000000000
37200  -35.954  -46.363  40.043 0.0000000000
39383  -37.055  -44.536  36.983 0.0000000000
39382  -36.211  -44.402  37.222 0.0000000000
39408  -35.919  -43.866  35.791 0.0000000000
40387  -34.617  -43.494  35.352 0.0000000000
40397  -34.950  -43.444  34.596 0.0000000000
39463  -39.950  -44.039  32.657 0.0000000000
39441  -39.603  -44.230  33.118 0.0000000000
39474  -38.635  -43.723  31.734 0.0000000000
41472  -35.051  -42.595  29.497 0.0000000000
40445  -36.033  -43.290  30.931 0.0000000000
41460  -34.685  -42.617  30.157 0.0000000000
41446  -33.617  -42.438  31.258 0.0000000000
47346  -36.732  -36.544  26.468 0.0000000000
38219  -41.035  -45.373  40.955 0.0000000000
40346  -45.257  -43.437  38.475 0.0000000000
46238  -51.459  -36.722  33.533 0.0000000000
49288  -53.017  -34.250  32.985 0.0000000000
50313  -53.452  -33.404  31.869 0.0000000000
121288  -52.942  -33.326  30.404 0.0000000000
50329  -54.237  -32.700  30.458 0.0000000000
134389  -56.561  -30.808  28.388 0.0000000000
50355  -55.463  -32.228  27.619 0.0000000000
51390  -55.584  -32.020  26.765 0.0000000000
51415  -54.109  -31.978  25.051 0.0000000000
52396  -55.502  -31.030  25.746 0.0000000000
121881  -55.110  -26.498  24.267 0.0000000000
55537  -54.981  -28.221  24.072 0.0000000000
56657  -53.546  -27.720  23.768 0.0000000000
55534  -52.098  -28.386  23.696 0.0000000000
57812  -52.519  -26.688  23.743 0.0000000000
61739  -54.214  -22.285  27.244 0.0000000000
61775  -52.215  -21.990  23.762 0.0000000000
61763  -52.532  -22.459  24.679 0.0000000000
60826  -51.377  -23.148  23.732 0.0000000000
59802  -50.565  -24.760  23.529 0.0000000000
60836  -50.322  -23.324  22.618 0.0000000000
60848  -48.886  -23.598  21.155 0.0000000000
61795  -50.438  -22.381  21.183 0.0000000000
63776  -52.525  -20.295  18.677 0.0000000000
62817  -51.271  -21.308  19.021 0.0000000000
63783  -51.549  -20.875  17.667 0.0000000000
66558  -58.108  -16.901  20.028 0.0000000000
144872  -56.178  -18.065  19.998 0.0000000000
67470  -56.738  -16.690  19.428 0.0000000000
42316  -22.915  -41.651  38.495 0.0000000000
134147  -21.437  -42.203  38.801 0.0000000000
42338  -22.585  -41.681  36.562 0.0000000000
41396  -21.663  -42.420  34.573 0.0000000000
42347  -22.917  -41.727  35.009 0.0000000000
39331  -25.244  -44.399  39.628 0.0000000000
121585  -25.118  -43.557  38.506 0.0000000000
39374  -25.223  -44.329  37.248 0.0000000000
39435  -24.657  -44.091  33.834 0.0000000000
36270  -26.326  -47.379  29.121 0.0000000000
38271  -32.863  -44.842  39.195 0.0000000000
38252  -31.379  -44.836  39.872 0.0000000000
139522  -31.682  -44.160  38.827 0.0000000000
40381  -28.689  -43.546  35.976 0.0000000000
40355  -29.293  -43.437  37.286 0.0000000000
39391  -28.035  -44.123  36.241 0.0000000000
39390  -27.616  -44.875  36.599 0.0000000000
38320  -28.260  -45.779  35.497 0.0000000000
36204  -30.205  -47.652  34.959 0.0000000000
126331  -45.925  -37.409  28.132 0.0000000000
47340  -45.384  -36.755  26.982 0.0000000000
138877  -46.707  -37.429  28.407 0.0000000000
47327  -48.396  -36.988  29.260 0.0000000000
134988  -49.476  -36.157  30.161 0.0000000000
41419  -46.397  -42.042  34.229 0.0000000000
41434  -44.548  -42.093  33.201 0.0000000000
43328  -44.912  -40.672  32.505 0.0000000000
44263  -43.638  -39.389  31.496 0.0000000000
44274  -42.586  -38.903  30.471 0.0000000000
46276  -41.964  -38.011  29.311 0.0000000000
45199  -43.816  -37.747  29.888 0.0000000000
46278  -44.458  -37.529  29.042 0.0000000000
58889  -49.076  -25.069  19.016 0.0000000000
37098  -28.816  -46.262  43.854 0.0000000000
37133  -28.046  -46.379  42.905 0.0000000000
37114  -29.061  -46.405  43.271 0.0000000000
36145  -29.041  -46.542  42.473 0.0000000000
130550  -28.943  -46.025  41.285 0.0000000000
51398  -46.585  -32.361  25.675 0.0000000000
52404  -46.096  -31.640  23.956 0.0000000000
51411  -46.959  -31.883  24.154 0.0000000000
51427  -47.643  -32.178  23.467 0.0000000000
143310  -47.540  -32.258  21.505 0.0000000000
51454  -47.948  -32.403  20.705 0.0000000000
51442  -48.827  -32.954  21.689 0.0000000000
50463  -50.874  -32.419  21.805 0.0000000000
51458  -51.748  -32.022  22.292 0.0000000000
37203  -39.116  -46.259  39.997 0.0000000000
37202  -37.676  -46.243  39.698 0.0000000000
37217  -38.855  -46.010  38.766 0.0000000000
38294  -38.456  -45.204  37.160 0.0000000000
39410  -37.575  -44.246  35.263 0.0000000000
41475  -38.416  -42.673  29.495 0.0000000000
40471  -38.051  -43.121  30.043 0.0000000000
41491  -37.205  -42.390  28.767 0.0000000000
42406  -34.979  -42.061  28.176 0.0000000000
42405  -34.053  -41.907  28.294 0.0000000000
42425  -32.298  -41.290  28.018 0.0000000000
42443  -33.001  -41.117  27.298 0.0000000000
138801  -38.006  -35.045  25.179 0.0000000000
49370  -36.782  -34.462  24.267 0.0000000000
56589  -57.645  -28.059  27.823 0.0000000000
54443  -56.672  -28.977  25.897 0.0000000000
57755  -56.822  -27.497  26.776 0.0000000000
57769  -56.201  -26.675  25.849 0.0000000000
59775  -54.999  -25.333  25.407 0.0000000000
62715  -56.002  -20.327  27.478 0.0000000000
62727  -54.576  -21.581  26.753 0.0000000000
62760  -55.422  -21.088  25.152 0.0000000000
62770  -53.472  -21.323  23.754 0.0000000000
62785  -53.315  -21.308  22.790 0.0000000000
62797  -52.297  -21.607  21.420 0.0000000000
62798  -53.052  -21.248  21.285 0.0000000000
63765  -53.860  -20.289  20.269 0.0000000000
64724  -53.382  -19.901  19.308 0.0000000000
68471  -58.096  -15.587  18.193 0.0000000000
68470  -57.077  -15.485  18.098 0.0000000000
68484  -56.572  -15.192  17.255 0.0000000000
41277  -22.374  -41.973  43.601 0.0000000000
41318  -21.678  -42.278  41.471 0.0000000000
41319  -23.206  -41.767  41.456 0.0000000000
42285  -23.454  -41.728  39.879 0.0000000000
42317  -23.613  -41.699  38.513 0.0000000000
37231  -25.463  -46.115  36.307 0.0000000000
38318  -25.327  -45.715  35.876 0.0000000000
37246  -25.526  -46.487  34.675 0.0000000000
142174  -25.562  -46.549  33.027 0.0000000000
36252  -25.827  -46.876  32.154 0.0000000000
36254  -27.222  -47.819  30.775 0.0000000000
35280  -27.693  -48.120  31.287 0.0000000000
40359  -33.013  -43.759  37.075 0.0000000000
40357  -31.395  -43.563  37.424 0.0000000000
40370  -30.829  -43.224  36.350 0.0000000000
40383  -30.393  -43.008  35.733 0.0000000000
39419  -29.165  -43.616  34.367 0.0000000000
49393  -41.422  -34.665  23.320 0.0000000000
49412  -41.814  -34.286  22.971 0.0000000000
49375  -42.695  -34.884  24.258 0.0000000000
49377  -43.813  -34.442  24.636 0.0000000000
50395  -44.854  -33.766  25.744 0.0000000000
48370  -45.300  -36.084  26.710 0.0000000000
132627  -45.572  -34.098  26.702 0.0000000000
141576  -46.164  -32.803  26.182 0.0000000000
51388  -47.660  -32.582  26.614 0.0000000000
51389  -48.620  -32.681  26.747 0.0000000000
124685  -50.016  -33.072  26.964 0.0000000000
38311  -42.413  -45.092  36.745 0.0000000000
138510  -41.436  -45.140  36.025 0.0000000000
38337  -42.215  -44.674  35.170 0.0000000000
39464  -41.274  -43.910  33.376 0.0000000000
40449  -40.695  -43.311  31.688 0.0000000000
41451  -42.918  -41.828  32.305 0.0000000000
41449  -41.173  -42.791  31.401 0.0000000000
41463  -40.090  -43.000  30.584 0.0000000000
42411  -39.018  -41.277  28.845 0.0000000000
43369  -37.387  -40.487  27.461 0.0000000000
44304  -36.274  -39.290  26.610 0.0000000000
45220  -35.794  -38.529  26.326 0.0000000000
45222  -36.973  -38.018  26.907 0.0000000000
46310  -37.269  -37.158  26.808 0.0000000000
138939  -38.478  -36.374  26.474 0.0000000000
46300  -41.028  -37.083  27.861 0.0000000000
47336  -39.811  -36.809  26.935 0.0000000000
48366  -38.912  -35.838  26.030 0.0000000000
48377  -39.469  -35.428  25.508 0.0000000000
48392  -40.661  -35.054  24.604 0.0000000000
64696  -57.875  -19.272  22.241 0.0000000000
65619  -58.875  -17.937  22.535 0.0000000000
66546  -59.067  -17.461  21.424 0.0000000000
67456  -59.804  -16.507  20.475 0.0000000000
67487  -60.043  -16.162  19.112 0.0000000000
67499  -60.355  -16.129  18.221 0.0000000000
135525  -26.035  -42.252  43.399 0.0000000000
120744  -25.565  -42.125  41.832 0.0000000000
40286  -26.378  -43.399  42.415 0.0000000000
38229  -25.688  -45.080  40.710 0.0000000000
37172  -25.394  -45.807  39.610 0.0000000000
36124  -27.356  -46.284  41.793 0.0000000000
36161  -25.917  -46.278  40.055 0.0000000000
36179  -25.609  -46.241  38.334 0.0000000000
36184  -25.907  -46.594  37.284 0.0000000000
36191  -26.185  -46.772  36.048 0.0000000000
36192  -26.707  -46.772  35.545 0.0000000000
51437  -41.753  -32.902  22.335 0.0000000000
51438  -42.322  -32.044  22.488 0.0000000000
122118  -45.074  -31.221  23.353 0.0000000000
54496  -49.616  -29.410  20.825 0.0000000000
54474  -49.569  -29.363  21.865 0.0000000000
132178  -34.291  -46.816  42.716 0.0000000000
37153  -32.641  -46.694  42.123 0.0000000000
37155  -34.188  -46.782  41.379 0.0000000000
140873  -33.681  -45.936  39.979 0.0000000000
39364  -34.024  -44.716  38.449 0.0000000000
38274  -36.491  -45.396  38.519 0.0000000000
39365  -35.001  -44.803  38.184 0.0000000000
39379  -33.553  -44.153  37.747 0.0000000000
40373  -33.371  -43.523  36.263 0.0000000000
126300  -32.760  -43.059  34.887 0.0000000000
41414  -32.336  -42.595  33.556 0.0000000000
133036  -40.476  -44.849  35.052 0.0000000000
39423  -38.587  -44.417  34.168 0.0000000000
39438  -36.933  -43.916  33.425 0.0000000000
40446  -37.344  -43.646  31.270 0.0000000000
40428  -36.148  -43.509  31.858 0.0000000000
40409  -35.368  -43.432  33.675 0.0000000000
40408  -34.626  -43.111  33.107 0.0000000000
41431  -32.554  -42.374  32.296 0.0000000000
46317  -34.655  -37.491  25.475 0.0000000000
43332  -49.092  -39.559  32.813 0.0000000000
44270  -49.511  -38.869  32.168 0.0000000000
41256  -22.620  -41.577  44.528 0.0000000000
41259  -25.616  -41.704  44.816 0.0000000000
41260  -26.348  -42.367  45.024 0.0000000000
40242  -26.958  -43.057  45.558 0.0000000000
38171  -29.568  -45.416  45.320 0.0000000000
37092  -31.414  -45.970  45.118 0.0000000000
37102  -32.735  -46.283  44.664 0.0000000000
37118  -34.159  -46.465  43.991 0.0000000000
37119  -34.975  -46.449  43.559 0.0000000000
140847  -36.073  -46.561  42.879 0.0000000000
37138  -37.400  -46.462  42.334 0.0000000000
38205  -38.488  -45.977  42.464 0.0000000000
37159  -38.432  -46.346  41.423 0.0000000000
37161  -39.932  -46.061  40.795 0.0000000000
37187  -40.913  -45.712  39.919 0.0000000000
38258  -42.357  -45.476  39.469 0.0000000000
38281  -42.902  -45.161  38.454 0.0000000000
129087  -44.113  -44.333  37.880 0.0000000000
39385  -45.320  -43.486  36.797 0.0000000000
43320  -48.278  -40.309  33.580 0.0000000000
45183  -50.042  -37.844  32.186 0.0000000000
47304  -50.389  -36.430  31.567 0.0000000000
48330  -50.426  -35.627  31.372 0.0000000000
48294  -52.726  -35.092  33.903 0.0000000000
48332  -51.639  -34.934  32.566 0.0000000000
49318  -50.469  -34.268  30.855 0.0000000000
50338  -51.442  -33.365  29.748 0.0000000000
50350  -51.787  -33.308  28.706 0.0000000000
138541  -52.330  -33.347  27.179 0.0000000000
50341  -54.981  -32.346  28.911 0.0000000000
128292  -54.235  -32.950  27.281 0.0000000000
50383  -52.542  -33.170  25.910 0.0000000000
124267  -52.892  -32.741  24.324 0.0000000000
51429  -53.104  -32.203  23.830 0.0000000000
52417  -52.925  -31.508  23.218 0.0000000000
54457  -55.306  -29.334  24.706 0.0000000000
53420  -53.567  -30.495  23.753 0.0000000000
53429  -52.332  -30.792  22.578 0.0000000000
54476  -51.254  -29.707  22.765 0.0000000000
56654  -50.398  -28.440  23.321 0.0000000000
127239  -49.372  -27.284  23.248 0.0000000000
60769  -54.135  -24.413  26.400 0.0000000000
140905  -54.202  -24.835  24.732 0.0000000000
62744  -53.521  -22.079  25.843 0.0000000000
60813  -52.856  -24.087  24.840 0.0000000000
59789  -52.724  -24.887  24.225 0.0000000000
58839  -51.324  -25.522  23.745 0.0000000000
58838  -50.281  -25.701  23.469 0.0000000000
57826  -48.404  -25.955  22.125 0.0000000000
58859  -48.373  -25.156  21.541 0.0000000000
59837  -48.271  -24.670  19.999 0.0000000000
60887  -49.270  -23.605  18.291 0.0000000000
62806  -51.008  -21.895  20.598 0.0000000000
61832  -49.707  -22.343  18.048 0.0000000000
60896  -50.406  -23.060  17.247 0.0000000000
124771  -56.236  -18.671  20.470 0.0000000000
65633  -54.837  -18.983  19.874 0.0000000000
65655  -53.986  -18.273  18.699 0.0000000000
67482  -54.729  -16.647  18.071 0.0000000000
66564  -53.594  -17.801  17.866 0.0000000000
65653  -52.627  -19.014  17.430 0.0000000000
127979  -21.024  -42.526  40.120 0.0000000000
133256  -25.387  -42.796  40.014 0.0000000000
41360  -24.690  -42.344  38.055 0.0000000000
41383  -24.472  -42.506  36.476 0.0000000000
39403  -25.099  -44.393  35.760 0.0000000000
125644  -24.455  -43.041  34.957 0.0000000000
41399  -23.946  -42.389  34.654 0.0000000000
40403  -23.610  -42.628  32.833 0.0000000000
37177  -31.663  -46.100  41.229 0.0000000000
38233  -30.565  -45.127  40.460 0.0000000000
38250  -28.924  -44.689  39.964 0.0000000000
39360  -30.181  -43.728  38.515 0.0000000000
138494  -28.696  -43.987  38.682 0.0000000000
39358  -27.431  -44.969  38.405 0.0000000000
38305  -27.172  -45.609  36.912 0.0000000000
37236  -27.208  -46.455  35.784 0.0000000000
129432  -28.606  -47.131  35.060 0.0000000000
39436  -29.397  -44.005  33.366 0.0000000000
38331  -29.281  -44.977  34.114 0.0000000000
37248  -29.499  -45.986  34.477 0.0000000000
37238  -29.472  -46.661  34.860 0.0000000000
36203  -29.407  -47.533  34.972 0.0000000000
35224  -29.326  -48.069  34.781 0.0000000000
44279  -47.671  -38.957  30.999 0.0000000000
121863  -48.446  -38.571  30.669 0.0000000000
44267  -47.777  -39.417  31.734 0.0000000000
44266  -46.939  -39.339  31.510 0.0000000000
44278  -46.764  -38.786  30.710 0.0000000000
55551  -48.562  -28.178  20.918 0.0000000000
56678  -48.882  -27.952  20.249 0.0000000000
56673  -48.239  -27.499  21.210 0.0000000000
120697  -32.083  -46.615  43.221 0.0000000000
36129  -31.099  -46.615  43.095 0.0000000000
50438  -39.762  -34.051  22.004 0.0000000000
50460  -40.091  -33.559  21.655 0.0000000000
50439  -40.576  -33.957  22.187 0.0000000000
50396  -49.961  -33.296  25.196 0.0000000000
51414  -49.219  -33.018  24.840 0.0000000000
132492  -50.578  -33.388  24.700 0.0000000000
50412  -50.869  -33.257  23.929 0.0000000000
123997  -51.307  -33.369  24.543 0.0000000000
121595  -41.872  -45.665  38.284 0.0000000000
38296  -40.838  -45.816  37.839 0.0000000000
38297  -41.490  -45.653  37.684 0.0000000000
43385  -36.075  -40.229  26.604 0.0000000000
43384  -35.261  -40.551  26.347 0.0000000000
49409  -39.333  -34.297  22.650 0.0000000000
63719  -57.428  -20.136  24.039 0.0000000000
63718  -56.604  -20.509  23.752 0.0000000000
63751  -56.475  -20.138  22.402 0.0000000000
144685  -55.995  -20.163  21.935 0.0000000000
64681  -57.128  -19.727  22.289 0.0000000000
41300  -24.843  -41.658  42.127 0.0000000000
36218  -26.576  -47.319  34.230 0.0000000000
35242  -28.121  -47.930  34.040 0.0000000000
41413  -31.503  -42.451  33.572 0.0000000000
41412  -30.410  -42.376  33.491 0.0000000000
47352  -44.333  -36.523  26.292 0.0000000000
133451  -44.814  -36.482  26.516 0.0000000000
130118  -48.505  -34.988  29.473 0.0000000000
49327  -47.400  -34.539  28.721 0.0000000000
49328  -48.074  -34.319  29.118 0.0000000000
50347  -48.552  -33.448  28.915 0.0000000000
49322  -48.608  -34.100  29.497 0.0000000000
40399  -45.480  -43.408  34.974 0.0000000000
39430  -44.709  -43.775  34.833 0.0000000000
40414  -45.154  -43.188  34.398 0.0000000000
44273  -41.811  -39.449  30.174 0.0000000000
43348  -41.637  -40.356  30.525 0.0000000000
44284  -39.907  -39.817  28.946 0.0000000000
44285  -40.641  -39.266  29.242 0.0000000000
45207  -39.785  -38.461  28.194 0.0000000000
46313  -43.999  -37.083  27.014 0.0000000000
47339  -43.279  -36.730  27.207 0.0000000000
47351  -43.614  -36.494  26.402 0.0000000000
137231  -43.118  -36.122  26.024 0.0000000000
38179  -27.430  -45.157  43.899 0.0000000000
38189  -27.299  -45.388  43.180 0.0000000000
38190  -27.634  -45.733  43.607 0.0000000000
37198  -27.129  -46.090  39.828 0.0000000000
37215  -26.715  -46.181  38.931 0.0000000000
135507  -27.322  -45.513  39.302 0.0000000000
51409  -44.694  -32.376  24.663 0.0000000000
51425  -44.019  -32.573  24.255 0.0000000000
121388  -47.033  -31.884  20.874 0.0000000000
52428  -46.382  -31.330  21.447 0.0000000000
51472  -50.995  -31.251  20.943 0.0000000000
52444  -50.635  -31.351  20.248 0.0000000000
143223  -51.004  -30.922  20.859 0.0000000000
53458  -50.903  -30.779  20.717 0.0000000000
37157  -36.939  -46.618  41.347 0.0000000000
37182  -36.481  -46.569  40.682 0.0000000000
133863  -37.354  -46.469  40.511 0.0000000000
39409  -36.725  -44.082  35.509 0.0000000000
39395  -36.481  -44.157  36.406 0.0000000000
40388  -35.394  -43.628  35.204 0.0000000000
137933  -35.611  -43.603  34.491 0.0000000000
40448  -39.555  -43.628  31.541 0.0000000000
39475  -39.205  -43.786  31.899 0.0000000000
40447  -38.907  -43.640  31.263 0.0000000000
41471  -34.216  -42.411  29.488 0.0000000000
41470  -33.505  -42.074  29.468 0.0000000000
41459  -33.764  -42.345  30.263 0.0000000000
48375  -36.530  -35.345  25.582 0.0000000000
50314  -54.156  -32.963  31.483 0.0000000000
53386  -57.469  -29.494  28.064 0.0000000000
133795  -57.234  -29.953  28.765 0.0000000000
53391  -56.572  -30.605  27.867 0.0000000000
51379  -56.059  -31.566  27.594 0.0000000000
52377  -56.389  -31.059  26.882 0.0000000000
52383  -55.825  -31.324  26.194 0.0000000000
53398  -56.527  -30.285  26.699 0.0000000000
58817  -54.645  -25.927  24.178 0.0000000000
56637  -54.385  -26.964  23.828 0.0000000000
57813  -53.350  -26.846  23.732 0.0000000000
58841  -53.105  -26.135  23.772 0.0000000000
63656  -55.045  -20.449  28.668 0.0000000000
62714  -54.617  -21.512  27.897 0.0000000000
62783  -51.946  -21.992  22.996 0.0000000000
61774  -51.618  -22.476  23.395 0.0000000000
60837  -50.996  -22.851  23.050 0.0000000000
61786  -50.725  -22.586  22.164 0.0000000000
63775  -51.781  -20.875  18.421 0.0000000000
63784  -51.983  -20.324  17.705 0.0000000000
64750  -52.256  -19.751  17.005 0.0000000000
66557  -57.227  -16.963  19.776 0.0000000000
67471  -57.414  -16.427  19.394 0.0000000000
41317  -20.919  -42.535  42.022 0.0000000000
42329  -23.082  -41.638  37.549 0.0000000000
41358  -22.143  -41.905  38.198 0.0000000000
41388  -22.311  -41.867  35.715 0.0000000000
42348  -23.103  -41.653  35.848 0.0000000000
38269  -25.208  -45.013  38.372 0.0000000000
140758  -25.250  -44.959  37.667 0.0000000000
37291  -25.813  -46.862  29.103 0.0000000000
39348  -31.968  -44.560  39.302 0.0000000000
39362  -32.373  -44.273  38.655 0.0000000000
39418  -28.868  -43.578  35.204 0.0000000000
39405  -28.310  -44.237  35.469 0.0000000000
135776  -28.335  -45.035  35.231 0.0000000000
46281  -48.174  -37.662  29.472 0.0000000000
46292  -47.796  -37.240  28.981 0.0000000000
47328  -49.038  -36.580  29.699 0.0000000000
42356  -46.583  -41.373  33.842 0.0000000000
42366  -45.308  -41.365  33.055 0.0000000000
42367  -46.353  -40.922  33.243 0.0000000000
44265  -45.359  -39.448  31.693 0.0000000000
43339  -44.657  -40.019  32.091 0.0000000000
44264  -44.448  -39.381  31.665 0.0000000000
44275  -43.425  -38.807  30.930 0.0000000000
45187  -43.302  -38.250  30.423 0.0000000000
45188  -44.128  -38.191  30.534 0.0000000000
45200  -44.808  -37.862  29.763 0.0000000000
46279  -45.410  -37.658  28.897 0.0000000000
46290  -45.021  -37.409  28.164 0.0000000000
56696  -49.815  -27.854  19.024 0.0000000000
57845  -48.491  -26.349  20.153 0.0000000000
58879  -48.759  -25.735  19.570 0.0000000000
37115  -29.451  -46.355  43.875 0.0000000000
37134  -29.870  -46.561  42.583 0.0000000000
36127  -29.520  -46.577  42.867 0.0000000000
139560  -29.454  -46.401  41.952 0.0000000000
51452  -40.351  -32.793  21.470 0.0000000000
131428  -47.160  -32.107  25.042 0.0000000000
51428  -48.366  -32.662  23.695 0.0000000000
122581  -48.191  -32.703  22.932 0.0000000000
51440  -47.682  -32.329  22.399 0.0000000000
51441  -48.398  -32.862  22.274 0.0000000000
122099  -48.154  -32.735  21.579 0.0000000000
144954  -48.893  -32.977  22.209 0.0000000000
50425  -50.928  -33.092  23.037 0.0000000000
50444  -50.909  -32.766  22.352 0.0000000000
143628  -51.250  -32.218  21.997 0.0000000000
144545  -51.886  -32.495  22.769 0.0000000000
133015  -38.548  -46.197  39.520 0.0000000000
145102  -39.269  -46.136  39.337 0.0000000000
128545  -39.242  -45.301  36.868 0.0000000000
145375  -38.999  -45.557  37.496 0.0000000000
38307  -38.687  -44.967  36.364 0.0000000000
38306  -37.873  -44.755  36.678 0.0000000000
39397  -38.145  -44.542  35.854 0.0000000000
41492  -37.979  -42.288  28.864 0.0000000000
133732  -37.633  -42.781  29.405 0.0000000000
42408  -36.781  -41.979  28.097 0.0000000000
42407  -35.899  -42.006  28.141 0.0000000000
42427  -34.591  -41.652  27.499 0.0000000000
42426  -33.806  -41.465  27.488 0.0000000000
128774  -33.236  -41.588  28.073 0.0000000000
49371  -37.692  -34.577  24.437 0.0000000000
57710  -57.021  -27.714  27.701 0.0000000000
56602  -57.282  -28.028  27.320 0.0000000000
59760  -54.966  -25.993  26.390 0.0000000000
58805  -56.346  -26.764  26.465 0.0000000000
58804  -55.684  -26.269  26.176 0.0000000000
58803  -55.494  -26.027  25.581 0.0000000000
59776  -55.018  -25.581  25.845 0.0000000000
63681  -57.093  -19.884  26.289 0.0000000000
64646  -56.780  -19.467  26.636 0.0000000000
63680  -56.547  -19.973  27.042 0.0000000000
62729  -56.417  -20.468  26.471 0.0000000000
144103  -55.728  -20.951  26.035 0.0000000000
63716  -54.847  -21.068  23.434 0.0000000000
62772  -55.116  -21.088  24.210 0.0000000000
62786  -54.133  -21.127  23.128 0.0000000000
121124  -52.792  -21.467  22.092 0.0000000000
64693  -55.090  -20.080  21.084 0.0000000000
63766  -54.419  -20.312  20.925 0.0000000000
64725  -54.146  -19.483  19.685 0.0000000000
68486  -58.636  -15.510  17.504 0.0000000000
68485  -57.574  -15.198  17.381 0.0000000000
138671  -22.440  -42.038  41.796 0.0000000000
41337  -23.290  -41.757  40.587 0.0000000000
42286  -24.061  -41.653  40.224 0.0000000000
42304  -24.064  -41.733  39.392 0.0000000000
36199  -25.703  -46.521  35.934 0.0000000000
37235  -25.507  -46.296  35.482 0.0000000000
36216  -25.738  -46.707  35.125 0.0000000000
36234  -26.481  -47.424  33.482 0.0000000000
37263  -25.557  -46.678  33.888 0.0000000000
36242  -25.947  -47.037  33.269 0.0000000000
36244  -27.080  -47.812  31.904 0.0000000000
35271  -28.480  -48.636  32.570 0.0000000000
40372  -32.382  -43.382  36.347 0.0000000000
40371  -31.485  -43.378  36.715 0.0000000000
40384  -31.405  -43.091  35.820 0.0000000000
41401  -30.179  -42.618  34.340 0.0000000000
41391  -29.899  -42.823  35.039 0.0000000000
131104  -29.360  -43.062  34.979 0.0000000000
48408  -41.738  -34.928  23.875 0.0000000000
48409  -42.171  -34.675  23.679 0.0000000000
48394  -42.352  -35.126  24.402 0.0000000000
49355  -44.116  -35.079  25.109 0.0000000000
48396  -43.550  -35.201  24.848 0.0000000000
50394  -44.422  -34.195  25.130 0.0000000000
47342  -46.276  -36.633  27.701 0.0000000000
47341  -45.660  -36.601  27.141 0.0000000000
48361  -45.903  -36.007  27.245 0.0000000000
50361  -46.422  -33.911  27.589 0.0000000000
133598  -45.897  -34.270  27.109 0.0000000000
50377  -45.531  -33.449  26.268 0.0000000000
50378  -46.198  -33.367  26.801 0.0000000000
51387  -46.840  -32.676  26.404 0.0000000000
51368  -48.931  -32.892  28.155 0.0000000000
51376  -48.553  -32.815  27.590 0.0000000000
51377  -49.226  -32.859  27.312 0.0000000000
50380  -49.423  -32.973  26.559 0.0000000000
38312  -43.174  -44.709  36.638 0.0000000000
38326  -42.680  -44.759  35.932 0.0000000000
38338  -42.873  -44.536  35.332 0.0000000000
40411  -43.027  -43.778  33.639 0.0000000000
39444  -42.131  -44.036  33.653 0.0000000000
40431  -41.650  -43.524  32.967 0.0000000000
40430  -40.901  -43.563  32.548 0.0000000000
40450  -41.396  -43.189  32.148 0.0000000000
42364  -43.637  -41.350  32.476 0.0000000000
41433  -43.645  -42.183  32.839 0.0000000000
42384  -41.303  -41.384  30.581 0.0000000000
42375  -41.632  -41.975  31.172 0.0000000000
41464  -40.808  -42.386  30.639 0.0000000000
41477  -39.992  -42.324  29.989 0.0000000000
42394  -39.482  -41.829  29.374 0.0000000000
127139  -38.747  -39.994  28.258 0.0000000000
43358  -38.547  -40.764  28.336 0.0000000000
43370  -38.137  -40.189  27.874 0.0000000000
44295  -36.861  -39.889  26.981 0.0000000000
44296  -37.678  -39.405  27.453 0.0000000000
45214  -36.976  -38.940  26.985 0.0000000000
45215  -37.564  -38.520  27.211 0.0000000000
45217  -39.196  -38.079  27.674 0.0000000000
46296  -37.824  -37.793  27.109 0.0000000000
46297  -38.656  -37.612  27.251 0.0000000000
46311  -38.120  -37.030  26.879 0.0000000000
46312  -38.974  -36.950  26.874 0.0000000000
127291  -42.666  -37.514  29.196 0.0000000000
45209  -41.316  -37.710  28.606 0.0000000000
133507  -42.192  -37.294  28.753 0.0000000000
123827  -40.768  -36.521  27.052 0.0000000000
47348  -40.107  -36.189  26.461 0.0000000000
47347  -39.313  -36.354  26.473 0.0000000000
48367  -39.604  -35.893  26.078 0.0000000000
48368  -40.245  -35.696  25.823 0.0000000000
48379  -42.182  -35.483  24.983 0.0000000000
48378  -41.134  -35.440  25.316 0.0000000000
48393  -41.547  -35.159  24.471 0.0000000000
48407  -41.035  -34.926  23.851 0.0000000000
66528  -59.301  -16.697  21.987 0.0000000000
66536  -59.638  -16.474  21.366 0.0000000000
66547  -59.587  -16.793  21.207 0.0000000000
67457  -60.103  -16.266  20.722 0.0000000000
67474  -60.389  -16.096  19.881 0.0000000000
67488  -60.746  -15.980  18.828 0.0000000000
40287  -26.511  -43.020  43.136 0.0000000000
38203  -26.566  -45.320  42.031 0.0000000000
39310  -26.294  -44.398  42.036 0.0000000000
38216  -26.124  -45.060  41.370 0.0000000000
38228  -25.353  -45.160  40.020 0.0000000000
37173  -25.654  -45.702  40.384 0.0000000000
36125  -27.960  -46.524  42.271 0.0000000000
37132  -27.456  -46.238  42.466 0.0000000000
36174  -26.323  -46.440  39.116 0.0000000000
140643  -26.028  -46.486  39.429 0.0000000000
36172  -25.642  -46.262  39.148 0.0000000000
36173  -25.904  -46.530  38.752 0.0000000000
36183  -25.645  -46.293  37.565 0.0000000000
36180  -25.884  -46.575  38.039 0.0000000000
36185  -26.091  -46.681  36.959 0.0000000000
37232  -26.512  -46.559  36.474 0.0000000000
49413  -42.378  -34.212  23.313 0.0000000000
50441  -42.250  -33.616  22.851 0.0000000000
52414  -42.923  -31.310  22.542 0.0000000000
126381  -45.807  -31.391  23.201 0.0000000000
53456  -44.844  -30.294  20.951 0.0000000000
51469  -48.763  -32.440  20.088 0.0000000000
51482  -49.473  -32.127  19.537 0.0000000000
52455  -50.478  -31.129  19.482 0.0000000000
53484  -50.191  -30.296  18.516 0.0000000000
124473  -50.870  -30.514  20.892 0.0000000000
54497  -50.412  -29.963  20.268 0.0000000000
36147  -33.917  -46.842  42.182 0.0000000000
36148  -34.758  -46.830  42.062 0.0000000000
37199  -35.233  -46.396  40.163 0.0000000000
37180  -34.742  -46.628  40.671 0.0000000000
139981  -34.490  -46.045  39.841 0.0000000000
132543  -33.759  -45.299  39.310 0.0000000000
38272  -34.712  -45.345  38.996 0.0000000000
38257  -37.081  -45.943  39.075 0.0000000000
39381  -35.335  -44.353  37.405 0.0000000000
39380  -34.438  -44.295  37.584 0.0000000000
39392  -33.903  -43.902  36.920 0.0000000000
40374  -34.255  -43.630  36.122 0.0000000000
145625  -34.277  -43.309  34.766 0.0000000000
40386  -33.700  -43.328  35.370 0.0000000000
40396  -33.658  -43.118  34.432 0.0000000000
40406  -32.948  -42.871  33.947 0.0000000000
38336  -41.101  -44.746  34.737 0.0000000000
38324  -41.001  -45.052  35.562 0.0000000000
38335  -40.504  -44.659  34.430 0.0000000000
39440  -38.783  -44.239  33.337 0.0000000000
39424  -39.375  -44.537  33.922 0.0000000000
39422  -37.892  -44.210  34.516 0.0000000000
39439  -37.848  -44.077  33.643 0.0000000000
40470  -37.279  -43.164  30.004 0.0000000000
40460  -37.682  -43.449  30.628 0.0000000000
40459  -36.837  -43.404  30.622 0.0000000000
40444  -35.194  -42.817  30.863 0.0000000000
40410  -36.278  -43.659  32.900 0.0000000000
122313  -35.448  -43.295  32.551 0.0000000000
137237  -34.745  -42.965  32.187 0.0000000000
122403  -32.941  -42.303  31.649 0.0000000000
137847  -33.385  -42.554  32.110 0.0000000000
45228  -35.194  -37.974  25.927 0.0000000000
46318  -35.300  -37.098  25.905 0.0000000000
125734  -21.878  -41.864  44.337 0.0000000000
135822  -25.898  -41.534  45.660 0.0000000000
37137  -36.687  -46.529  42.619 0.0000000000
37122  -37.259  -46.264  42.961 0.0000000000
39312  -39.538  -44.896  42.581 0.0000000000
38194  -38.804  -45.269  42.935 0.0000000000
38206  -39.229  -45.705  42.204 0.0000000000
37140  -38.875  -46.193  41.796 0.0000000000
37160  -39.215  -46.198  41.118 0.0000000000
38217  -39.571  -45.965  41.470 0.0000000000
38220  -41.759  -45.082  40.723 0.0000000000
38237  -40.594  -45.768  40.498 0.0000000000
38238  -41.329  -45.514  40.248 0.0000000000
37206  -41.651  -45.661  39.527 0.0000000000
38239  -42.101  -45.384  40.073 0.0000000000
39349  -43.430  -44.700  39.562 0.0000000000
38260  -43.535  -44.804  38.831 0.0000000000
38282  -43.546  -44.728  38.106 0.0000000000
39366  -44.157  -44.404  38.525 0.0000000000
40360  -45.228  -43.453  37.650 0.0000000000
40361  -45.979  -43.136  37.208 0.0000000000
133629  -48.695  -39.840  33.023 0.0000000000
44257  -50.044  -38.616  32.884 0.0000000000
45182  -49.646  -38.324  31.845 0.0000000000
45171  -50.399  -38.002  32.882 0.0000000000
46258  -51.032  -36.629  33.085 0.0000000000
47305  -50.698  -36.540  32.362 0.0000000000
48331  -50.904  -35.533  32.036 0.0000000000
49306  -52.851  -33.864  32.318 0.0000000000
49287  -52.396  -34.550  32.817 0.0000000000
49305  -52.122  -34.134  32.086 0.0000000000
49304  -51.367  -34.489  31.797 0.0000000000
49319  -51.129  -34.030  31.110 0.0000000000
50325  -50.891  -33.689  30.464 0.0000000000
50326  -51.637  -33.569  30.589 0.0000000000
121371  -52.996  -33.313  29.395 0.0000000000
121372  -52.219  -33.381  29.334 0.0000000000
50351  -52.583  -33.389  28.751 0.0000000000
123998  -51.698  -33.267  27.753 0.0000000000
122351  -52.572  -33.349  27.921 0.0000000000
53365  -56.509  -30.698  30.422 0.0000000000
51357  -55.419  -31.923  30.476 0.0000000000
50331  -55.400  -31.829  29.427 0.0000000000
134009  -54.829  -32.702  27.051 0.0000000000
50367  -54.748  -32.862  27.665 0.0000000000
138119  -54.328  -32.774  26.816 0.0000000000
50384  -53.720  -32.959  26.752 0.0000000000
129243  -53.301  -32.866  26.041 0.0000000000
50399  -52.935  -32.859  25.087 0.0000000000
50400  -53.668  -32.524  25.507 0.0000000000
51431  -54.437  -31.505  24.973 0.0000000000
50429  -53.487  -32.208  24.499 0.0000000000
51445  -53.236  -31.766  23.608 0.0000000000
51444  -52.824  -32.107  23.290 0.0000000000
52418  -53.274  -31.423  23.512 0.0000000000
55521  -56.430  -28.453  25.499 0.0000000000
123943  -56.246  -29.073  25.427 0.0000000000
55520  -55.866  -28.725  24.966 0.0000000000
55535  -53.653  -28.707  23.865 0.0000000000
54467  -54.091  -29.502  24.049 0.0000000000
54466  -53.421  -29.632  23.762 0.0000000000
54477  -52.776  -30.242  23.213 0.0000000000
54488  -51.954  -30.426  22.493 0.0000000000
54465  -52.047  -29.496  23.291 0.0000000000
55533  -51.153  -27.953  23.631 0.0000000000
54464  -51.240  -28.860  23.359 0.0000000000
56653  -49.490  -28.140  23.124 0.0000000000
123549  -50.281  -27.449  23.511 0.0000000000
60768  -54.017  -23.397  26.983 0.0000000000
59774  -54.486  -24.771  25.378 0.0000000000
62745  -53.950  -21.571  25.671 0.0000000000
62726  -53.962  -21.956  26.429 0.0000000000
62743  -53.205  -21.927  25.117 0.0000000000
60812  -52.180  -23.362  24.681 0.0000000000
60790  -52.699  -23.203  25.106 0.0000000000
58840  -52.403  -25.727  23.853 0.0000000000
59804  -52.001  -24.991  24.011 0.0000000000
59820  -49.957  -24.108  23.027 0.0000000000
59801  -49.623  -25.060  23.068 0.0000000000
58837  -49.546  -25.901  23.168 0.0000000000
58860  -49.053  -25.690  22.780 0.0000000000
59818  -48.862  -25.075  22.378 0.0000000000
60859  -48.698  -23.287  20.079 0.0000000000
60858  -48.335  -23.974  20.259 0.0000000000
60870  -48.446  -23.937  19.393 0.0000000000
60871  -48.741  -23.192  19.291 0.0000000000
124784  -51.803  -21.697  20.825 0.0000000000
62807  -51.626  -21.538  19.997 0.0000000000
62839  -50.485  -21.761  17.589 0.0000000000
62827  -50.388  -21.652  18.538 0.0000000000
60895  -49.754  -23.041  17.729 0.0000000000
65625  -57.959  -18.724  21.558 0.0000000000
64695  -57.138  -19.286  21.601 0.0000000000
65635  -57.045  -18.756  20.918 0.0000000000
66555  -55.683  -17.609  19.556 0.0000000000
65634  -55.549  -18.465  19.947 0.0000000000
65645  -54.811  -18.053  19.292 0.0000000000
65644  -54.306  -18.779  19.315 0.0000000000
68469  -56.076  -15.671  17.905 0.0000000000
67483  -55.583  -16.325  18.455 0.0000000000
67498  -55.216  -16.017  17.591 0.0000000000
66571  -54.033  -17.103  17.568 0.0000000000
126920  -53.024  -18.256  17.244 0.0000000000
124980  -22.459  -42.001  40.971 0.0000000000
41335  -21.678  -42.256  40.528 0.0000000000
41357  -21.182  -42.211  37.978 0.0000000000
41380  -20.676  -42.612  36.261 0.0000000000
41408  -21.928  -42.552  33.853 0.0000000000
40401  -21.642  -43.129  33.198 0.0000000000
40422  -21.779  -43.506  32.438 0.0000000000
41321  -25.492  -42.371  40.827 0.0000000000
40354  -25.110  -43.537  37.462 0.0000000000
121093  -24.992  -42.665  38.601 0.0000000000
40341  -25.042  -43.113  37.969 0.0000000000
41371  -24.705  -42.563  37.346 0.0000000000
131743  -25.301  -45.863  35.027 0.0000000000
130538  -25.194  -45.080  35.408 0.0000000000
38330  -25.047  -45.087  34.495 0.0000000000
39457  -24.564  -44.122  32.663 0.0000000000
40394  -24.363  -43.089  34.198 0.0000000000
40393  -23.773  -42.462  33.756 0.0000000000
35290  -27.968  -48.326  30.231 0.0000000000
142317  -27.331  -47.964  29.811 0.0000000000
37178  -32.677  -46.418  41.354 0.0000000000
37152  -31.751  -46.523  41.989 0.0000000000
128808  -30.709  -44.542  39.791 0.0000000000
38251  -29.908  -44.567  39.922 0.0000000000
38232  -29.462  -45.248  40.611 0.0000000000
40356  -30.677  -43.389  37.079 0.0000000000
40345  -30.859  -43.618  37.931 0.0000000000
40344  -30.040  -43.472  37.681 0.0000000000
145797  -28.650  -43.647  37.491 0.0000000000
40343  -29.235  -43.643  38.159 0.0000000000
40342  -28.352  -43.916  38.023 0.0000000000
39359  -28.042  -44.312  38.609 0.0000000000
133109  -27.797  -44.385  37.926 0.0000000000
39375  -27.464  -44.894  37.448 0.0000000000
38319  -27.583  -45.817  36.106 0.0000000000
131758  -29.835  -45.397  33.224 0.0000000000
38333  -30.650  -46.425  34.207 0.0000000000
37249  -30.173  -46.546  34.570 0.0000000000
37239  -30.367  -47.199  34.880 0.0000000000
35226  -30.671  -48.203  34.948 0.0000000000
35225  -29.968  -48.133  34.926 0.0000000000
45190  -46.964  -38.293  29.804 0.0000000000
45201  -46.998  -37.910  29.042 0.0000000000
45203  -48.173  -38.155  29.954 0.0000000000
46271  -48.800  -38.034  30.174 0.0000000000
126709  -47.184  -40.349  32.912 0.0000000000
43330  -46.506  -40.308  32.601 0.0000000000
44277  -45.770  -38.843  30.970 0.0000000000
45189  -45.147  -38.348  30.531 0.0000000000
125510  -46.152  -38.368  30.172 0.0000000000
55560  -49.618  -28.427  19.455 0.0000000000
56687  -49.970  -27.154  19.430 0.0000000000
57846  -48.697  -27.175  20.220 0.0000000000
128522  -48.189  -26.103  20.672 0.0000000000
36102  -30.629  -46.387  44.100 0.0000000000
36101  -29.982  -46.426  43.831 0.0000000000
36113  -30.420  -46.530  43.484 0.0000000000
37135  -30.876  -46.596  42.576 0.0000000000
145197  -48.652  -32.676  25.240 0.0000000000
50410  -49.149  -33.022  23.961 0.0000000000
50424  -50.004  -33.150  23.438 0.0000000000
50426  -51.745  -33.093  23.503 0.0000000000
37219  -40.844  -45.770  38.970 0.0000000000
37218  -39.678  -46.012  38.718 0.0000000000
136339  -40.082  -45.908  37.967 0.0000000000
128125  -40.484  -45.659  37.259 0.0000000000
38308  -40.053  -45.388  36.650 0.0000000000
42430  -37.119  -41.357  27.627 0.0000000000
42429  -36.312  -41.497  27.492 0.0000000000
43367  -35.819  -41.045  26.873 0.0000000000
42446  -34.983  -41.199  26.832 0.0000000000
42444  -33.721  -41.057  26.781 0.0000000000
43400  -33.110  -40.067  25.878 0.0000000000
49373  -39.190  -34.706  24.083 0.0000000000
141356  -38.361  -34.455  23.824 0.0000000000
145573  -38.995  -34.442  23.337 0.0000000000
63702  -56.907  -20.510  24.679 0.0000000000
63717  -55.683  -20.796  23.391 0.0000000000
63732  -54.954  -20.844  22.565 0.0000000000
63750  -55.386  -20.371  21.823 0.0000000000
41299  -24.037  -41.589  41.868 0.0000000000
41338  -24.770  -41.741  40.558 0.0000000000
36217  -26.051  -47.075  34.823 0.0000000000
37247  -25.742  -46.842  34.487 0.0000000000
35258  -27.068  -47.842  32.879 0.0000000000
40395  -31.722  -42.884  34.972 0.0000000000
47362  -42.850  -35.790  25.407 0.0000000000
48381  -43.297  -35.549  25.095 0.0000000000
48383  -44.337  -35.598  25.749 0.0000000000
48357  -47.143  -35.680  28.556 0.0000000000
48362  -46.490  -35.854  27.927 0.0000000000
50362  -47.255  -33.563  28.121 0.0000000000
50348  -49.438  -33.034  28.779 0.0000000000
122103  -44.231  -44.057  35.879 0.0000000000
39413  -43.386  -44.301  35.066 0.0000000000
39429  -43.924  -44.067  34.670 0.0000000000
39446  -43.548  -43.949  34.152 0.0000000000
43337  -42.599  -40.488  31.487 0.0000000000
42376  -42.377  -41.429  31.693 0.0000000000
43349  -42.210  -40.209  31.029 0.0000000000
43347  -41.050  -40.840  30.132 0.0000000000
43353  -40.518  -40.816  29.720 0.0000000000
43352  -39.817  -40.826  29.217 0.0000000000
125282  -40.376  -40.122  29.418 0.0000000000
44291  -39.326  -39.382  28.388 0.0000000000
45206  -39.061  -38.756  27.920 0.0000000000
46286  -39.836  -37.800  27.764 0.0000000000
46288  -42.507  -36.977  28.211 0.0000000000
47338  -42.501  -36.668  27.652 0.0000000000
47349  -41.741  -36.068  26.607 0.0000000000
145395  -42.490  -35.961  26.103 0.0000000000
135983  -26.703  -44.011  42.898 0.0000000000
39298  -27.087  -44.630  43.424 0.0000000000
36164  -28.053  -46.399  41.498 0.0000000000
36163  -27.389  -46.047  40.694 0.0000000000
36175  -26.804  -46.222  39.707 0.0000000000
37214  -26.308  -46.482  38.447 0.0000000000
37226  -26.585  -46.216  38.062 0.0000000000
50422  -43.366  -33.322  23.749 0.0000000000
50442  -42.881  -33.054  23.173 0.0000000000
51424  -43.484  -32.308  23.529 0.0000000000
123986  -46.190  -31.344  22.359 0.0000000000
51456  -50.314  -32.312  21.009 0.0000000000
51483  -50.181  -31.830  20.008 0.0000000000
53470  -50.602  -30.688  19.787 0.0000000000
54487  -51.225  -30.386  21.859 0.0000000000
36149  -35.523  -46.753  41.672 0.0000000000
37156  -34.966  -46.806  41.342 0.0000000000
36165  -36.158  -46.667  41.339 0.0000000000
38292  -36.765  -44.957  37.739 0.0000000000
39394  -35.642  -44.041  36.615 0.0000000000
39407  -35.106  -43.735  35.990 0.0000000000
139091  -34.446  -43.219  34.028 0.0000000000
39442  -40.311  -44.246  33.385 0.0000000000
39425  -40.108  -44.527  33.864 0.0000000000
39462  -39.510  -43.948  32.436 0.0000000000
129189  -38.879  -43.949  32.455 0.0000000000
39461  -37.948  -43.764  32.009 0.0000000000
134296  -36.260  -43.059  30.295 0.0000000000
40458  -35.577  -42.809  30.207 0.0000000000
122065  -34.373  -42.599  30.924 0.0000000000
41447  -34.147  -42.705  31.756 0.0000000000
41445  -32.961  -42.044  30.915 0.0000000000
47345  -35.969  -36.762  26.278 0.0000000000
37104  -35.377  -45.974  43.953 0.0000000000
125480  -35.724  -45.371  44.176 0.0000000000
38218  -40.286  -45.679  41.188 0.0000000000
39321  -40.669  -44.961  41.627 0.0000000000
39351  -44.735  -43.944  38.897 0.0000000000
46205  -51.333  -37.515  34.140 0.0000000000
46237  -50.908  -37.293  33.244 0.0000000000
46219  -51.800  -36.828  33.981 0.0000000000
47271  -52.003  -36.163  33.790 0.0000000000
47288  -51.695  -36.056  33.393 0.0000000000
50295  -53.372  -33.698  32.571 0.0000000000
50312  -52.733  -33.534  31.392 0.0000000000
50327  -52.291  -33.502  30.757 0.0000000000
50328  -53.550  -33.143  30.926 0.0000000000
50340  -53.668  -33.018  29.914 0.0000000000
54377  -57.304  -29.476  29.438 0.0000000000
140820  -57.061  -30.370  29.597 0.0000000000
51362  -56.090  -31.234  29.111 0.0000000000
136307  -55.760  -31.490  29.043 0.0000000000
51369  -55.833  -31.714  27.949 0.0000000000
51378  -55.728  -31.979  27.300 0.0000000000
50402  -54.894  -32.197  26.309 0.0000000000
50417  -54.495  -32.073  25.755 0.0000000000
141004  -54.999  -31.975  26.079 0.0000000000
124005  -54.982  -31.381  25.537 0.0000000000
52395  -54.964  -30.868  25.048 0.0000000000
134853  -55.809  -27.333  24.782 0.0000000000
124843  -55.545  -28.022  24.573 0.0000000000
143678  -54.748  -27.607  23.923 0.0000000000
56658  -54.297  -27.989  23.868 0.0000000000
123564  -52.955  -28.292  23.777 0.0000000000
56656  -52.708  -27.551  23.772 0.0000000000
56655  -51.874  -27.381  23.746 0.0000000000
57811  -51.681  -26.492  23.726 0.0000000000
61725  -54.149  -22.791  27.699 0.0000000000
137589  -53.691  -22.781  26.384 0.0000000000
121079  -52.903  -21.706  24.294 0.0000000000
61762  -51.874  -22.754  24.124 0.0000000000
60811  -51.707  -23.450  24.249 0.0000000000
59803  -51.383  -24.532  23.884 0.0000000000
60825  -50.832  -23.754  23.477 0.0000000000
59829  -48.778  -24.357  21.860 0.0000000000
60835  -49.454  -23.746  22.225 0.0000000000
60849  -49.875  -23.024  21.704 0.0000000000
61794  -49.483  -22.779  20.708 0.0000000000
62818  -52.184  -21.062  19.392 0.0000000000
62828  -51.030  -21.234  18.044 0.0000000000
62840  -51.209  -21.311  17.291 0.0000000000
138843  -58.321  -17.543  20.754 0.0000000000
66544  -56.845  -18.104  20.348 0.0000000000
66545  -57.428  -17.495  20.251 0.0000000000
66556  -56.568  -17.377  19.798 0.0000000000
67469  -56.016  -16.813  19.204 0.0000000000
68482  -55.048  -15.975  16.747 0.0000000000
67497  -54.522  -16.486  17.201 0.0000000000
41334  -20.785  -42.636  40.961 0.0000000000
41347  -22.316  -41.915  39.057 0.0000000000
41369  -21.909  -41.918  37.308 0.0000000000
41381  -21.625  -42.095  36.410 0.0000000000
120871  -22.231  -42.022  34.983 0.0000000000
41397  -22.620  -42.076  34.192 0.0000000000
40331  -25.231  -43.358  39.252 0.0000000000
39342  -25.156  -44.356  38.815 0.0000000000
39357  -25.144  -44.209  38.006 0.0000000000
37262  -25.208  -46.022  33.275 0.0000000000
38349  -24.869  -45.151  33.531 0.0000000000
40424  -24.067  -43.199  32.262 0.0000000000
38385  -24.898  -45.880  29.278 0.0000000000
37290  -25.259  -46.629  28.927 0.0000000000
131532  -26.367  -48.029  28.827 0.0000000000
35305  -26.965  -48.610  28.982 0.0000000000
38254  -33.017  -45.540  39.882 0.0000000000
38235  -32.394  -45.802  40.561 0.0000000000
38253  -32.199  -45.164  39.869 0.0000000000
39347  -31.216  -44.306  39.317 0.0000000000
40369  -29.337  -43.345  36.532 0.0000000000
40368  -28.594  -43.612  36.772 0.0000000000
39404  -27.939  -44.952  35.822 0.0000000000
137436  -28.714  -46.390  35.142 0.0000000000
37240  -31.057  -47.394  34.784 0.0000000000
46304  -45.426  -37.138  27.413 0.0000000000
46305  -46.033  -37.018  27.659 0.0000000000
46306  -46.652  -37.039  28.093 0.0000000000
46280  -47.433  -37.585  28.957 0.0000000000
46291  -47.221  -37.149  28.556 0.0000000000
47333  -47.698  -36.528  28.827 0.0000000000
48352  -48.474  -36.082  29.267 0.0000000000
48353  -49.037  -35.624  29.809 0.0000000000
41417  -44.709  -42.828  33.739 0.0000000000
41435  -45.224  -42.095  33.546 0.0000000000
42365  -44.353  -41.383  32.735 0.0000000000
43327  -44.086  -40.665  32.349 0.0000000000
43340  -45.358  -40.094  32.194 0.0000000000
141882  -43.195  -40.022  31.683 0.0000000000
44262  -42.795  -39.622  31.162 0.0000000000
44287  -42.034  -38.665  29.833 0.0000000000
143466  -41.669  -38.568  29.493 0.0000000000
45198  -42.778  -37.998  29.852 0.0000000000
46277  -43.481  -37.432  29.202 0.0000000000
127828  -44.066  -37.299  28.331 0.0000000000
46303  -44.598  -37.213  27.453 0.0000000000
38181  -28.504  -45.860  44.446 0.0000000000
37113  -28.121  -46.112  43.636 0.0000000000
129560  -28.557  -46.335  43.246 0.0000000000
36126  -28.642  -46.486  42.710 0.0000000000
36111  -29.188  -46.506  42.874 0.0000000000
36144  -28.358  -46.564  42.089 0.0000000000
139104  -28.557  -46.471  41.818 0.0000000000
38231  -28.476  -45.483  40.532 0.0000000000
52394  -46.159  -31.950  24.915 0.0000000000
52393  -45.364  -31.882  24.506 0.0000000000
51412  -47.781  -32.201  24.390 0.0000000000
51455  -48.768  -32.797  20.916 0.0000000000
120813  -49.552  -32.809  21.248 0.0000000000
144730  -49.451  -32.966  22.033 0.0000000000
50462  -50.247  -32.729  21.779 0.0000000000
51457  -51.031  -31.913  21.478 0.0000000000
51473  -51.397  -31.413  21.738 0.0000000000
123079  -38.250  -46.355  40.274 0.0000000000
37216  -37.981  -45.953  38.893 0.0000000000
38277  -39.277  -45.851  38.057 0.0000000000
38276  -38.362  -45.600  38.023 0.0000000000
38293  -37.629  -45.092  37.477 0.0000000000
39396  -37.308  -44.339  36.137 0.0000000000
41461  -38.841  -43.010  30.140 0.0000000000
40461  -38.497  -43.414  30.674 0.0000000000
41474  -36.867  -42.842  29.394 0.0000000000
41490  -36.380  -42.430  28.794 0.0000000000
41489  -35.451  -42.424  28.846 0.0000000000
41488  -34.547  -42.344  28.886 0.0000000000
126801  -33.487  -41.833  28.626 0.0000000000
42404  -32.852  -41.630  28.601 0.0000000000
42442  -32.004  -40.800  27.277 0.0000000000
145848  -33.261  -40.835  26.715 0.0000000000
139657  -37.320  -35.321  25.608 0.0000000000
48390  -37.044  -34.873  25.036 0.0000000000
49369  -35.920  -34.474  23.932 0.0000000000
49391  -37.516  -34.237  23.638 0.0000000000
49390  -36.615  -34.168  23.460 0.0000000000
55474  -57.467  -28.235  28.521 0.0000000000
54395  -57.520  -29.258  27.615 0.0000000000
53407  -56.767  -29.545  26.851 0.0000000000
55495  -57.134  -28.711  26.987 0.0000000000
56626  -56.798  -28.082  26.166 0.0000000000
56625  -56.576  -27.788  25.670 0.0000000000
58773  -56.487  -26.957  27.100 0.0000000000
144578  -56.627  -27.086  26.252 0.0000000000
57791  -56.231  -27.069  25.339 0.0000000000
58819  -55.815  -26.434  25.305 0.0000000000
58818  -55.321  -25.904  24.858 0.0000000000
59791  -54.718  -25.264  24.751 0.0000000000
62728  -55.446  -20.998  27.089 0.0000000000
141508  -54.865  -21.225  25.960 0.0000000000
62759  -54.457  -21.252  24.956 0.0000000000
62771  -54.222  -21.156  24.039 0.0000000000
134119  -52.868  -21.553  23.500 0.0000000000
62784  -52.528  -21.650  22.894 0.0000000000
121062  -52.090  -21.833  22.255 0.0000000000
63748  -53.838  -20.826  21.258 0.0000000000
62809  -53.297  -20.904  20.604 0.0000000000
63764  -53.028  -20.689  19.771 0.0000000000
64738  -52.926  -19.404  18.384 0.0000000000
136633  -58.458  -15.957  18.836 0.0000000000
67485  -57.636  -15.919  18.802 0.0000000000
41298  -21.824  -42.221  42.587 0.0000000000
42303  -23.190  -41.678  39.210 0.0000000000
41370  -23.927  -41.833  36.973 0.0000000000
37224  -25.440  -45.962  37.094 0.0000000000
38304  -25.352  -45.561  36.658 0.0000000000
36253  -26.544  -47.358  31.455 0.0000000000
35270  -27.744  -48.199  32.219 0.0000000000
35281  -28.408  -48.535  31.359 0.0000000000
39377  -31.746  -43.880  38.100 0.0000000000
40358  -32.129  -43.659  37.260 0.0000000000
139435  -30.109  -43.214  36.409 0.0000000000
40382  -29.491  -43.135  35.719 0.0000000000
130781  -40.603  -34.648  23.242 0.0000000000
49411  -41.024  -34.348  22.727 0.0000000000
49394  -42.760  -34.442  23.864 0.0000000000
48395  -43.007  -35.244  24.666 0.0000000000
49376  -43.192  -34.790  24.418 0.0000000000
49395  -43.295  -34.143  24.043 0.0000000000
50408  -44.344  -33.312  24.804 0.0000000000
50409  -44.783  -33.249  25.323 0.0000000000
143573  -45.170  -36.493  26.721 0.0000000000
47353  -44.866  -35.910  26.226 0.0000000000
48369  -44.857  -35.457  26.242 0.0000000000
49335  -46.067  -35.000  27.538 0.0000000000
132539  -45.497  -35.117  26.817 0.0000000000
49344  -45.048  -34.462  26.272 0.0000000000
51397  -45.560  -32.678  25.676 0.0000000000
51399  -47.416  -32.402  25.822 0.0000000000
51375  -47.850  -32.774  27.480 0.0000000000
51400  -48.262  -32.540  25.909 0.0000000000
122327  -50.032  -33.287  26.067 0.0000000000
50381  -50.821  -33.355  26.487 0.0000000000
38310  -41.656  -45.391  36.803 0.0000000000
131412  -41.996  -44.994  35.991 0.0000000000
136514  -41.704  -44.663  34.716 0.0000000000
39428  -42.734  -44.419  34.748 0.0000000000
39427  -42.087  -44.470  34.333 0.0000000000
39443  -40.988  -44.228  33.706 0.0000000000
121257  -40.524  -43.935  32.993 0.0000000000
39477  -40.170  -43.716  32.077 0.0000000000
40463  -40.089  -43.383  31.235 0.0000000000
41416  -44.033  -42.742  33.296 0.0000000000
40433  -43.305  -43.110  33.172 0.0000000000
41432  -42.707  -42.733  32.679 0.0000000000
41450  -42.048  -42.505  31.945 0.0000000000
41448  -40.567  -43.035  31.070 0.0000000000
41462  -39.514  -42.906  30.195 0.0000000000
41476  -39.170  -42.536  29.671 0.0000000000
42393  -38.750  -42.128  29.051 0.0000000000
42410  -38.283  -41.617  28.501 0.0000000000
43357  -37.860  -41.106  27.925 0.0000000000
138747  -35.084  -38.778  25.894 0.0000000000
45221  -36.453  -38.540  26.729 0.0000000000
131949  -36.291  -37.977  26.637 0.0000000000
46309  -36.489  -37.315  26.629 0.0000000000
48365  -37.589  -36.412  26.510 0.0000000000
45197  -41.256  -38.506  29.180 0.0000000000
46287  -40.461  -37.781  28.118 0.0000000000
46299  -40.230  -37.242  27.513 0.0000000000
129378  -37.995  -35.707  25.956 0.0000000000
48376  -38.654  -35.384  25.542 0.0000000000
128765  -38.922  -34.976  24.967 0.0000000000
124585  -40.253  -35.285  25.231 0.0000000000
48391  -39.775  -34.970  24.757 0.0000000000
49374  -40.164  -34.808  23.954 0.0000000000
64683  -58.294  -19.176  22.980 0.0000000000
124457  -58.590  -18.622  22.394 0.0000000000
144005  -58.570  -18.409  21.862 0.0000000000
66535  -59.219  -17.230  21.943 0.0000000000
67455  -59.075  -17.030  20.663 0.0000000000
67472  -59.078  -16.561  19.971 0.0000000000
67458  -60.532  -15.953  20.208 0.0000000000
67473  -59.805  -16.311  19.794 0.0000000000
67486  -59.163  -16.217  19.275 0.0000000000
68472  -59.207  -16.014  18.409 0.0000000000
68487  -59.636  -16.005  17.649 0.0000000000
67514  -60.578  -16.321  17.175 0.0000000000
68503  -59.288  -15.639  16.670 0.0000000000
41301  -26.114  -42.528  42.488 0.0000000000
40302  -26.020  -43.167  41.587 0.0000000000
39320  -25.871  -44.289  41.130 0.0000000000
39332  -25.491  -44.387  40.365 0.0000000000
38248  -25.222  -45.123  39.196 0.0000000000
125047  -25.343  -45.699  38.647 0.0000000000
37112  -27.567  -46.009  43.078 0.0000000000
37131  -26.865  -45.963  41.978 0.0000000000
37151  -26.755  -46.038  41.285 0.0000000000
36142  -27.027  -46.156  41.209 0.0000000000
36141  -26.541  -46.112  40.654 0.0000000000
124213  -26.202  -45.897  40.811 0.0000000000
37213  -25.411  -45.840  37.835 0.0000000000
36189  -25.671  -46.380  36.768 0.0000000000
36190  -25.917  -46.652  36.433 0.0000000000
36181  -26.084  -46.696  37.809 0.0000000000
139061  -26.265  -46.965  35.363 0.0000000000
36202  -27.649  -47.004  35.106 0.0000000000
41429  -30.228  -42.206  32.534 0.0000000000
50440  -41.404  -33.774  22.475 0.0000000000
124578  -42.434  -32.808  22.733 0.0000000000
52413  -41.728  -31.998  22.126 0.0000000000
52426  -42.170  -31.153  22.096 0.0000000000
52403  -45.248  -31.541  23.874 0.0000000000
52415  -44.562  -31.044  23.112 0.0000000000
52416  -45.300  -30.986  22.611 0.0000000000
53428  -44.415  -30.714  22.497 0.0000000000
53427  -43.564  -30.724  22.338 0.0000000000
54512  -50.400  -30.142  19.346 0.0000000000
54511  -49.874  -29.289  19.772 0.0000000000
55552  -48.881  -28.875  21.375 0.0000000000
36131  -33.544  -46.796  42.746 0.0000000000
36130  -32.753  -46.728  42.687 0.0000000000
36146  -33.265  -46.780  42.304 0.0000000000
37154  -33.384  -46.729  41.764 0.0000000000
37179  -33.505  -46.557  41.121 0.0000000000
134661  -33.963  -46.450  40.542 0.0000000000
143584  -33.460  -44.817  38.845 0.0000000000
39363  -33.176  -44.434  38.479 0.0000000000
37201  -36.798  -46.311  39.872 0.0000000000
38256  -36.217  -45.902  39.279 0.0000000000
38273  -35.616  -45.347  38.736 0.0000000000
38291  -35.911  -44.813  37.990 0.0000000000
138414  -32.902  -43.286  35.687 0.0000000000
41403  -32.080  -42.706  34.222 0.0000000000
38309  -40.905  -45.404  36.465 0.0000000000
122283  -40.333  -45.118  35.839 0.0000000000
38323  -39.755  -44.887  35.276 0.0000000000
38334  -39.922  -44.713  34.518 0.0000000000
39412  -39.170  -44.698  34.714 0.0000000000
38322  -38.944  -44.828  35.538 0.0000000000
39411  -38.398  -44.473  35.011 0.0000000000
39421  -37.010  -44.083  34.467 0.0000000000
120935  -38.163  -43.630  31.219 0.0000000000
143799  -36.655  -43.582  31.316 0.0000000000
39460  -37.455  -43.880  32.779 0.0000000000
145043  -36.892  -43.824  32.784 0.0000000000
40398  -36.214  -43.766  33.987 0.0000000000
40426  -33.952  -42.836  32.625 0.0000000000
41415  -33.021  -42.640  33.018 0.0000000000
121546  -32.049  -42.402  32.957 0.0000000000
138160  -35.234  -35.271  24.937 0.0000000000
44268  -48.592  -39.379  32.021 0.0000000000
44269  -49.198  -39.108  32.052 0.0000000000
44255  -49.309  -39.262  32.513 0.0000000000
44249  -49.878  -39.065  33.163 0.0000000000
44235  -50.738  -38.228  33.863 0.0000000000
41276  -21.452  -42.187  43.743 0.0000000000
41278  -23.405  -41.660  43.669 0.0000000000
41279  -24.515  -41.557  43.749 0.0000000000
41258  -24.739  -41.446  44.608 0.0000000000
137359  -25.432  -41.799  43.919 0.0000000000
41281  -26.449  -42.734  44.003 0.0000000000
40255  -26.855  -43.349  44.648 0.0000000000
39287  -27.626  -44.852  44.673 0.0000000000
39277  -28.540  -44.710  45.655 0.0000000000
38169  -28.187  -45.218  44.968 0.0000000000
38170  -28.855  -45.425  45.191 0.0000000000
37090  -29.278  -46.036  44.639 0.0000000000
142557  -29.951  -45.856  44.990 0.0000000000
37091  -30.625  -45.904  45.021 0.0000000000
145069  -31.154  -46.354  44.306 0.0000000000
37101  -31.747  -46.317  44.581 0.0000000000
37116  -32.383  -46.530  43.955 0.0000000000
37117  -33.306  -46.534  44.008 0.0000000000
36116  -33.855  -46.749  43.339 0.0000000000
36117  -34.611  -46.728  43.190 0.0000000000
129535  -34.917  -46.789  42.660 0.0000000000
37120  -35.740  -46.385  43.373 0.0000000000
36118  -35.408  -46.686  42.906 0.0000000000
36119  -36.091  -46.636  42.435 0.0000000000
36133  -36.813  -46.601  42.055 0.0000000000
37158  -37.605  -46.496  41.712 0.0000000000
37123  -37.862  -46.234  42.610 0.0000000000
37139  -38.124  -46.336  42.060 0.0000000000
37184  -38.774  -46.319  40.735 0.0000000000
37185  -39.591  -46.157  40.415 0.0000000000
37186  -40.307  -45.964  40.108 0.0000000000
37205  -40.863  -45.752  39.461 0.0000000000
37220  -41.511  -45.726  38.907 0.0000000000
38280  -42.254  -45.592  38.850 0.0000000000
38240  -42.758  -45.063  39.841 0.0000000000
38259  -42.880  -45.190  39.147 0.0000000000
124973  -42.382  -45.409  38.177 0.0000000000
38299  -42.877  -45.039  37.577 0.0000000000
38300  -43.677  -44.515  37.324 0.0000000000
39367  -44.668  -43.948  38.131 0.0000000000
39384  -44.481  -43.934  37.233 0.0000000000
39398  -44.724  -43.821  36.313 0.0000000000
39399  -45.525  -43.530  36.031 0.0000000000
40389  -46.196  -43.173  35.733 0.0000000000
40362  -46.607  -42.776  36.760 0.0000000000
40376  -46.700  -42.806  36.032 0.0000000000
40390  -46.667  -42.671  35.379 0.0000000000
41405  -46.545  -42.440  34.789 0.0000000000
41420  -46.905  -41.869  34.542 0.0000000000
42369  -47.657  -40.817  33.899 0.0000000000
43331  -47.973  -40.252  33.207 0.0000000000
43342  -48.503  -39.735  32.675 0.0000000000
45192  -49.335  -38.629  31.625 0.0000000000
140564  -49.494  -38.186  31.292 0.0000000000
46272  -49.466  -37.737  30.673 0.0000000000
46257  -50.548  -37.292  32.598 0.0000000000
46256  -50.262  -37.222  31.845 0.0000000000
125652  -50.034  -37.119  31.016 0.0000000000
47321  -49.555  -36.917  30.298 0.0000000000
47322  -50.018  -36.135  30.777 0.0000000000
48347  -49.559  -35.305  30.416 0.0000000000
48277  -52.454  -35.533  34.160 0.0000000000
48310  -52.033  -35.318  33.200 0.0000000000
49274  -52.997  -34.506  33.622 0.0000000000
48311  -52.585  -34.878  33.398 0.0000000000
49303  -50.714  -34.807  31.399 0.0000000000
49317  -49.836  -34.424  30.496 0.0000000000
50336  -49.740  -33.737  30.040 0.0000000000
123503  -49.971  -33.212  29.371 0.0000000000
50349  -50.847  -33.188  29.104 0.0000000000
50339  -52.255  -33.392  30.050 0.0000000000
144531  -51.092  -33.138  28.319 0.0000000000
50365  -50.770  -33.142  27.533 0.0000000000
138488  -51.592  -33.320  26.912 0.0000000000
50382  -51.688  -33.376  26.050 0.0000000000
50315  -54.773  -32.420  30.996 0.0000000000
138580  -54.355  -32.637  29.402 0.0000000000
121565  -53.841  -33.016  28.910 0.0000000000
50354  -55.131  -32.585  28.039 0.0000000000
50353  -54.574  -32.804  28.443 0.0000000000
122350  -54.065  -33.081  28.013 0.0000000000
50366  -53.387  -33.244  27.461 0.0000000000
143243  -52.235  -33.309  26.545 0.0000000000
50398  -52.008  -33.227  25.059 0.0000000000
50413  -51.998  -33.235  24.159 0.0000000000
50427  -52.531  -32.896  23.782 0.0000000000
50416  -53.913  -32.251  25.212 0.0000000000
50428  -52.995  -32.519  24.040 0.0000000000
50447  -52.693  -32.518  23.491 0.0000000000
51443  -52.356  -32.333  23.001 0.0000000000
51459  -52.451  -31.798  22.807 0.0000000000
52431  -52.500  -31.299  22.736 0.0000000000
53414  -56.198  -29.673  25.695 0.0000000000
53413  -55.651  -30.302  25.458 0.0000000000
53422  -54.607  -30.552  24.534 0.0000000000
54468  -54.858  -29.210  24.268 0.0000000000
122930  -54.374  -30.146  24.287 0.0000000000
53421  -53.968  -30.861  24.046 0.0000000000
53431  -53.382  -31.126  23.521 0.0000000000
53430  -52.779  -30.984  23.060 0.0000000000
53447  -52.164  -30.980  22.369 0.0000000000
53446  -51.790  -30.822  22.095 0.0000000000
144847  -51.667  -30.710  21.954 0.0000000000
54475  -50.448  -29.633  22.288 0.0000000000
55532  -49.844  -28.969  22.754 0.0000000000
55544  -48.959  -28.678  22.372 0.0000000000
56669  -48.654  -27.631  22.640 0.0000000000
60793  -54.539  -24.926  25.740 0.0000000000
131845  -54.103  -25.339  24.222 0.0000000000
61752  -53.138  -22.604  25.443 0.0000000000
60791  -53.290  -23.504  25.599 0.0000000000
59773  -53.761  -24.350  25.201 0.0000000000
59790  -53.541  -24.797  24.471 0.0000000000
58816  -53.328  -25.464  23.987 0.0000000000
57810  -50.768  -26.481  23.601 0.0000000000
57809  -49.842  -26.558  23.398 0.0000000000
57827  -48.928  -26.541  22.927 0.0000000000
56668  -48.179  -27.391  21.897 0.0000000000
57829  -48.076  -26.665  21.422 0.0000000000
142443  -48.136  -25.853  21.240 0.0000000000
58870  -48.192  -25.308  20.669 0.0000000000
59828  -48.375  -24.493  20.911 0.0000000000
59847  -48.535  -24.813  19.256 0.0000000000
144434  -48.836  -24.583  18.810 0.0000000000
61796  -51.398  -21.997  21.603 0.0000000000
61806  -50.061  -22.170  20.201 0.0000000000
62816  -50.675  -21.736  19.609 0.0000000000
61816  -49.767  -22.105  19.147 0.0000000000
61815  -49.147  -22.755  18.808 0.0000000000
61831  -49.237  -23.029  18.229 0.0000000000
59869  -49.897  -23.647  17.877 0.0000000000
64712  -56.354  -19.282  21.094 0.0000000000
64711  -55.503  -19.307  20.591 0.0000000000
65643  -53.683  -19.083  18.932 0.0000000000
67484  -56.619  -16.133  18.787 0.0000000000
66565  -54.331  -17.429  18.451 0.0000000000
65654  -53.246  -18.596  18.114 0.0000000000
41346  -21.614  -42.228  39.645 0.0000000000
40379  -20.727  -43.161  34.918 0.0000000000
41387  -21.368  -42.340  35.491 0.0000000000
138966  -25.149  -42.106  40.115 0.0000000000
41348  -24.960  -42.178  39.374 0.0000000000
42318  -24.407  -41.952  38.622 0.0000000000
41359  -24.081  -41.843  37.835 0.0000000000
38289  -25.300  -44.995  36.966 0.0000000000
39389  -25.183  -44.285  36.473 0.0000000000
144841  -25.052  -43.922  35.975 0.0000000000
39417  -24.801  -44.064  34.890 0.0000000000
40380  -24.773  -43.543  35.536 0.0000000000
131617  -24.839  -43.353  36.141 0.0000000000
41390  -24.293  -42.555  35.573 0.0000000000
41382  -23.742  -41.942  36.111 0.0000000000
41389  -23.524  -41.942  35.239 0.0000000000
41398  -23.328  -42.014  34.353 0.0000000000
41410  -23.186  -42.167  33.438 0.0000000000
41427  -23.033  -42.448  32.546 0.0000000000
41441  -22.897  -42.871  31.802 0.0000000000
40402  -22.397  -42.869  32.458 0.0000000000
36263  -26.727  -47.355  30.071 0.0000000000
38234  -31.531  -45.445  40.512 0.0000000000
37176  -30.881  -45.823  41.020 0.0000000000
37175  -29.997  -45.799  41.261 0.0000000000
38249  -28.044  -44.994  39.807 0.0000000000
39361  -31.033  -43.924  38.683 0.0000000000
39345  -29.399  -44.058  39.172 0.0000000000
39344  -28.445  -44.373  39.290 0.0000000000
39343  -27.792  -44.734  39.142 0.0000000000
38290  -27.033  -45.635  37.750 0.0000000000
144990  -26.994  -46.196  36.478 0.0000000000
40405  -29.425  -43.025  33.624 0.0000000000
38332  -29.939  -46.034  33.943 0.0000000000
38321  -28.846  -45.646  34.876 0.0000000000
125009  -29.054  -46.944  35.044 0.0000000000
133709  -29.763  -47.232  34.960 0.0000000000
36219  -28.532  -47.630  34.720 0.0000000000
35243  -28.936  -48.283  34.364 0.0000000000
35261  -29.302  -48.829  33.960 0.0000000000
36112  -29.638  -46.523  43.268 0.0000000000
36271  -26.965  -47.942  29.147 0.0000000000
37100  -30.934  -46.204  44.603 0.0000000000
37282  -25.486  -46.286  29.505 0.0000000000
38278  -40.468  -45.874  38.577 0.0000000000
38317  -25.239  -45.064  36.229 0.0000000000
38325  -41.583  -44.869  35.349 0.0000000000
38327  -43.480  -44.406  35.802 0.0000000000
38384  -24.310  -45.596  29.182 0.0000000000
39414  -44.126  -44.097  35.292 0.0000000000
39426  -41.414  -44.490  34.231 0.0000000000
39445  -42.789  -44.206  34.174 0.0000000000
39476  -39.671  -43.827  32.132 0.0000000000
40319  -25.372  -43.667  39.988 0.0000000000
40413  -44.356  -43.606  34.228 0.0000000000
40429  -36.930  -43.795  32.083 0.0000000000
40441  -23.300  -43.269  31.277 0.0000000000
40451  -42.010  -43.114  32.590 0.0000000000
40469  -36.662  -43.055  30.004 0.0000000000
41418  -45.598  -42.493  34.003 0.0000000000
41487  -33.857  -42.158  28.966 0.0000000000
42355  -45.933  -41.720  33.685 0.0000000000
42359  -48.408  -40.382  33.875 0.0000000000
42395  -40.655  -41.587  30.084 0.0000000000
43321  -48.907  -39.850  33.287 0.0000000000
43329  -45.758  -40.524  32.621 0.0000000000
43338  -43.856  -40.006  31.936 0.0000000000
43341  -47.076  -39.856  32.207 0.0000000000
43343  -48.992  -39.487  32.542 0.0000000000
43382  -32.693  -40.548  26.559 0.0000000000
44250  -50.388  -38.435  33.323 0.0000000000
44256  -49.668  -39.007  32.634 0.0000000000
44281  -48.934  -38.893  31.388 0.0000000000
45170  -49.857  -38.478  32.442 0.0000000000
45193  -49.834  -37.769  31.455 0.0000000000
46218  -51.278  -37.236  33.681 0.0000000000
46301  -43.004  -36.914  27.863 0.0000000000
47331  -41.831  -36.973  28.158 0.0000000000
48293  -52.276  -35.533  33.615 0.0000000000
48348  -50.146  -35.084  30.933 0.0000000000
50330  -54.842  -32.202  29.942 0.0000000000
50337  -50.498  -33.401  29.911 0.0000000000
50342  -55.506  -31.928  28.480 0.0000000000
50368  -55.160  -32.557  27.317 0.0000000000
50369  -55.430  -32.299  27.087 0.0000000000
50386  -55.194  -32.354  26.793 0.0000000000
50401  -54.326  -32.306  25.939 0.0000000000
50414  -52.532  -33.006  24.399 0.0000000000
50415  -53.338  -32.496  24.712 0.0000000000
50446  -52.206  -32.727  23.205 0.0000000000
50464  -51.393  -32.482  22.354 0.0000000000
51363  -56.371  -31.081  28.784 0.0000000000
51370  -56.254  -31.213  28.124 0.0000000000
51391  -56.091  -31.635  27.061 0.0000000000
51402  -55.292  -32.043  26.459 0.0000000000
51416  -54.685  -31.784  25.653 0.0000000000
51417  -55.293  -31.682  26.089 0.0000000000
51430  -53.701  -31.738  24.295 0.0000000000
52355  -56.144  -31.319  30.179 0.0000000000
52368  -56.368  -31.118  27.470 0.0000000000
52369  -56.602  -30.414  27.322 0.0000000000
52376  -56.009  -31.532  26.573 0.0000000000
52384  -56.219  -30.999  26.413 0.0000000000
52392  -44.712  -31.908  24.284 0.0000000000
52405  -53.622  -31.330  23.847 0.0000000000
52430  -51.992  -31.323  22.270 0.0000000000
53376  -56.876  -30.706  28.878 0.0000000000
53385  -56.856  -30.221  28.251 0.0000000000
53392  -56.884  -29.799  27.769 0.0000000000
53405  -56.129  -30.523  26.017 0.0000000000
53406  -56.581  -29.689  26.239 0.0000000000
53412  -55.196  -30.080  24.915 0.0000000000
54429  -57.205  -29.148  27.200 0.0000000000
54444  -56.872  -29.089  26.609 0.0000000000
54458  -55.779  -29.525  25.186 0.0000000000
55475  -57.905  -28.765  27.860 0.0000000000
55484  -57.726  -28.786  27.343 0.0000000000
55504  -56.735  -28.318  25.919 0.0000000000
55505  -56.858  -28.543  26.388 0.0000000000
55519  -55.310  -28.715  24.486 0.0000000000
55536  -54.425  -28.724  23.973 0.0000000000
56614  -56.928  -27.974  26.817 0.0000000000
56638  -55.215  -27.299  24.224 0.0000000000
57709  -56.703  -27.341  28.333 0.0000000000
57770  -56.658  -27.320  25.928 0.0000000000
57771  -56.760  -27.555  26.419 0.0000000000
57790  -55.656  -26.682  24.769 0.0000000000
58793  -56.701  -27.196  26.584 0.0000000000
59859  -49.334  -24.331  18.517 0.0000000000
60886  -48.762  -24.143  18.743 0.0000000000
61814  -48.807  -23.436  18.714 0.0000000000
63690  -57.060  -20.277  25.584 0.0000000000
63734  -57.131  -20.116  23.082 0.0000000000
65626  -58.946  -18.025  21.989 0.0000000000
65637  -58.475  -18.085  21.414 0.0000000000
124183  -56.929  -28.325  26.746 0.0000000000
126499  -57.330  -28.370  27.131 0.0000000000
127917  -57.780  -28.342  27.471 0.0000000000
129110  -45.002  -38.934  31.235 0.0000000000
129348  -41.595  -44.284  33.891 0.0000000000
131890  -56.461  -31.073  29.511 0.0000000000
132635  -25.352  -45.447  37.378 0.0000000000
134927  -53.984  -32.627  26.271 0.0000000000
135009  -50.332  -33.027  28.499 0.0000000000
135448  -48.310  -26.842  22.264 0.0000000000
135571  -51.445  -23.832  23.982 0.0000000000
135956  -55.972  -31.369  28.580 0.0000000000
135999  -46.464  -38.086  29.449 0.0000000000
137242  -53.432  -21.218  21.919 0.0000000000
137273  -46.131  -43.044  35.139 0.0000000000
138221  -55.578  -31.782  26.431 0.0000000000
139015  -56.474  -19.762  21.753 0.0000000000
139361  -52.931  -33.273  26.726 0.0000000000
139448  -26.020  -45.451  40.907 0.0000000000
139706  -50.255  -33.850  30.401 0.0000000000
140660  -54.890  -29.874  24.559 0.0000000000
140738  -56.338  -20.430  23.003 0.0000000000
142846  -50.599  -29.152  22.969 0.0000000000
143987  -52.831  -33.370  27.291 0.0000000000
144895  -34.800  -42.808  31.459 0.0000000000
145801  -45.693  -43.426  35.471 0.0000000000
