#!ascii label  , from subject sub-v1s0x0050642_ses-1 vox2ras=TkReg
421
78654  -25.143  -4.721  -33.182 0.0000000000
74351  -20.933  -9.108  -30.583 0.0000000000
74344  -26.692  -9.053  -30.410 0.0000000000
70809  -22.938  -13.493  -31.618 0.0000000000
88617  -27.614  7.522  -34.205 0.0000000000
86148  -28.388  4.611  -31.267 0.0000000000
81775  -22.473  0.138  -33.844 0.0000000000
67079  -21.654  -17.628  -29.735 0.0000000000
72706  -21.944  -11.080  -31.449 0.0000000000
71749  -20.525  -12.304  -29.694 0.0000000000
137792  -27.513  6.351  -32.965 0.0000000000
85269  -25.330  3.761  -33.445 0.0000000000
78627  -21.172  -4.487  -31.797 0.0000000000
80145  -20.206  -2.383  -31.356 0.0000000000
80172  -24.088  -2.317  -34.124 0.0000000000
81747  -26.531  -0.269  -32.084 0.0000000000
134648  -27.905  -2.080  -31.272 0.0000000000
79370  -28.670  -3.992  -30.417 0.0000000000
134374  -19.838  -6.697  -30.074 0.0000000000
76998  -22.384  -7.015  -31.885 0.0000000000
76105  -25.570  -7.001  -32.393 0.0000000000
74363  -24.110  -9.381  -32.710 0.0000000000
72699  -24.716  -11.039  -31.676 0.0000000000
70781  -25.098  -13.612  -29.712 0.0000000000
128979  -22.147  1.675  -32.920 0.0000000000
83479  -25.342  1.550  -33.023 0.0000000000
85233  -29.897  2.934  -29.891 0.0000000000
69844  -20.214  -14.409  -29.005 0.0000000000
68964  -22.201  -15.514  -30.575 0.0000000000
132100  -20.357  -11.643  -29.602 0.0000000000
71748  -20.117  -12.036  -29.118 0.0000000000
86163  -25.187  4.525  -33.499 0.0000000000
85266  -23.559  3.609  -33.308 0.0000000000
78640  -23.353  -4.936  -33.118 0.0000000000
79417  -22.018  -3.595  -32.860 0.0000000000
79424  -24.233  -3.995  -33.608 0.0000000000
80160  -26.105  -2.577  -32.552 0.0000000000
141133  -26.402  -3.146  -32.306 0.0000000000
133524  -28.433  -3.295  -30.691 0.0000000000
78628  -27.029  -4.567  -31.611 0.0000000000
76078  -20.571  -7.857  -30.372 0.0000000000
76997  -21.461  -7.191  -31.305 0.0000000000
76092  -22.090  -8.042  -31.743 0.0000000000
75248  -23.437  -8.715  -32.569 0.0000000000
74353  -22.381  -9.546  -31.978 0.0000000000
140352  -22.543  -12.062  -31.783 0.0000000000
71785  -23.532  -11.469  -32.421 0.0000000000
133341  -23.897  -12.691  -31.831 0.0000000000
71762  -24.876  -12.187  -30.777 0.0000000000
70797  -24.364  -13.826  -30.713 0.0000000000
135086  -25.435  6.946  -33.474 0.0000000000
88608  -24.986  7.748  -33.569 0.0000000000
89375  -26.636  8.433  -35.271 0.0000000000
144674  -27.146  9.238  -36.115 0.0000000000
89367  -28.624  8.445  -33.832 0.0000000000
87014  -28.025  5.325  -31.632 0.0000000000
81763  -21.160  -0.965  -32.791 0.0000000000
81762  -20.952  -0.535  -32.215 0.0000000000
131116  -21.828  0.415  -33.204 0.0000000000
83493  -23.876  1.442  -33.860 0.0000000000
82658  -24.069  0.934  -33.857 0.0000000000
81730  -28.885  -0.160  -30.333 0.0000000000
83451  -28.117  1.071  -31.015 0.0000000000
83434  -30.062  1.582  -29.544 0.0000000000
128520  -26.170  -7.834  -31.373 0.0000000000
128529  -27.841  -6.796  -30.491 0.0000000000
137959  -20.518  -16.682  -29.315 0.0000000000
122186  -20.501  -15.825  -29.496 0.0000000000
68962  -20.996  -14.866  -30.052 0.0000000000
68047  -21.459  -16.112  -30.230 0.0000000000
123092  -20.675  -9.699  -30.281 0.0000000000
73551  -21.784  -10.428  -31.420 0.0000000000
72696  -20.920  -10.998  -30.468 0.0000000000
72697  -21.454  -11.421  -30.877 0.0000000000
70796  -21.567  -13.405  -30.745 0.0000000000
87852  -26.563  6.445  -33.579 0.0000000000
122585  -27.522  7.039  -33.516 0.0000000000
134706  -26.495  5.772  -33.435 0.0000000000
87022  -26.950  4.933  -32.968 0.0000000000
86157  -27.109  4.433  -32.459 0.0000000000
78615  -19.580  -4.849  -30.144 0.0000000000
79403  -20.334  -3.252  -31.414 0.0000000000
133363  -21.243  -2.241  -32.842 0.0000000000
80955  -23.025  -1.191  -34.176 0.0000000000
81778  -24.259  -0.461  -34.053 0.0000000000
80958  -24.946  -1.385  -33.668 0.0000000000
80932  -27.356  -1.497  -31.510 0.0000000000
140258  -29.285  -0.719  -30.089 0.0000000000
80900  -29.837  -1.746  -29.712 0.0000000000
65276  -22.627  -18.944  -29.324 0.0000000000
67080  -22.411  -17.600  -29.810 0.0000000000
77843  -20.345  -5.545  -30.772 0.0000000000
77856  -22.544  -5.998  -32.175 0.0000000000
77017  -24.371  -5.989  -33.226 0.0000000000
77859  -25.938  -5.471  -32.445 0.0000000000
77007  -24.344  -6.924  -33.038 0.0000000000
76104  -25.046  -7.750  -32.662 0.0000000000
74354  -25.240  -9.269  -31.848 0.0000000000
73560  -22.968  -10.595  -32.502 0.0000000000
73552  -24.288  -10.578  -32.447 0.0000000000
74343  -25.653  -9.849  -30.996 0.0000000000
73529  -25.962  -10.906  -29.966 0.0000000000
71751  -25.992  -12.160  -29.155 0.0000000000
89357  -28.743  8.151  -32.774 0.0000000000
124873  -23.753  2.737  -33.650 0.0000000000
84329  -25.612  3.007  -33.254 0.0000000000
84320  -26.994  2.946  -32.049 0.0000000000
82625  -26.446  0.679  -32.337 0.0000000000
84308  -27.343  2.069  -31.767 0.0000000000
85245  -29.309  3.592  -30.449 0.0000000000
77832  -27.446  -5.336  -31.163 0.0000000000
77815  -29.300  -5.473  -29.829 0.0000000000
70755  -19.538  -13.206  -27.818 0.0000000000
128770  -20.271  -13.481  -29.109 0.0000000000
69860  -21.323  -14.303  -30.423 0.0000000000
69862  -22.639  -14.712  -30.931 0.0000000000
67095  -22.806  -16.922  -29.936 0.0000000000
68965  -23.734  -15.754  -30.015 0.0000000000
69864  -23.957  -14.404  -30.736 0.0000000000
85261  -22.939  3.433  -32.856 0.0000000000
78652  -24.007  -4.792  -33.408 0.0000000000
78651  -23.474  -4.094  -33.382 0.0000000000
79425  -24.908  -3.960  -33.492 0.0000000000
79418  -25.473  -3.940  -33.084 0.0000000000
79419  -26.072  -3.901  -32.532 0.0000000000
79405  -26.700  -3.821  -31.955 0.0000000000
78641  -25.693  -4.698  -32.728 0.0000000000
75226  -20.457  -8.368  -30.103 0.0000000000
137468  -20.901  -8.508  -30.605 0.0000000000
76091  -21.246  -8.137  -31.035 0.0000000000
75235  -21.298  -8.852  -31.025 0.0000000000
75236  -21.867  -8.861  -31.558 0.0000000000
133122  -21.598  -9.389  -31.322 0.0000000000
71772  -22.968  -12.617  -31.877 0.0000000000
70810  -23.516  -13.068  -31.730 0.0000000000
70811  -24.094  -13.227  -31.393 0.0000000000
69873  -23.634  -13.896  -31.336 0.0000000000
144733  -26.452  7.331  -34.064 0.0000000000
88609  -25.811  7.597  -34.058 0.0000000000
88616  -26.726  7.719  -34.522 0.0000000000
89376  -27.591  8.131  -34.981 0.0000000000
90186  -28.316  8.457  -34.813 0.0000000000
89366  -28.138  7.942  -34.363 0.0000000000
87836  -28.607  6.250  -31.415 0.0000000000
87016  -29.267  5.765  -30.688 0.0000000000
87004  -29.196  5.119  -30.595 0.0000000000
81774  -21.837  -0.457  -33.515 0.0000000000
82642  -21.535  -0.160  -33.049 0.0000000000
82624  -21.350  0.220  -32.561 0.0000000000
82655  -22.144  0.282  -33.575 0.0000000000
128047  -23.407  0.654  -34.082 0.0000000000
81776  -23.016  0.189  -34.130 0.0000000000
81716  -29.515  -0.058  -29.740 0.0000000000
82609  -29.090  0.652  -30.115 0.0000000000
75227  -26.433  -8.395  -30.922 0.0000000000
76079  -26.824  -7.668  -30.892 0.0000000000
75228  -27.149  -8.365  -30.356 0.0000000000
66208  -20.910  -17.587  -29.389 0.0000000000
68026  -21.187  -16.868  -29.830 0.0000000000
145767  -20.862  -16.231  -29.893 0.0000000000
73542  -20.474  -10.176  -30.038 0.0000000000
73543  -21.024  -10.365  -30.614 0.0000000000
141527  -20.560  -10.613  -30.108 0.0000000000
132173  -20.843  -11.755  -30.239 0.0000000000
126710  -20.987  -12.731  -30.245 0.0000000000
71760  -21.518  -12.291  -30.798 0.0000000000
87851  -25.863  6.102  -33.510 0.0000000000
87028  -25.146  5.331  -33.422 0.0000000000
85268  -24.520  3.768  -33.560 0.0000000000
86164  -25.926  4.449  -33.407 0.0000000000
86156  -26.556  4.399  -33.031 0.0000000000
85262  -26.112  3.731  -33.155 0.0000000000
78626  -20.526  -4.676  -31.242 0.0000000000
79404  -20.673  -3.829  -31.728 0.0000000000
80171  -23.624  -3.137  -33.831 0.0000000000
80157  -21.485  -2.909  -32.845 0.0000000000
80170  -22.707  -2.630  -33.665 0.0000000000
130214  -22.580  -1.872  -33.888 0.0000000000
128989  -23.308  -2.135  -34.091 0.0000000000
80957  -24.267  -1.474  -34.108 0.0000000000
80173  -24.753  -2.298  -33.761 0.0000000000
140605  -26.639  -2.444  -32.142 0.0000000000
80147  -26.763  -1.733  -31.986 0.0000000000
80914  -28.051  -1.234  -31.044 0.0000000000
80915  -28.659  -1.925  -30.722 0.0000000000
135131  -29.315  -1.444  -30.160 0.0000000000
79391  -29.046  -3.236  -30.248 0.0000000000
79371  -29.380  -3.952  -29.928 0.0000000000
65275  -21.910  -18.899  -29.348 0.0000000000
65260  -23.019  -19.555  -28.948 0.0000000000
134380  -19.399  -6.080  -29.656 0.0000000000
77831  -19.734  -5.707  -30.199 0.0000000000
134068  -20.214  -6.444  -30.422 0.0000000000
77845  -21.675  -6.190  -31.549 0.0000000000
77005  -23.222  -6.721  -32.521 0.0000000000
77006  -23.875  -6.375  -33.068 0.0000000000
124856  -23.763  -7.178  -32.856 0.0000000000
75249  -24.030  -8.633  -32.750 0.0000000000
75250  -24.520  -8.499  -32.661 0.0000000000
75237  -25.134  -8.456  -32.321 0.0000000000
74364  -24.648  -9.068  -32.461 0.0000000000
131423  -22.441  -10.221  -32.053 0.0000000000
132919  -22.452  -10.797  -31.999 0.0000000000
72708  -24.139  -11.333  -32.308 0.0000000000
72717  -23.778  -10.805  -32.677 0.0000000000
73553  -24.958  -10.211  -31.725 0.0000000000
73544  -25.437  -10.772  -30.807 0.0000000000
140575  -25.015  -11.491  -30.986 0.0000000000
127548  -25.310  -12.608  -29.890 0.0000000000
71750  -25.783  -13.051  -29.035 0.0000000000
71736  -26.577  -12.714  -28.625 0.0000000000
88600  -27.916  7.028  -33.004 0.0000000000
88611  -28.179  7.598  -33.535 0.0000000000
88601  -28.380  7.403  -32.560 0.0000000000
79402  -19.867  -3.168  -30.717 0.0000000000
83460  -21.373  1.669  -32.074 0.0000000000
128920  -22.674  2.492  -33.113 0.0000000000
84326  -23.392  1.952  -33.686 0.0000000000
83494  -24.468  1.559  -33.528 0.0000000000
126378  -24.241  2.172  -33.627 0.0000000000
84319  -25.929  2.256  -32.941 0.0000000000
138943  -26.381  2.977  -32.799 0.0000000000
84307  -26.647  2.188  -32.406 0.0000000000
81765  -25.856  -0.480  -32.775 0.0000000000
134385  -25.394  0.192  -33.171 0.0000000000
135402  -26.022  0.181  -32.632 0.0000000000
130721  -29.117  2.054  -30.339 0.0000000000
83464  -28.060  1.829  -31.199 0.0000000000
84297  -28.631  2.368  -30.819 0.0000000000
135792  -28.713  3.243  -30.929 0.0000000000
143590  -29.612  3.269  -30.167 0.0000000000
85234  -30.637  3.168  -29.614 0.0000000000
77009  -26.137  -6.238  -32.101 0.0000000000
77846  -26.625  -5.414  -31.813 0.0000000000
76999  -26.884  -6.182  -31.383 0.0000000000
76985  -28.337  -6.280  -30.307 0.0000000000
68947  -20.141  -15.306  -28.906 0.0000000000
69827  -19.899  -13.777  -28.346 0.0000000000
68963  -21.420  -15.199  -30.432 0.0000000000
69861  -21.905  -14.674  -30.797 0.0000000000
145698  -21.727  -14.124  -30.843 0.0000000000
68966  -23.845  -15.002  -30.332 0.0000000000
72687  -20.423  -11.094  -29.856 0.0000000000
72671  -19.962  -11.232  -29.174 0.0000000000
138685  -20.294  -12.715  -29.233 0.0000000000
86162  -24.499  4.679  -33.492 0.0000000000
86161  -23.977  4.149  -33.517 0.0000000000
85267  -23.997  3.416  -33.621 0.0000000000
78638  -21.930  -4.361  -32.390 0.0000000000
78639  -22.699  -4.248  -32.951 0.0000000000
79423  -22.775  -3.451  -33.344 0.0000000000
132745  -24.521  -3.159  -33.816 0.0000000000
134278  -25.175  -3.144  -33.414 0.0000000000
127747  -27.028  -3.027  -31.826 0.0000000000
80131  -28.223  -2.676  -30.963 0.0000000000
79406  -27.441  -3.697  -31.427 0.0000000000
78629  -27.630  -4.471  -31.153 0.0000000000
75225  -20.041  -8.143  -29.623 0.0000000000
76077  -19.983  -7.547  -29.828 0.0000000000
76983  -20.212  -7.163  -30.208 0.0000000000
76101  -23.110  -7.808  -32.371 0.0000000000
75247  -22.655  -8.798  -32.144 0.0000000000
135156  -23.039  -9.346  -32.432 0.0000000000
72707  -22.495  -11.416  -31.905 0.0000000000
72715  -22.947  -11.166  -32.425 0.0000000000
71784  -22.994  -11.843  -32.201 0.0000000000
71773  -23.494  -12.290  -32.040 0.0000000000
71774  -24.009  -12.082  -32.083 0.0000000000
72698  -24.521  -11.811  -31.608 0.0000000000
71761  -24.349  -12.553  -31.480 0.0000000000
70798  -24.685  -13.031  -30.701 0.0000000000
145805  -28.715  8.987  -34.449 0.0000000000
87835  -27.756  5.964  -32.194 0.0000000000
87846  -28.076  6.704  -32.303 0.0000000000
81746  -20.487  -0.333  -31.383 0.0000000000
82623  -20.875  0.102  -31.840 0.0000000000
83461  -21.702  0.933  -32.746 0.0000000000
83490  -22.370  0.948  -33.553 0.0000000000
83478  -22.803  1.619  -33.569 0.0000000000
83491  -23.125  1.150  -33.924 0.0000000000
131995  -23.682  0.913  -34.020 0.0000000000
82643  -24.873  0.898  -33.352 0.0000000000
81728  -27.362  -0.509  -31.379 0.0000000000
82626  -27.062  0.476  -31.694 0.0000000000
82608  -28.462  0.507  -30.668 0.0000000000
83453  -29.378  1.448  -29.995 0.0000000000
84283  -29.660  2.205  -29.929 0.0000000000
76094  -26.326  -7.056  -31.576 0.0000000000
76095  -27.190  -6.892  -30.894 0.0000000000
76081  -28.315  -7.078  -30.029 0.0000000000
68025  -20.138  -16.058  -28.909 0.0000000000
68948  -20.574  -15.025  -29.569 0.0000000000
68046  -20.911  -15.582  -30.040 0.0000000000
74342  -21.320  -9.830  -30.985 0.0000000000
130647  -21.440  -10.834  -30.966 0.0000000000
71771  -22.037  -11.799  -31.369 0.0000000000
128627  -22.241  -12.809  -31.403 0.0000000000
87845  -24.225  6.235  -32.862 0.0000000000
138042  -26.235  6.962  -33.705 0.0000000000
88610  -26.934  7.078  -33.910 0.0000000000
87853  -27.018  6.366  -33.485 0.0000000000
87029  -25.858  5.188  -33.499 0.0000000000
87030  -26.490  5.049  -33.320 0.0000000000
145451  -27.403  5.786  -32.711 0.0000000000
87023  -27.405  5.224  -32.428 0.0000000000
86147  -27.736  4.514  -31.840 0.0000000000
79416  -21.282  -3.664  -32.326 0.0000000000
79415  -20.849  -2.875  -32.265 0.0000000000
80146  -20.564  -2.381  -31.932 0.0000000000
80945  -20.919  -1.888  -32.520 0.0000000000
80954  -22.137  -1.225  -33.762 0.0000000000
132495  -22.588  -0.417  -33.989 0.0000000000
81777  -23.557  -0.001  -34.185 0.0000000000
132399  -23.706  -0.816  -34.274 0.0000000000
81764  -25.149  -0.527  -33.499 0.0000000000
80159  -25.518  -2.254  -33.110 0.0000000000
80948  -26.308  -1.131  -32.342 0.0000000000
80931  -26.824  -1.043  -31.794 0.0000000000
81729  -28.215  -0.335  -30.842 0.0000000000
81717  -30.354  0.021  -29.218 0.0000000000
134671  -29.925  -0.913  -29.553 0.0000000000
80901  -30.507  -1.612  -29.247 0.0000000000
80132  -28.747  -2.695  -30.565 0.0000000000
66209  -21.413  -18.347  -29.389 0.0000000000
66210  -22.161  -18.316  -29.625 0.0000000000
77844  -21.013  -5.391  -31.359 0.0000000000
131179  -20.849  -6.336  -30.968 0.0000000000
77855  -21.831  -5.226  -31.909 0.0000000000
128036  -22.618  -5.087  -32.575 0.0000000000
77868  -23.901  -5.559  -33.253 0.0000000000
77870  -24.798  -5.427  -33.226 0.0000000000
77858  -25.303  -5.478  -32.916 0.0000000000
77018  -24.875  -6.200  -33.075 0.0000000000
129891  -25.452  -6.247  -32.696 0.0000000000
77008  -24.960  -7.000  -32.909 0.0000000000
76102  -23.920  -7.874  -32.831 0.0000000000
76103  -24.457  -7.777  -32.835 0.0000000000
76093  -25.634  -7.734  -32.011 0.0000000000
75238  -25.746  -8.443  -31.582 0.0000000000
74355  -26.015  -9.094  -31.040 0.0000000000
74352  -21.900  -9.904  -31.591 0.0000000000
74361  -23.097  -9.967  -32.525 0.0000000000
74362  -23.684  -9.934  -32.730 0.0000000000
72716  -23.352  -10.889  -32.645 0.0000000000
73561  -23.494  -10.427  -32.709 0.0000000000
73562  -23.940  -10.186  -32.760 0.0000000000
73563  -24.479  -9.782  -32.441 0.0000000000
136524  -26.249  -9.588  -30.475 0.0000000000
73545  -26.078  -10.228  -30.218 0.0000000000
73530  -26.600  -10.625  -29.592 0.0000000000
140934  -25.532  -11.630  -30.098 0.0000000000
88602  -29.017  7.713  -31.972 0.0000000000
84317  -23.338  2.831  -33.401 0.0000000000
84327  -24.149  2.831  -33.640 0.0000000000
132236  -23.828  2.000  -33.774 0.0000000000
84328  -24.748  2.979  -33.480 0.0000000000
85263  -26.738  3.718  -32.560 0.0000000000
85255  -27.443  3.716  -31.940 0.0000000000
85256  -28.231  3.807  -31.453 0.0000000000
134277  -24.536  0.270  -33.742 0.0000000000
83480  -26.223  1.483  -32.630 0.0000000000
83463  -27.553  1.200  -31.482 0.0000000000
83462  -26.868  1.360  -32.044 0.0000000000
84309  -27.986  2.843  -31.522 0.0000000000
127008  -28.834  4.055  -30.892 0.0000000000
86138  -29.466  4.457  -30.380 0.0000000000
78617  -28.193  -4.806  -30.651 0.0000000000
76984  -27.641  -6.190  -30.825 0.0000000000
77833  -28.061  -5.636  -30.661 0.0000000000
78601  -28.995  -4.746  -30.119 0.0000000000
70768  -19.895  -12.754  -28.582 0.0000000000
70780  -20.628  -13.145  -29.712 0.0000000000
69845  -20.722  -14.115  -29.731 0.0000000000
70795  -21.028  -13.547  -30.184 0.0000000000
69871  -22.269  -13.970  -31.200 0.0000000000
69872  -22.978  -14.177  -31.301 0.0000000000
67094  -21.897  -16.934  -30.061 0.0000000000
68048  -22.199  -16.333  -30.293 0.0000000000
130303  -22.956  -16.062  -30.203 0.0000000000
123020  -23.129  -15.305  -30.576 0.0000000000
69863  -23.360  -14.597  -30.953 0.0000000000
76996  -20.722  -7.217  -30.670 0.0000000000
77814  -28.640  -5.500  -30.262 0.0000000000
77857  -23.313  -5.780  -32.810 0.0000000000
77869  -24.365  -5.321  -33.331 0.0000000000
78616  -20.040  -4.816  -30.683 0.0000000000
78642  -26.347  -4.650  -32.192 0.0000000000
78653  -24.607  -4.722  -33.401 0.0000000000
79390  -28.029  -3.920  -30.882 0.0000000000
80133  -29.373  -2.364  -30.137 0.0000000000
80148  -27.651  -2.831  -31.400 0.0000000000
80158  -22.124  -2.959  -33.250 0.0000000000
80169  -21.883  -2.175  -33.387 0.0000000000
80946  -21.434  -1.449  -33.168 0.0000000000
80947  -25.659  -1.286  -32.976 0.0000000000
80956  -23.723  -1.586  -34.242 0.0000000000
81727  -20.074  -0.190  -30.705 0.0000000000
82593  -29.777  0.762  -29.573 0.0000000000
82607  -27.793  0.400  -31.161 0.0000000000
82644  -25.724  0.825  -32.815 0.0000000000
82656  -22.780  0.606  -33.939 0.0000000000
82657  -23.816  0.434  -34.070 0.0000000000
83452  -28.675  1.422  -30.573 0.0000000000
83492  -23.594  1.275  -33.937 0.0000000000
84284  -30.374  2.367  -29.587 0.0000000000
84298  -29.284  2.809  -30.382 0.0000000000
84318  -25.002  2.262  -33.268 0.0000000000
87015  -28.682  5.309  -31.005 0.0000000000
87031  -27.045  5.617  -33.124 0.0000000000
89383  -27.306  8.715  -35.674 0.0000000000
90197  -29.055  9.683  -34.503 0.0000000000
134098  -23.597  -9.385  -32.654 0.0000000000
134386  -25.781  -3.157  -32.820 0.0000000000
134785  -26.172  -1.908  -32.501 0.0000000000
134886  -28.757  -0.979  -30.559 0.0000000000
137245  -28.889  4.712  -30.800 0.0000000000
138856  -27.946  -3.274  -31.073 0.0000000000
140465  -23.203  -0.382  -34.216 0.0000000000
142387  -27.242  -2.275  -31.696 0.0000000000
145221  -22.970  -17.532  -29.706 0.0000000000
145871  -28.614  7.078  -31.868 0.0000000000
