#!ascii label  , from subject sub-v1s0x0050642_ses-1 vox2ras=TkReg
1068
128770  -20.271  -13.481  -29.109 0.5555555820
70795  -21.028  -13.547  -30.184 0.6666666865
71760  -21.518  -12.291  -30.798 0.7777777910
128627  -22.241  -12.809  -31.403 0.7777777910
72706  -21.944  -11.080  -31.449 0.8888888955
72708  -24.139  -11.333  -32.308 0.8888888955
69827  -19.899  -13.777  -28.346 0.5555555820
138685  -20.294  -12.715  -29.233 0.5555555820
71749  -20.525  -12.304  -29.694 0.6666666865
132173  -20.843  -11.755  -30.239 0.8888888955
140352  -22.543  -12.062  -31.783 0.8888888955
72715  -22.947  -11.166  -32.425 0.8888888955
73561  -23.494  -10.427  -32.709 1.0000000000
73552  -24.288  -10.578  -32.447 0.8888888955
73563  -24.479  -9.782  -32.441 1.0000000000
72671  -19.962  -11.232  -29.174 0.7777777910
73543  -21.024  -10.365  -30.614 1.0000000000
123092  -20.675  -9.699  -30.281 1.0000000000
73551  -21.784  -10.428  -31.420 1.0000000000
74353  -22.381  -9.546  -31.978 1.0000000000
74342  -21.320  -9.830  -30.985 1.0000000000
135156  -23.039  -9.346  -32.432 1.0000000000
75236  -21.867  -8.861  -31.558 1.0000000000
75247  -22.655  -8.798  -32.144 1.0000000000
75248  -23.437  -8.715  -32.569 1.0000000000
75237  -25.134  -8.456  -32.321 1.0000000000
75249  -24.030  -8.633  -32.750 1.0000000000
76093  -25.634  -7.734  -32.011 1.0000000000
77008  -24.960  -7.000  -32.909 1.0000000000
76105  -25.570  -7.001  -32.393 0.7777777910
75226  -20.457  -8.368  -30.103 0.8888888955
74351  -20.933  -9.108  -30.583 1.0000000000
76091  -21.246  -8.137  -31.035 1.0000000000
76092  -22.090  -8.042  -31.743 1.0000000000
124856  -23.763  -7.178  -32.856 1.0000000000
77007  -24.344  -6.924  -33.038 1.0000000000
129891  -25.452  -6.247  -32.696 1.0000000000
77009  -26.137  -6.238  -32.101 1.0000000000
76999  -26.884  -6.182  -31.383 0.8888888955
77846  -26.625  -5.414  -31.813 1.0000000000
77832  -27.446  -5.336  -31.163 0.7777777910
77833  -28.061  -5.636  -30.661 0.7777777910
134374  -19.838  -6.697  -30.074 0.5555555820
77844  -21.013  -5.391  -31.359 0.7777777910
131179  -20.849  -6.336  -30.968 0.8888888955
76998  -22.384  -7.015  -31.885 1.0000000000
77856  -22.544  -5.998  -32.175 0.8888888955
77017  -24.371  -5.989  -33.226 1.0000000000
77858  -25.303  -5.478  -32.916 1.0000000000
77859  -25.938  -5.471  -32.445 0.8888888955
78641  -25.693  -4.698  -32.728 1.0000000000
78628  -27.029  -4.567  -31.611 0.8888888955
79370  -28.670  -3.992  -30.417 0.7777777910
79371  -29.380  -3.952  -29.928 0.6666666865
78596  -19.273  -4.947  -29.570 0.4444444478
77843  -20.345  -5.545  -30.772 0.7777777910
132296  -20.285  -4.114  -31.152 0.6666666865
78638  -21.930  -4.361  -32.390 0.7777777910
78640  -23.353  -4.936  -33.118 0.8888888955
77870  -24.798  -5.427  -33.226 1.0000000000
78651  -23.474  -4.094  -33.382 1.0000000000
79425  -24.908  -3.960  -33.492 1.0000000000
79419  -26.072  -3.901  -32.532 1.0000000000
141133  -26.402  -3.146  -32.306 0.8888888955
79406  -27.441  -3.697  -31.427 0.7777777910
133524  -28.433  -3.295  -30.691 0.7777777910
79372  -30.133  -3.860  -29.494 0.5555555820
80132  -28.747  -2.695  -30.565 0.7777777910
80115  -30.143  -2.378  -29.507 0.6666666865
79403  -20.334  -3.252  -31.414 0.6666666865
79389  -19.949  -4.033  -30.664 0.6666666865
79416  -21.282  -3.664  -32.326 0.7777777910
79415  -20.849  -2.875  -32.265 0.7777777910
79417  -22.018  -3.595  -32.860 0.8888888955
79423  -22.775  -3.451  -33.344 0.8888888955
80171  -23.624  -3.137  -33.831 1.0000000000
132745  -24.521  -3.159  -33.816 1.0000000000
134278  -25.175  -3.144  -33.414 1.0000000000
79418  -25.473  -3.940  -33.084 0.8888888955
140605  -26.639  -2.444  -32.142 0.8888888955
134648  -27.905  -2.080  -31.272 0.8888888955
80131  -28.223  -2.676  -30.963 0.7777777910
80147  -26.763  -1.733  -31.986 0.8888888955
80932  -27.356  -1.497  -31.510 0.7777777910
80915  -28.659  -1.925  -30.722 0.7777777910
80900  -29.837  -1.746  -29.712 0.7777777910
80901  -30.507  -1.612  -29.247 0.6666666865
80145  -20.206  -2.383  -31.356 0.6666666865
79402  -19.867  -3.168  -30.717 0.5555555820
80146  -20.564  -2.381  -31.932 0.7777777910
133363  -21.243  -2.241  -32.842 0.8888888955
80170  -22.707  -2.630  -33.665 0.8888888955
128989  -23.308  -2.135  -34.091 1.0000000000
80172  -24.088  -2.317  -34.124 1.0000000000
80159  -25.518  -2.254  -33.110 1.0000000000
80160  -26.105  -2.577  -32.552 0.8888888955
80914  -28.051  -1.234  -31.044 0.7777777910
81730  -28.885  -0.160  -30.333 0.7777777910
134671  -29.925  -0.913  -29.553 0.6666666865
131782  -31.613  -0.822  -29.024 0.5555555820
80902  -31.399  -1.500  -28.888 0.5555555820
80930  -20.637  -1.535  -31.964 0.7777777910
80929  -20.138  -1.604  -31.172 0.6666666865
80945  -20.919  -1.888  -32.520 0.8888888955
80955  -23.025  -1.191  -34.176 1.0000000000
80957  -24.267  -1.474  -34.108 1.0000000000
81765  -25.856  -0.480  -32.775 0.8888888955
80948  -26.308  -1.131  -32.342 0.8888888955
81747  -26.531  -0.269  -32.084 0.8888888955
82609  -29.090  0.652  -30.115 0.7777777910
81716  -29.515  -0.058  -29.740 0.7777777910
81718  -31.263  -0.198  -29.038 0.5555555820
83451  -28.117  1.071  -31.015 0.7777777910
82594  -30.556  0.938  -29.265 0.5555555820
131982  -31.858  0.367  -29.231 0.5555555820
83434  -30.062  1.582  -29.544 0.6666666865
81726  -19.463  -0.538  -30.200 0.4444444478
134085  -20.490  -0.979  -31.532 0.5555555820
82642  -21.535  -0.160  -33.049 0.7777777910
132495  -22.588  -0.417  -33.989 1.0000000000
81774  -21.837  -0.457  -33.515 0.8888888955
81777  -23.557  -0.001  -34.185 1.0000000000
81778  -24.259  -0.461  -34.053 0.8888888955
134385  -25.394  0.192  -33.171 0.8888888955
135402  -26.022  0.181  -32.632 0.8888888955
82626  -27.062  0.476  -31.694 0.8888888955
83453  -29.378  1.448  -29.995 0.6666666865
83435  -30.915  1.733  -29.349 0.5555555820
128979  -22.147  1.675  -32.920 0.6666666865
83461  -21.702  0.933  -32.746 0.6666666865
83491  -23.125  1.150  -33.924 0.7777777910
82658  -24.069  0.934  -33.857 0.8888888955
131995  -23.682  0.913  -34.020 0.7777777910
82643  -24.873  0.898  -33.352 0.7777777910
83479  -25.342  1.550  -33.023 0.7777777910
82625  -26.446  0.679  -32.337 0.8888888955
84307  -26.647  2.188  -32.406 0.7777777910
83462  -26.868  1.360  -32.044 0.7777777910
83464  -28.060  1.829  -31.199 0.6666666865
84320  -26.994  2.946  -32.049 0.6666666865
135792  -28.713  3.243  -30.929 0.6666666865
84297  -28.631  2.368  -30.819 0.6666666865
130721  -29.117  2.054  -30.339 0.5555555820
127008  -28.834  4.055  -30.892 0.6666666865
85245  -29.309  3.592  -30.449 0.5555555820
85234  -30.637  3.168  -29.614 0.5555555820
128928  -31.252  2.543  -29.440 0.4444444478
85246  -29.997  3.740  -29.953 0.5555555820
128933  -21.835  3.850  -31.717 0.3333333433
85260  -22.140  3.338  -32.370 0.3333333433
128920  -22.674  2.492  -33.113 0.5555555820
84326  -23.392  1.952  -33.686 0.6666666865
124873  -23.753  2.737  -33.650 0.5555555820
132236  -23.828  2.000  -33.774 0.7777777910
126378  -24.241  2.172  -33.627 0.7777777910
84328  -24.748  2.979  -33.480 0.6666666865
84319  -25.929  2.256  -32.941 0.6666666865
84329  -25.612  3.007  -33.254 0.6666666865
138943  -26.381  2.977  -32.799 0.6666666865
85255  -27.443  3.716  -31.940 0.6666666865
86147  -27.736  4.514  -31.840 0.6666666865
86148  -28.388  4.611  -31.267 0.6666666865
86138  -29.466  4.457  -30.380 0.5555555820
87005  -29.787  5.299  -30.282 0.5555555820
87004  -29.196  5.119  -30.595 0.6666666865
86153  -23.112  4.191  -32.625 0.4444444478
86152  -22.445  4.030  -32.165 0.4444444478
85261  -22.939  3.433  -32.856 0.4444444478
86154  -23.572  4.456  -33.052 0.5555555820
85266  -23.559  3.609  -33.308 0.5555555820
85267  -23.997  3.416  -33.621 0.6666666865
84327  -24.149  2.831  -33.640 0.6666666865
85269  -25.330  3.761  -33.445 0.6666666865
85263  -26.738  3.718  -32.560 0.6666666865
86157  -27.109  4.433  -32.459 0.6666666865
87836  -28.607  6.250  -31.415 0.6666666865
87837  -29.591  6.511  -30.813 0.5555555820
87827  -29.948  5.987  -30.419 0.6666666865
86163  -25.187  4.525  -33.499 0.6666666865
85268  -24.520  3.768  -33.560 0.6666666865
86164  -25.926  4.449  -33.407 0.6666666865
85262  -26.112  3.731  -33.155 0.6666666865
87014  -28.025  5.325  -31.632 0.6666666865
72697  -21.454  -11.421  -30.877 0.8888888955
72687  -20.423  -11.094  -29.856 1.0000000000
131423  -22.441  -10.221  -32.053 1.0000000000
73562  -23.940  -10.186  -32.760 1.0000000000
80129  -19.719  -2.315  -30.686 0.5555555820
82605  -19.744  0.297  -30.239 0.5555555820
81763  -21.160  -0.965  -32.791 0.7777777910
132399  -23.706  -0.816  -34.274 1.0000000000
81728  -27.362  -0.509  -31.379 0.8888888955
82592  -19.182  0.084  -29.763 0.2222222239
84283  -29.660  2.205  -29.929 0.6666666865
83494  -24.468  1.559  -33.528 0.7777777910
86161  -23.977  4.149  -33.517 0.6666666865
86162  -24.499  4.679  -33.492 0.6666666865
79388  -19.438  -3.940  -30.000 0.4444444478
87828  -31.360  6.375  -30.377 0.5555555820
87007  -31.752  5.564  -30.226 0.5555555820
86144  -21.923  4.342  -31.506 0.2222222239
133104  -30.495  6.593  -30.512 0.5555555820
68948  -20.574  -15.025  -29.569 0.5555555820
68962  -20.996  -14.866  -30.052 0.5555555820
69845  -20.722  -14.115  -29.731 0.6666666865
70796  -21.567  -13.405  -30.745 0.5555555820
69871  -22.269  -13.970  -31.200 0.5555555820
133341  -23.897  -12.691  -31.831 0.7777777910
71774  -24.009  -12.082  -32.083 0.8888888955
68947  -20.141  -15.306  -28.906 0.5555555820
71772  -22.968  -12.617  -31.877 0.6666666865
72699  -24.716  -11.039  -31.676 0.7777777910
74354  -25.240  -9.269  -31.848 0.8888888955
69815  -19.493  -14.141  -27.539 0.4444444478
71721  -19.503  -12.454  -28.082 0.5555555820
72670  -19.554  -11.179  -28.672 0.2222222239
73528  -20.130  -10.474  -29.539 0.6666666865
128520  -26.170  -7.834  -31.373 0.8888888955
76095  -27.190  -6.892  -30.894 0.6666666865
76984  -27.641  -6.190  -30.825 0.7777777910
76985  -28.337  -6.280  -30.307 0.6666666865
74323  -19.849  -9.097  -29.269 0.5555555820
77815  -29.300  -5.473  -29.829 0.6666666865
76063  -19.614  -7.675  -29.447 0.4444444478
78602  -29.816  -4.750  -29.609 0.5555555820
79356  -31.713  -3.864  -28.760 0.5555555820
77810  -19.191  -5.685  -29.344 0.2222222239
80104  -31.422  -3.082  -28.827 0.5555555820
79367  -19.048  -4.209  -29.425 0.4444444478
80117  -32.106  -2.269  -28.753 0.5555555820
80101  -18.441  -2.630  -29.210 0.3333333433
80904  -33.297  -1.244  -29.757 0.5555555820
131578  -33.514  0.063  -30.534 0.4444444478
81714  -18.172  -0.251  -29.188 0.3333333433
82597  -33.151  0.876  -29.746 0.5555555820
143179  -32.700  2.253  -29.653 0.4444444478
85254  -21.449  3.285  -31.606 0.3333333433
84306  -21.063  2.493  -31.389 0.3333333433
84316  -21.750  2.532  -32.313 0.4444444478
85235  -31.528  3.347  -29.572 0.4444444478
86139  -31.290  4.815  -29.905 0.4444444478
87829  -32.225  6.245  -30.591 0.2222222239
86146  -23.252  4.857  -32.399 0.3333333433
86155  -23.938  4.878  -33.266 0.6666666865
87029  -25.858  5.188  -33.499 0.6666666865
87022  -26.950  4.933  -32.968 0.6666666865
145451  -27.403  5.786  -32.711 0.6666666865
137792  -27.513  6.351  -32.965 0.6666666865
87846  -28.076  6.704  -32.303 0.6666666865
88591  -29.279  7.105  -31.367 0.6666666865
87838  -30.098  7.180  -30.906 0.4444444478
88585  -31.845  6.911  -30.638 0.3333333433
87028  -25.146  5.331  -33.422 0.5555555820
70780  -20.628  -13.145  -29.712 0.6666666865
69844  -20.214  -14.409  -29.005 0.5555555820
69860  -21.323  -14.303  -30.423 0.6666666865
126710  -20.987  -12.731  -30.245 0.7777777910
71771  -22.037  -11.799  -31.369 0.8888888955
132919  -22.452  -10.797  -31.999 1.0000000000
72707  -22.495  -11.416  -31.905 0.8888888955
130647  -21.440  -10.834  -30.966 1.0000000000
72717  -23.778  -10.805  -32.677 1.0000000000
71785  -23.532  -11.469  -32.421 0.8888888955
71773  -23.494  -12.290  -32.040 0.8888888955
70755  -19.538  -13.206  -27.818 0.5555555820
70768  -19.895  -12.754  -28.582 0.5555555820
71748  -20.117  -12.036  -29.118 0.6666666865
132100  -20.357  -11.643  -29.602 0.8888888955
71784  -22.994  -11.843  -32.201 0.8888888955
72716  -23.352  -10.889  -32.645 1.0000000000
73560  -22.968  -10.595  -32.502 1.0000000000
74362  -23.684  -9.934  -32.730 1.0000000000
73553  -24.958  -10.211  -31.725 1.0000000000
74364  -24.648  -9.068  -32.461 1.0000000000
71735  -19.702  -11.869  -28.581 0.6666666865
72696  -20.920  -10.998  -30.468 1.0000000000
73542  -20.474  -10.176  -30.038 0.8888888955
141527  -20.560  -10.613  -30.108 1.0000000000
74352  -21.900  -9.904  -31.591 1.0000000000
133122  -21.598  -9.389  -31.322 1.0000000000
74361  -23.097  -9.967  -32.525 1.0000000000
74363  -24.110  -9.381  -32.710 1.0000000000
75235  -21.298  -8.852  -31.025 1.0000000000
75250  -24.520  -8.499  -32.661 1.0000000000
75238  -25.746  -8.443  -31.582 0.8888888955
76104  -25.046  -7.750  -32.662 1.0000000000
76102  -23.920  -7.874  -32.831 1.0000000000
76101  -23.110  -7.808  -32.371 1.0000000000
76103  -24.457  -7.777  -32.835 1.0000000000
76094  -26.326  -7.056  -31.576 0.8888888955
76078  -20.571  -7.857  -30.372 1.0000000000
75225  -20.041  -8.143  -29.623 0.5555555820
74341  -20.290  -8.921  -29.773 0.6666666865
137468  -20.901  -8.508  -30.605 1.0000000000
75210  -19.739  -8.260  -29.341 0.5555555820
76997  -21.461  -7.191  -31.305 1.0000000000
77005  -23.222  -6.721  -32.521 1.0000000000
77006  -23.875  -6.375  -33.068 1.0000000000
77018  -24.875  -6.200  -33.075 1.0000000000
78617  -28.193  -4.806  -30.651 0.7777777910
78601  -28.995  -4.746  -30.119 0.6666666865
76968  -19.358  -6.961  -29.447 0.5555555820
76077  -19.983  -7.547  -29.828 0.5555555820
134380  -19.399  -6.080  -29.656 0.6666666865
134068  -20.214  -6.444  -30.422 0.6666666865
76983  -20.212  -7.163  -30.208 0.7777777910
78626  -20.526  -4.676  -31.242 0.6666666865
78627  -21.172  -4.487  -31.797 0.8888888955
77855  -21.831  -5.226  -31.909 0.8888888955
77845  -21.675  -6.190  -31.549 1.0000000000
128036  -22.618  -5.087  -32.575 0.8888888955
77868  -23.901  -5.559  -33.253 1.0000000000
78654  -25.143  -4.721  -33.182 1.0000000000
79405  -26.700  -3.821  -31.955 0.8888888955
78629  -27.630  -4.471  -31.153 0.7777777910
79391  -29.046  -3.236  -30.248 0.6666666865
78603  -30.503  -4.434  -29.248 0.5555555820
130223  -30.529  -3.094  -29.256 0.6666666865
78615  -19.580  -4.849  -30.144 0.5555555820
77830  -19.387  -5.479  -29.735 0.4444444478
77831  -19.734  -5.707  -30.199 0.6666666865
79404  -20.673  -3.829  -31.728 0.7777777910
78639  -22.699  -4.248  -32.951 0.8888888955
78652  -24.007  -4.792  -33.408 1.0000000000
79424  -24.233  -3.995  -33.608 1.0000000000
127747  -27.028  -3.027  -31.826 0.7777777910
80116  -30.996  -2.307  -28.945 0.5555555820
80157  -21.485  -2.909  -32.845 0.8888888955
80173  -24.753  -2.298  -33.761 1.0000000000
140258  -29.285  -0.719  -30.089 0.7777777910
135131  -29.315  -1.444  -30.160 0.7777777910
80112  -18.928  -3.121  -29.559 0.4444444478
130214  -22.580  -1.872  -33.888 0.8888888955
80958  -24.946  -1.385  -33.668 0.8888888955
81729  -28.215  -0.335  -30.842 0.7777777910
81717  -30.354  0.021  -29.218 0.6666666865
81719  -32.194  -0.354  -29.203 0.5555555820
81720  -33.035  -0.488  -29.531 0.5555555820
80913  -19.576  -1.474  -30.477 0.5555555820
80954  -22.137  -1.225  -33.762 0.8888888955
81764  -25.149  -0.527  -33.499 1.0000000000
80931  -26.824  -1.043  -31.794 0.8888888955
82608  -28.462  0.507  -30.668 0.8888888955
133144  -31.053  0.439  -29.104 0.6666666865
83463  -27.553  1.200  -31.482 0.8888888955
82595  -31.446  1.060  -29.257 0.5555555820
81746  -20.487  -0.333  -31.383 0.5555555820
81762  -20.952  -0.535  -32.215 0.5555555820
81775  -22.473  0.138  -33.844 1.0000000000
82655  -22.144  0.282  -33.575 0.7777777910
82624  -21.350  0.220  -32.561 0.7777777910
134277  -24.536  0.270  -33.742 0.8888888955
81776  -23.016  0.189  -34.130 0.7777777910
83437  -32.919  1.617  -29.648 0.5555555820
83460  -21.373  1.669  -32.074 0.5555555820
83490  -22.370  0.948  -33.553 0.6666666865
83478  -22.803  1.619  -33.569 0.6666666865
131116  -21.828  0.415  -33.204 0.7777777910
82623  -20.875  0.102  -31.840 0.7777777910
141040  -21.090  0.799  -31.885 0.6666666865
83493  -23.876  1.442  -33.860 0.7777777910
128047  -23.407  0.654  -34.082 0.7777777910
83480  -26.223  1.483  -32.630 0.7777777910
84308  -27.343  2.069  -31.767 0.6666666865
84309  -27.986  2.843  -31.522 0.6666666865
85256  -28.231  3.807  -31.453 0.6666666865
143590  -29.612  3.269  -30.167 0.5555555820
85233  -29.897  2.934  -29.891 0.5555555820
86129  -30.921  3.995  -29.705 0.4444444478
84285  -32.149  2.730  -29.550 0.4444444478
124243  -30.334  4.684  -29.949 0.5555555820
84317  -23.338  2.831  -33.401 0.5555555820
87016  -29.267  5.765  -30.688 0.6666666865
86156  -26.556  4.399  -33.031 0.6666666865
87023  -27.405  5.224  -32.428 0.6666666865
87835  -27.756  5.964  -32.194 0.6666666865
80113  -19.161  -2.223  -30.030 0.4444444478
82606  -20.398  0.481  -31.057 0.3333333433
87008  -32.687  5.423  -30.566 0.3333333433
88584  -31.150  7.109  -30.625 0.3333333433
71761  -24.349  -12.553  -31.480 0.6666666865
68934  -19.779  -14.757  -28.206 0.4444444478
74355  -26.015  -9.094  -31.040 0.7777777910
128529  -27.841  -6.796  -30.491 0.6666666865
73541  -20.184  -9.723  -29.628 0.7777777910
134275  -19.098  -6.322  -29.184 0.3333333433
77809  -19.040  -5.918  -29.151 0.1111111119
134183  -18.574  -2.033  -29.455 0.3333333433
80898  -18.964  -1.293  -29.807 0.3333333433
134367  -20.624  1.570  -31.062 0.3333333433
88602  -29.017  7.713  -31.972 0.6666666865
88592  -29.873  7.762  -31.470 0.4444444478
68027  -23.662  -16.555  -29.772 0.4444444478
142576  -25.996  -17.134  -29.147 0.2222222239
145767  -20.862  -16.231  -29.893 0.4444444478
68047  -21.459  -16.112  -30.230 0.4444444478
68963  -21.420  -15.199  -30.432 0.4444444478
68964  -22.201  -15.514  -30.575 0.4444444478
68965  -23.734  -15.754  -30.015 0.4444444478
68949  -24.451  -15.392  -29.613 0.4444444478
122516  -25.732  -15.096  -28.752 0.2222222239
69862  -22.639  -14.712  -30.931 0.4444444478
69863  -23.360  -14.597  -30.953 0.4444444478
69864  -23.957  -14.404  -30.736 0.4444444478
69829  -26.089  -14.394  -28.529 0.1111111119
69830  -27.112  -14.315  -28.714 0.1111111119
70781  -25.098  -13.612  -29.712 0.3333333433
69872  -22.978  -14.177  -31.301 0.4444444478
70797  -24.364  -13.826  -30.713 0.3333333433
70769  -26.383  -13.578  -28.532 0.2222222239
70809  -22.938  -13.493  -31.618 0.5555555820
69873  -23.634  -13.896  -31.336 0.4444444478
71751  -25.992  -12.160  -29.155 0.2222222239
72672  -26.799  -11.912  -28.780 0.1111111119
72674  -28.733  -12.075  -28.798 0.1111111119
127548  -25.310  -12.608  -29.890 0.3333333433
140934  -25.532  -11.630  -30.098 0.3333333433
140575  -25.015  -11.491  -30.986 0.4444444478
73544  -25.437  -10.772  -30.807 0.5555555820
73545  -26.078  -10.228  -30.218 0.6666666865
74325  -27.561  -9.720  -29.506 0.4444444478
136524  -26.249  -9.588  -30.475 0.6666666865
143634  -29.210  -9.205  -29.053 0.3333333433
74344  -26.692  -9.053  -30.410 0.6666666865
75211  -27.879  -8.458  -29.789 0.5555555820
75227  -26.433  -8.395  -30.922 0.6666666865
76080  -27.663  -7.574  -30.311 0.5555555820
76064  -28.423  -7.849  -29.727 0.5555555820
75196  -28.739  -8.720  -29.314 0.4444444478
76066  -29.500  -7.194  -29.351 0.3333333433
76079  -26.824  -7.668  -30.892 0.5555555820
76971  -30.310  -6.102  -29.169 0.4444444478
77816  -29.909  -5.563  -29.481 0.5555555820
76969  -28.897  -6.693  -29.793 0.4444444478
78584  -31.186  -4.537  -28.911 0.4444444478
87030  -26.490  5.049  -33.320 0.5555555820
134706  -26.495  5.772  -33.435 0.5555555820
88600  -27.916  7.028  -33.004 0.5555555820
88601  -28.380  7.403  -32.560 0.5555555820
89357  -28.743  8.151  -32.774 0.5555555820
67095  -22.806  -16.922  -29.936 0.4444444478
68950  -25.254  -15.811  -29.002 0.2222222239
137434  -25.687  -13.799  -28.812 0.2222222239
71736  -26.577  -12.714  -28.625 0.2222222239
71737  -27.327  -12.488  -28.607 0.1111111119
72688  -26.314  -11.375  -29.382 0.4444444478
72689  -27.151  -11.168  -29.052 0.3333333433
73529  -25.962  -10.906  -29.966 0.4444444478
76954  -30.046  -6.746  -29.145 0.3333333433
77797  -31.540  -5.299  -28.756 0.4444444478
80105  -32.405  -3.212  -28.757 0.4444444478
87852  -26.563  6.445  -33.579 0.5555555820
88610  -26.934  7.078  -33.910 0.5555555820
145698  -21.727  -14.124  -30.843 0.4444444478
73532  -28.185  -10.076  -29.159 0.2222222239
66210  -22.161  -18.316  -29.625 0.4444444478
67080  -22.411  -17.600  -29.810 0.4444444478
145221  -22.970  -17.532  -29.706 0.4444444478
130221  -24.608  -17.587  -29.155 0.2222222239
67082  -25.553  -17.688  -29.087 0.2222222239
67060  -26.537  -17.670  -29.254 0.1111111119
137959  -20.518  -16.682  -29.315 0.4444444478
67079  -21.654  -17.628  -29.735 0.4444444478
68951  -26.094  -15.739  -28.848 0.1111111119
69847  -26.738  -15.233  -28.811 0.1111111119
136261  -26.717  -16.927  -29.314 0.1111111119
69848  -27.807  -15.049  -29.232 0.1111111119
70770  -27.457  -13.367  -28.664 0.1111111119
70772  -29.081  -13.085  -29.296 0.1111111119
72675  -29.448  -12.207  -29.336 0.1111111119
129365  -29.242  -11.344  -28.945 0.1111111119
73512  -29.011  -10.425  -29.001 0.2222222239
75197  -29.656  -8.769  -29.028 0.1111111119
74310  -29.609  -9.732  -28.994 0.2222222239
76051  -30.269  -7.431  -28.939 0.2222222239
76956  -31.501  -6.811  -28.653 0.2222222239
128448  -31.087  -6.044  -28.751 0.3333333433
79373  -32.987  -3.762  -29.061 0.3333333433
133737  -33.085  -2.999  -29.185 0.3333333433
124629  -33.068  -2.130  -29.261 0.3333333433
135134  -33.269  0.153  -29.946 0.4444444478
85236  -32.358  3.449  -29.810 0.3333333433
89348  -29.649  8.451  -32.142 0.5555555820
87851  -25.863  6.102  -33.510 0.5555555820
122585  -27.522  7.039  -33.516 0.5555555820
88611  -28.179  7.598  -33.535 0.5555555820
89367  -28.624  8.445  -33.832 0.5555555820
138042  -26.235  6.962  -33.705 0.5555555820
122186  -20.501  -15.825  -29.496 0.4444444478
68046  -20.911  -15.582  -30.040 0.4444444478
70810  -23.516  -13.068  -31.730 0.5555555820
70811  -24.094  -13.227  -31.393 0.5555555820
72698  -24.521  -11.811  -31.608 0.6666666865
74343  -25.653  -9.849  -30.996 0.6666666865
76081  -28.315  -7.078  -30.029 0.5555555820
134570  -28.938  -6.038  -29.948 0.4444444478
86130  -31.822  4.085  -29.828 0.3333333433
69861  -21.905  -14.674  -30.797 0.4444444478
71762  -24.876  -12.187  -30.777 0.3333333433
70798  -24.685  -13.031  -30.701 0.3333333433
130303  -22.956  -16.062  -30.203 0.4444444478
121009  -24.432  -16.215  -29.441 0.4444444478
68028  -24.303  -16.924  -29.357 0.3333333433
68029  -25.133  -16.818  -28.988 0.3333333433
68030  -25.991  -16.431  -29.005 0.1111111119
68026  -21.187  -16.868  -29.830 0.4444444478
67094  -21.897  -16.934  -30.061 0.4444444478
68048  -22.199  -16.333  -30.293 0.4444444478
123020  -23.129  -15.305  -30.576 0.4444444478
68966  -23.845  -15.002  -30.332 0.4444444478
130672  -25.026  -15.034  -29.158 0.4444444478
69846  -24.565  -14.530  -29.877 0.4444444478
69828  -25.328  -14.403  -29.030 0.2222222239
71750  -25.783  -13.051  -29.035 0.3333333433
72673  -27.718  -11.876  -28.729 0.1111111119
73511  -28.220  -11.049  -28.955 0.1111111119
73530  -26.600  -10.625  -29.592 0.4444444478
74324  -26.821  -9.790  -29.857 0.4444444478
74309  -28.813  -9.576  -29.096 0.3333333433
73531  -27.395  -10.380  -29.293 0.4444444478
124810  -30.332  -9.330  -28.946 0.1111111119
75228  -27.149  -8.365  -30.356 0.5555555820
74345  -27.358  -9.101  -29.866 0.5555555820
76065  -28.847  -7.352  -29.646 0.5555555820
133420  -29.829  -7.946  -29.078 0.3333333433
78585  -32.050  -4.607  -28.706 0.4444444478
87853  -27.018  6.366  -33.485 0.5555555820
67081  -23.631  -17.427  -29.522 0.4444444478
71738  -28.155  -12.734  -28.754 0.1111111119
144733  -26.452  7.331  -34.064 0.5555555820
66212  -24.042  -18.285  -29.238 0.4444444478
66213  -24.979  -18.338  -28.984 0.2222222239
128326  -26.803  -16.157  -29.169 0.1111111119
70782  -28.129  -14.250  -29.088 0.1111111119
61353  -22.644  -23.016  -25.224 0.1111111119
63321  -19.699  -21.260  -27.446 0.3333333433
62345  -21.393  -22.260  -26.366 0.2222222239
62327  -21.943  -22.641  -25.784 0.2222222239
143910  -22.654  -22.385  -25.766 0.1111111119
65232  -18.620  -19.365  -26.865 0.3333333433
64296  -18.852  -20.053  -27.206 0.3333333433
64281  -18.873  -20.899  -27.072 0.3333333433
64298  -20.872  -20.921  -27.935 0.3333333433
63323  -21.324  -21.364  -27.496 0.3333333433
63309  -21.754  -21.672  -26.849 0.2222222239
63324  -22.151  -21.178  -27.451 0.2222222239
62346  -22.216  -22.035  -26.248 0.2222222239
141156  -23.021  -21.897  -26.157 0.1111111119
129647  -22.574  -21.478  -26.739 0.2222222239
67043  -18.652  -17.767  -26.786 0.2222222239
66174  -18.894  -18.603  -27.205 0.2222222239
66160  -18.485  -18.544  -26.422 0.2222222239
65243  -19.163  -19.452  -27.510 0.3333333433
64297  -19.536  -20.352  -27.616 0.3333333433
133057  -20.172  -20.882  -27.772 0.3333333433
63325  -22.983  -20.907  -27.243 0.1111111119
133332  -18.839  -16.957  -27.035 0.2222222239
67044  -19.234  -17.759  -27.628 0.3333333433
130513  -19.425  -16.765  -27.771 0.3333333433
67058  -19.716  -17.358  -28.244 0.3333333433
66188  -19.877  -18.107  -28.339 0.3333333433
66175  -19.488  -18.737  -27.894 0.3333333433
144689  -20.686  -18.985  -28.678 0.3333333433
135586  -21.442  -19.780  -28.664 0.3333333433
66190  -21.259  -19.101  -28.961 0.3333333433
141928  -22.607  -20.034  -28.635 0.3333333433
65260  -23.019  -19.555  -28.948 0.3333333433
64317  -23.306  -20.030  -28.419 0.3333333433
64301  -23.505  -20.423  -27.743 0.1111111119
64318  -24.184  -19.935  -28.096 0.2222222239
67986  -19.105  -16.072  -27.158 0.2222222239
68006  -19.677  -15.807  -28.116 0.3333333433
67059  -20.279  -17.467  -28.779 0.3333333433
66208  -20.910  -17.587  -29.389 0.3333333433
66189  -20.639  -18.369  -28.877 0.3333333433
66209  -21.413  -18.347  -29.389 0.3333333433
65275  -21.910  -18.899  -29.348 0.3333333433
65276  -22.627  -18.944  -29.324 0.3333333433
68914  -18.863  -15.523  -26.528 0.3333333433
68915  -19.344  -15.117  -27.327 0.3333333433
65277  -23.523  -18.965  -29.189 0.3333333433
66211  -23.049  -18.162  -29.492 0.3333333433
77798  -32.393  -5.347  -28.752 0.2222222239
136123  -33.263  -4.222  -29.447 0.2222222239
78604  -33.301  -4.876  -29.605 0.2222222239
81731  -33.424  -0.529  -30.209 0.3333333433
133138  -33.575  -1.197  -30.664 0.2222222239
63322  -20.504  -21.414  -27.509 0.3333333433
63308  -20.925  -21.844  -26.977 0.3333333433
63310  -23.381  -21.291  -26.587 0.1111111119
64315  -21.168  -20.312  -28.326 0.3333333433
64299  -21.694  -20.860  -28.049 0.3333333433
64300  -22.601  -20.560  -28.055 0.3333333433
68007  -19.961  -16.681  -28.527 0.3333333433
133165  -21.762  -23.250  -25.401 0.1111111119
61327  -22.035  -23.836  -24.825 0.1111111119
134394  -18.220  -20.867  -26.512 0.3333333433
63306  -19.220  -21.858  -27.099 0.3333333433
62343  -19.661  -22.552  -26.784 0.3333333433
62344  -20.528  -22.467  -26.596 0.3333333433
61328  -23.043  -23.674  -24.560 0.1111111119
61354  -23.659  -23.078  -24.918 0.1111111119
62328  -23.473  -22.389  -25.539 0.1111111119
63288  -23.800  -21.690  -25.993 0.1111111119
126408  -18.462  -17.102  -26.406 0.2222222239
64282  -23.774  -20.722  -27.016 0.1111111119
64302  -24.806  -20.114  -27.430 0.1111111119
65246  -25.031  -19.554  -27.958 0.1111111119
65262  -24.549  -19.395  -28.510 0.1111111119
69814  -19.167  -14.534  -26.703 0.1111111119
79374  -33.403  -3.591  -29.691 0.2222222239
81748  -33.618  -0.457  -31.031 0.2222222239
125051  -33.530  -1.211  -31.684 0.2222222239
70754  -19.319  -13.600  -27.126 0.2222222239
73527  -19.767  -9.987  -29.179 0.5555555820
68025  -20.138  -16.058  -28.909 0.4444444478
80134  -33.626  -2.560  -30.963 0.2222222239
63307  -20.075  -21.953  -27.160 0.3333333433
64280  -18.403  -20.146  -26.636 0.2222222239
65245  -20.355  -20.286  -28.076 0.3333333433
65244  -19.854  -19.561  -28.047 0.3333333433
67985  -18.563  -16.386  -26.448 0.2222222239
65258  -20.181  -18.890  -28.398 0.3333333433
145816  -20.696  -19.562  -28.455 0.3333333433
65259  -22.115  -19.572  -29.007 0.3333333433
64316  -21.951  -20.256  -28.526 0.3333333433
134348  -24.165  -20.349  -27.454 0.1111111119
65261  -23.854  -19.526  -28.762 0.3333333433
65278  -24.401  -18.980  -28.952 0.1111111119
61352  -21.162  -23.739  -25.317 0.1111111119
62326  -21.033  -23.001  -25.896 0.2222222239
63305  -18.453  -21.642  -26.657 0.3333333433
62342  -18.831  -22.478  -26.669 0.3333333433
61364  -20.111  -23.090  -26.263 0.3333333433
135115  -18.195  -19.373  -26.049 0.2222222239
135458  -33.485  -4.299  -30.121 0.1111111119
78605  -33.458  -5.051  -30.369 0.1111111119
78630  -33.407  -4.746  -32.184 0.1111111119
78618  -33.500  -4.558  -31.122 0.1111111119
80149  -33.461  -3.114  -31.798 0.1111111119
79427  -32.906  -3.708  -33.510 0.1111111119
132416  -33.552  -1.943  -30.245 0.1111111119
80175  -32.805  -2.840  -33.520 0.1111111119
80933  -33.464  -2.212  -31.972 0.1111111119
134571  -33.150  -2.314  -32.885 0.1111111119
83438  -33.329  1.465  -30.130 0.2222222239
80949  -33.210  -1.619  -32.647 0.1111111119
84310  -33.632  2.717  -31.246 0.1111111119
84299  -32.846  2.842  -29.897 0.2222222239
141068  -32.561  4.061  -30.135 0.1111111119
131150  -33.572  1.870  -31.268 0.1111111119
84321  -33.638  2.994  -32.355 0.1111111119
86140  -33.229  4.484  -30.636 0.1111111119
87845  -24.225  6.235  -32.862 0.4444444478
87850  -24.971  6.192  -33.233 0.4444444478
87009  -33.432  5.367  -30.981 0.1111111119
88617  -27.614  7.522  -34.205 0.4444444478
89349  -30.453  8.296  -31.593 0.3333333433
88593  -30.753  7.732  -30.980 0.2222222239
88594  -31.815  7.678  -30.976 0.1111111119
134454  -33.060  6.094  -31.007 0.1111111119
87840  -33.482  6.664  -31.321 0.1111111119
88616  -26.726  7.719  -34.522 0.4444444478
89376  -27.591  8.131  -34.981 0.4444444478
89366  -28.138  7.942  -34.363 0.4444444478
90186  -28.316  8.457  -34.813 0.4444444478
90187  -29.096  9.312  -33.705 0.4444444478
131766  -29.584  10.072  -33.692 0.4444444478
90176  -29.671  9.610  -33.005 0.2222222239
90177  -30.423  9.692  -32.504 0.2222222239
90178  -31.318  9.651  -32.160 0.2222222239
90179  -32.218  9.828  -32.081 0.2222222239
90171  -31.870  9.097  -31.772 0.2222222239
93337  -30.187  13.749  -38.039 0.1111111119
93324  -31.688  13.227  -35.514 0.1111111119
90180  -33.134  9.813  -32.310 0.1111111119
131887  -24.591  7.159  -32.940 0.4444444478
88608  -24.986  7.748  -33.569 0.4444444478
88609  -25.811  7.597  -34.058 0.4444444478
89375  -26.636  8.433  -35.271 0.4444444478
90210  -27.835  9.114  -35.881 0.4444444478
90982  -28.238  9.792  -35.920 0.4444444478
90196  -28.459  9.176  -35.243 0.4444444478
145805  -28.715  8.987  -34.449 0.4444444478
90197  -29.055  9.683  -34.503 0.4444444478
90992  -27.955  10.260  -36.700 0.3333333433
90972  -29.488  10.631  -34.450 0.3333333433
91752  -30.113  11.290  -34.092 0.1111111119
91753  -30.788  11.526  -33.468 0.1111111119
92552  -31.283  12.308  -33.901 0.1111111119
90958  -31.713  10.529  -32.390 0.2222222239
91754  -31.656  11.882  -33.158 0.1111111119
92553  -32.092  12.469  -33.729 0.1111111119
89356  -24.512  8.152  -32.956 0.2222222239
89374  -25.847  8.261  -34.780 0.3333333433
90208  -26.353  9.104  -35.916 0.3333333433
90971  -28.838  10.082  -35.247 0.4444444478
131403  -28.719  11.053  -36.235 0.2222222239
143874  -28.568  10.468  -35.887 0.2222222239
91760  -29.754  11.464  -34.793 0.2222222239
92559  -30.134  12.142  -35.115 0.1111111119
91773  -28.118  10.959  -37.304 0.1111111119
91774  -28.990  11.852  -36.568 0.1111111119
92567  -30.744  12.776  -35.499 0.1111111119
92575  -28.654  11.835  -37.383 0.1111111119
92576  -29.282  12.739  -36.966 0.1111111119
142608  -29.994  13.121  -36.318 0.1111111119
89365  -25.120  8.344  -34.175 0.3333333433
90195  -25.828  8.823  -35.364 0.3333333433
90207  -25.365  9.659  -35.493 0.3333333433
90209  -26.517  9.600  -36.476 0.3333333433
90981  -27.489  9.681  -36.390 0.3333333433
90991  -26.715  9.973  -36.954 0.2222222239
92585  -28.721  12.191  -38.037 0.1111111119
93329  -29.972  13.526  -37.074 0.1111111119
143107  -28.879  12.574  -39.805 0.1111111119
90954  -24.875  10.623  -32.643 0.1111111119
90963  -24.783  10.924  -33.357 0.1111111119
90970  -24.826  10.727  -35.118 0.2222222239
91766  -24.730  11.202  -35.623 0.2222222239
90979  -25.225  10.326  -36.049 0.3333333433
90989  -24.983  10.616  -36.474 0.3333333433
91772  -24.749  10.698  -36.830 0.2222222239
91781  -25.347  10.262  -37.710 0.1111111119
92582  -25.109  10.892  -38.385 0.1111111119
92583  -26.616  11.130  -38.974 0.1111111119
92584  -27.878  11.333  -38.158 0.1111111119
92594  -27.842  11.796  -39.004 0.1111111119
93346  -27.879  12.450  -39.812 0.1111111119
93336  -29.404  13.090  -37.952 0.1111111119
94087  -30.474  13.727  -38.856 0.1111111119
93338  -31.199  13.854  -38.224 0.1111111119
90955  -25.322  11.059  -32.601 0.1111111119
91750  -25.396  11.456  -33.379 0.1111111119
91749  -24.785  11.199  -34.146 0.1111111119
91751  -25.761  11.945  -33.869 0.1111111119
144542  -25.678  12.992  -34.722 0.1111111119
92558  -25.144  12.747  -34.788 0.1111111119
92564  -24.452  11.497  -36.009 0.2222222239
92565  -24.448  12.729  -35.471 0.1111111119
137397  -24.616  14.350  -36.401 0.1111111119
120913  -24.363  12.261  -37.696 0.1111111119
141202  -25.277  13.599  -39.002 0.1111111119
92593  -26.692  11.966  -39.718 0.1111111119
92549  -26.591  12.224  -33.640 0.1111111119
122702  -26.927  12.231  -32.714 0.1111111119
135673  -26.829  12.768  -34.117 0.1111111119
93319  -26.419  13.251  -34.725 0.1111111119
93323  -26.043  13.941  -35.388 0.1111111119
93310  -27.272  13.006  -33.223 0.1111111119
93311  -28.043  13.697  -32.578 0.1111111119
93315  -27.230  13.504  -34.058 0.1111111119
131928  -33.446  -5.168  -31.678 0.1111111119
79392  -33.585  -3.541  -30.765 0.1111111119
134685  -33.448  -3.952  -31.863 0.1111111119
133856  -33.221  -4.296  -32.882 0.1111111119
81780  -33.058  -0.274  -32.764 0.1111111119
132395  -33.255  -0.901  -32.470 0.1111111119
82645  -33.388  0.475  -32.222 0.1111111119
85257  -33.762  3.635  -31.554 0.1111111119
135086  -25.435  6.946  -33.474 0.4444444478
124495  -29.863  9.157  -32.485 0.3333333433
143082  -31.310  9.041  -31.842 0.2222222239
89351  -32.244  8.421  -31.456 0.1111111119
89352  -33.055  8.348  -31.601 0.1111111119
87017  -33.917  5.927  -31.439 0.1111111119
90959  -32.522  10.576  -32.461 0.2222222239
91761  -30.513  11.888  -34.314 0.1111111119
93320  -31.697  12.879  -34.627 0.1111111119
92554  -32.931  12.229  -33.781 0.1111111119
144674  -27.146  9.238  -36.115 0.3333333433
92557  -24.734  12.096  -35.153 0.2222222239
92574  -24.204  11.519  -36.880 0.1111111119
94082  -24.915  14.160  -35.724 0.1111111119
130125  -25.199  14.535  -38.081 0.1111111119
135511  -27.357  14.724  -34.658 0.1111111119
94067  -27.646  13.900  -33.247 0.1111111119
78655  -32.963  -4.823  -34.126 0.1111111119
82627  -33.594  0.431  -31.240 0.2222222239
84286  -33.155  2.185  -29.999 0.2222222239
131721  -33.686  4.203  -31.193 0.1111111119
89384  -27.967  8.619  -35.426 0.4444444478
126437  -29.066  10.954  -35.340 0.2222222239
91743  -26.213  11.755  -33.098 0.1111111119
138545  -26.501  11.782  -32.332 0.1111111119
92545  -27.621  12.909  -32.208 0.1111111119
94077  -27.122  13.982  -34.852 0.1111111119
141019  -33.137  -5.554  -34.169 0.1111111119
77817  -32.970  -5.468  -29.208 0.1111111119
77834  -33.383  -5.741  -30.668 0.1111111119
77860  -33.349  -5.503  -32.467 0.1111111119
78662  -32.798  -5.191  -35.546 0.1111111119
77876  -33.041  -5.642  -35.094 0.1111111119
79431  -32.591  -4.268  -34.816 0.1111111119
79426  -32.518  -3.425  -34.280 0.1111111119
80181  -31.602  -2.784  -35.448 0.1111111119
80959  -32.197  -1.740  -34.184 0.1111111119
81779  -32.450  -0.327  -33.599 0.1111111119
145827  -32.328  -1.013  -33.803 0.1111111119
82660  -32.875  0.511  -33.043 0.1111111119
83495  -32.316  1.375  -34.118 0.1111111119
131405  -33.306  2.857  -33.411 0.1111111119
87021  -24.403  5.462  -33.265 0.4444444478
85270  -33.645  3.712  -33.114 0.1111111119
85264  -33.862  3.983  -32.280 0.1111111119
87847  -34.048  6.776  -31.804 0.1111111119
87025  -34.355  5.612  -32.548 0.1111111119
89361  -34.106  8.432  -32.634 0.1111111119
90966  -33.810  10.550  -33.327 0.1111111119
89364  -24.745  8.487  -33.513 0.3333333433
90185  -24.731  9.275  -33.744 0.2222222239
92562  -33.285  12.465  -34.429 0.1111111119
90175  -24.635  9.856  -32.788 0.1111111119
90962  -24.753  10.141  -34.333 0.2222222239
127746  -31.749  13.487  -37.094 0.1111111119
93339  -32.281  13.445  -37.826 0.1111111119
90950  -24.596  10.402  -31.880 0.1111111119
90951  -24.772  11.111  -31.335 0.1111111119
91742  -25.890  11.426  -32.479 0.1111111119
91739  -26.269  11.631  -31.639 0.1111111119
141264  -30.257  13.412  -39.670 0.1111111119
130580  -27.106  12.185  -31.666 0.1111111119
93344  -26.080  13.730  -39.836 0.1111111119
93359  -27.712  13.096  -40.581 0.1111111119
93372  -28.534  13.400  -41.165 0.1111111119
94079  -27.010  14.549  -35.562 0.1111111119
95522  -26.016  16.380  -36.878 0.1111111119
94073  -27.588  14.496  -33.789 0.1111111119
82610  -33.461  0.717  -30.368 0.1111111119
87839  -32.674  7.007  -30.976 0.1111111119
89368  -29.201  8.904  -32.939 0.4444444478
85248  -33.488  3.574  -30.849 0.2222222239
80161  -33.197  -2.937  -32.703 0.1111111119
80174  -32.304  -2.736  -34.345 0.1111111119
83465  -33.546  1.226  -31.705 0.1111111119
84331  -33.298  2.083  -32.921 0.1111111119
126196  -33.574  2.018  -32.017 0.1111111119
86149  -33.880  4.948  -31.388 0.1111111119
88595  -33.431  7.493  -31.534 0.1111111119
87848  -34.320  6.148  -32.116 0.1111111119
90964  -30.135  10.793  -33.592 0.2222222239
90956  -30.206  10.272  -33.009 0.2222222239
90965  -30.652  10.888  -32.987 0.1111111119
89359  -32.674  9.088  -31.839 0.1111111119
123491  -30.792  13.728  -37.332 0.1111111119
92561  -32.608  12.788  -34.413 0.1111111119
93330  -31.062  13.311  -36.397 0.1111111119
93331  -32.181  13.403  -36.088 0.1111111119
93325  -32.435  13.235  -35.212 0.1111111119
90181  -33.859  9.350  -32.701 0.1111111119
89360  -33.470  8.900  -32.087 0.1111111119
91746  -32.722  11.207  -32.805 0.2222222239
91755  -32.469  11.863  -33.122 0.2222222239
125085  -29.353  11.708  -35.640 0.2222222239
92566  -29.652  12.510  -35.967 0.1111111119
90194  -25.215  9.043  -34.735 0.3333333433
90980  -25.775  9.666  -36.263 0.3333333433
140414  -25.533  10.008  -37.238 0.2222222239
131846  -26.839  10.320  -37.453 0.1111111119
91782  -26.739  10.643  -38.111 0.1111111119
127974  -28.743  12.494  -38.934 0.1111111119
93347  -29.622  13.179  -39.084 0.1111111119
93360  -28.634  12.888  -40.517 0.1111111119
134181  -24.711  10.196  -33.361 0.1111111119
129781  -25.078  10.892  -32.005 0.1111111119
91757  -24.814  11.613  -34.760 0.1111111119
90990  -25.681  9.860  -36.801 0.3333333433
93335  -25.285  12.205  -38.941 0.1111111119
130016  -25.130  11.742  -34.096 0.1111111119
91758  -25.205  12.188  -34.475 0.1111111119
91759  -25.942  12.584  -34.336 0.1111111119
93322  -24.848  13.640  -35.424 0.1111111119
93328  -24.236  13.304  -36.322 0.1111111119
128061  -24.562  13.653  -37.644 0.1111111119
94787  -24.978  14.930  -36.958 0.1111111119
125570  -25.990  12.831  -39.574 0.1111111119
94083  -25.729  14.705  -36.082 0.1111111119
94788  -25.914  15.511  -36.698 0.1111111119
77847  -33.366  -5.857  -31.627 0.1111111119
135665  -33.664  8.159  -31.970 0.1111111119
134559  -33.326  11.417  -33.331 0.1111111119
91762  -33.695  11.901  -34.126 0.1111111119
94794  -25.486  15.247  -37.491 0.1111111119
94775  -27.345  15.353  -35.052 0.1111111119
83481  -33.287  1.271  -32.548 0.1111111119
84330  -32.808  2.088  -33.764 0.1111111119
88603  -34.092  7.567  -32.205 0.1111111119
90973  -34.035  11.077  -33.954 0.1111111119
92569  -33.594  12.713  -35.558 0.1111111119
90170  -23.985  9.865  -31.302 0.1111111119
135787  -32.657  13.275  -36.819 0.1111111119
94103  -25.591  14.630  -39.240 0.1111111119
93345  -26.837  12.891  -40.092 0.1111111119
95515  -26.637  16.267  -36.358 0.1111111119
121550  -25.554  15.757  -37.106 0.1111111119
61363  -19.309  -23.131  -26.360 0.2222222239
75209  -19.536  -8.277  -29.114 0.2222222239
76062  -19.294  -7.522  -29.150 0.2222222239
87020  -23.826  5.538  -32.913 0.3333333433
87013  -23.439  5.498  -32.328 0.2222222239
88599  -23.910  7.004  -32.330 0.1111111119
88590  -24.084  7.928  -32.318 0.1111111119
84292  -20.532  2.453  -30.533 0.2222222239
83446  -20.061  1.095  -30.242 0.1111111119
134222  -20.214  1.848  -30.219 0.1111111119
86137  -21.487  4.230  -31.067 0.1111111119
87834  -23.317  6.152  -31.776 0.1111111119
88588  -23.308  6.959  -31.427 0.1111111119
88589  -23.565  7.720  -31.620 0.1111111119
139461  -23.593  5.028  -32.846 0.2222222239
87002  -22.184  4.747  -31.457 0.1111111119
73509  -19.582  -10.538  -28.918 0.2222222239
73510  -19.725  -10.646  -29.072 0.3333333433
78581  -17.925  -4.969  -28.112 0.1111111119
79366  -18.659  -3.416  -29.280 0.3333333433
87844  -23.676  6.191  -32.365 0.3333333433
127570  -19.607  -10.175  -28.988 0.2222222239
87012  -22.994  5.356  -31.759 0.1111111119
130425  -23.522  6.789  -31.846 0.1111111119
87003  -22.128  5.845  -30.354 0.1111111119
87833  -23.134  6.168  -31.510 0.1111111119
73513  -29.788  -10.664  -28.964 0.1111111119
62325  -18.519  -23.067  -26.187 0.1111111119
136361  -19.732  -23.564  -25.974 0.1111111119
136730  -17.263  -22.218  -25.628 0.1111111119
63287  -18.036  -22.298  -26.269 0.1111111119
63286  -17.688  -21.320  -26.038 0.1111111119
64279  -17.891  -20.318  -25.989 0.1111111119
71720  -19.363  -12.754  -27.506 0.1111111119
76045  -19.144  -7.264  -28.965 0.1111111119
75192  -19.173  -8.289  -28.355 0.1111111119
74322  -19.690  -9.383  -29.096 0.1111111119
80897  -18.369  -1.059  -29.285 0.2222222239
81715  -18.772  -0.442  -29.554 0.2222222239
135554  -17.988  -0.751  -29.080 0.2222222239
81710  -17.906  -0.184  -29.085 0.2222222239
76967  -19.070  -6.851  -28.886 0.1111111119
62306  -16.647  -22.608  -25.012 0.1111111119
61349  -18.153  -23.611  -25.717 0.1111111119
61350  -19.056  -23.776  -25.855 0.1111111119
63285  -16.713  -21.760  -24.959 0.1111111119
138421  -17.142  -21.362  -25.391 0.1111111119
64263  -17.345  -20.605  -25.395 0.1111111119
65217  -17.706  -19.671  -25.326 0.1111111119
143232  -18.042  -19.077  -25.534 0.1111111119
66159  -18.240  -18.534  -25.730 0.1111111119
126418  -19.285  -13.298  -26.958 0.1111111119
128074  -19.322  -12.235  -27.733 0.1111111119
80891  -16.613  -1.497  -28.086 0.2222222239
82581  -17.184  0.731  -28.151 0.2222222239
83428  -18.879  0.590  -29.285 0.1111111119
82591  -18.697  0.200  -29.359 0.2222222239
83429  -19.387  0.761  -29.634 0.1111111119
130462  -18.203  -1.653  -29.116 0.2222222239
67032  -18.335  -17.676  -26.003 0.1111111119
67977  -18.324  -16.829  -25.816 0.1111111119
71734  -19.384  -11.948  -28.119 0.1111111119
140242  -17.796  -22.919  -25.920 0.1111111119
61348  -17.251  -23.268  -25.406 0.1111111119
71707  -19.315  -12.906  -27.165 0.1111111119
81708  -16.050  -0.756  -27.867 0.1111111119
125185  -19.249  -13.539  -26.729 0.1111111119
72660  -19.401  -11.504  -28.285 0.1111111119
84256  -18.055  1.045  -27.967 0.1111111119
83419  -18.931  1.417  -28.399 0.1111111119
80100  -17.127  -2.540  -27.887 0.1111111119
84291  -20.142  2.344  -29.902 0.1111111119
85242  -20.873  3.203  -30.834 0.1111111119
86143  -21.291  3.893  -31.137 0.1111111119
74326  -28.076  -9.268  -29.415 0.3333333433
75212  -29.161  -7.969  -29.344 0.5555555820
76052  -31.043  -7.545  -28.723 0.2222222239
76955  -30.697  -6.779  -28.817 0.3333333433
76970  -29.547  -6.255  -29.541 0.4444444478
76996  -20.722  -7.217  -30.670 0.8888888955
77796  -30.606  -5.243  -29.142 0.4444444478
77814  -28.640  -5.500  -30.262 0.6666666865
77818  -33.295  -5.616  -29.866 0.1111111119
77857  -23.313  -5.780  -32.810 1.0000000000
77869  -24.365  -5.321  -33.331 1.0000000000
78586  -32.861  -4.611  -28.989 0.2222222239
78595  -19.106  -5.235  -29.285 0.3333333433
78616  -20.040  -4.816  -30.683 0.5555555820
78642  -26.347  -4.650  -32.192 1.0000000000
78643  -33.290  -5.131  -33.220 0.1111111119
78653  -24.607  -4.722  -33.401 1.0000000000
79355  -30.884  -3.806  -29.051 0.5555555820
79357  -32.431  -4.002  -28.778 0.3333333433
79390  -28.029  -3.920  -30.882 0.7777777910
79420  -33.269  -3.576  -32.545 0.1111111119
80118  -33.530  -2.778  -29.945 0.3333333433
80133  -29.373  -2.364  -30.137 0.7777777910
80148  -27.651  -2.831  -31.400 0.7777777910
80158  -22.124  -2.959  -33.250 0.8888888955
80169  -21.883  -2.175  -33.387 0.8888888955
80903  -32.461  -1.233  -29.067 0.5555555820
80916  -33.638  -1.818  -31.103 0.1111111119
80946  -21.434  -1.449  -33.168 0.8888888955
80947  -25.659  -1.286  -32.976 0.8888888955
80956  -23.723  -1.586  -34.242 1.0000000000
80960  -32.743  -2.040  -33.470 0.1111111119
81703  -16.032  -0.068  -27.655 0.1111111119
81707  -15.853  -0.571  -27.389 0.1111111119
81709  -16.645  -0.606  -28.361 0.1111111119
81727  -20.074  -0.190  -30.705 0.5555555820
81745  -20.096  -0.860  -30.874 0.5555555820
81766  -33.489  -0.319  -31.913 0.2222222239
82580  -16.466  0.062  -28.130 0.1111111119
82582  -18.254  0.128  -29.129 0.2222222239
82593  -29.777  0.762  -29.573 0.7777777910
82596  -32.393  1.004  -29.429 0.5555555820
82607  -27.793  0.400  -31.161 0.8888888955
82644  -25.724  0.825  -32.815 0.8888888955
82656  -22.780  0.606  -33.939 0.7777777910
82657  -23.816  0.434  -34.070 0.8888888955
83403  -17.580  0.990  -27.776 0.1111111119
83411  -17.683  1.031  -27.967 0.1111111119
83418  -18.080  0.975  -28.312 0.1111111119
83436  -31.981  1.849  -29.434 0.5555555820
83452  -28.675  1.422  -30.573 0.6666666865
83492  -23.594  1.275  -33.937 0.7777777910
83496  -32.799  1.323  -33.350 0.1111111119
84284  -30.374  2.367  -29.587 0.6666666865
84298  -29.284  2.809  -30.382 0.5555555820
84300  -33.314  2.829  -30.436 0.2222222239
84318  -25.002  2.262  -33.268 0.7777777910
85247  -33.035  3.546  -30.245 0.3333333433
86145  -22.656  4.639  -31.919 0.3333333433
86150  -34.215  5.492  -31.898 0.1111111119
86158  -34.147  4.830  -32.225 0.1111111119
87006  -30.697  5.648  -30.136 0.5555555820
87015  -28.682  5.309  -31.005 0.6666666865
87031  -27.045  5.617  -33.124 0.6666666865
89350  -31.311  8.478  -31.472 0.2222222239
89358  -30.633  8.957  -32.022 0.3333333433
89383  -27.306  8.715  -35.674 0.4444444478
90188  -33.663  10.041  -32.847 0.1111111119
90957  -30.922  10.407  -32.571 0.2222222239
90960  -33.222  10.632  -32.788 0.2222222239
91744  -31.287  11.157  -32.776 0.1111111119
91745  -32.049  11.279  -32.690 0.2222222239
92560  -30.875  12.447  -34.651 0.1111111119
92568  -33.176  12.896  -35.046 0.1111111119
93318  -25.347  13.316  -34.997 0.1111111119
93326  -33.057  13.210  -35.896 0.1111111119
119874  -18.319  1.130  -28.117 0.1111111119
126406  -32.243  4.751  -30.172 0.4444444478
127858  -29.752  -3.144  -29.768 0.6666666865
129755  -33.551  1.302  -30.859 0.2222222239
132594  -30.803  -0.837  -29.069 0.5555555820
132866  -33.419  2.069  -30.613 0.2222222239
134025  -19.422  -2.988  -30.188 0.4444444478
134098  -23.597  -9.385  -32.654 1.0000000000
134386  -25.781  -3.157  -32.820 0.8888888955
134473  -32.773  0.259  -29.462 0.5555555820
134785  -26.172  -1.908  -32.501 0.8888888955
134816  -32.733  -1.117  -33.263 0.1111111119
134886  -28.757  -0.979  -30.559 0.7777777910
135428  -33.450  -5.261  -31.074 0.1111111119
135804  -33.879  4.329  -31.695 0.1111111119
137245  -28.889  4.712  -30.800 0.6666666865
137806  -30.633  7.173  -30.712 0.4444444478
138856  -27.946  -3.274  -31.073 0.7777777910
140465  -23.203  -0.382  -34.216 1.0000000000
141538  -32.669  7.812  -31.248 0.1111111119
142387  -27.242  -2.275  -31.696 0.8888888955
143301  -32.717  -2.631  -28.893 0.4444444478
145871  -28.614  7.078  -31.868 0.6666666865
