#!ascii label  , from subject sub-v1s0x0050642_ses-1 vox2ras=TkReg
1533
38086  -24.990  -46.791  -32.768 0.5000000000
128436  -25.165  -46.291  -32.273 0.4000000060
39178  -25.528  -45.776  -31.628 0.6000000238
39177  -24.680  -45.667  -31.981 0.6000000238
39204  -24.211  -45.874  -33.020 0.6000000238
38085  -24.587  -46.146  -32.526 0.5000000000
40157  -24.277  -44.852  -33.499 0.6000000238
39159  -25.118  -45.059  -31.335 0.6999999881
39160  -25.882  -45.364  -30.785 0.6999999881
40118  -24.134  -44.922  -31.761 0.6999999881
39191  -24.106  -45.490  -32.292 0.6999999881
40156  -23.962  -44.156  -32.906 0.6999999881
41136  -24.819  -43.772  -33.640 0.5000000000
129292  -24.465  -43.248  -33.144 0.6999999881
40173  -25.196  -44.614  -34.295 0.5000000000
40051  -21.211  -44.771  -27.455 0.5000000000
40104  -24.667  -44.337  -30.963 0.6999999881
40137  -23.723  -44.430  -32.006 0.6999999881
41096  -23.464  -43.372  -30.995 0.6999999881
41106  -23.355  -43.554  -31.617 0.6999999881
40117  -23.934  -44.003  -31.353 0.6999999881
142494  -24.933  -43.115  -33.522 0.6000000238
42035  -27.921  -43.140  -27.112 0.6999999881
42034  -27.218  -42.683  -27.684 0.6999999881
40091  -24.994  -43.984  -30.102 0.6999999881
41087  -25.325  -43.636  -29.352 0.6999999881
39138  -20.713  -45.105  -29.995 0.4000000060
40103  -24.199  -43.653  -30.593 0.6999999881
41119  -23.850  -43.487  -32.391 0.6999999881
43013  -23.257  -42.015  -31.982 0.6999999881
42119  -25.747  -42.354  -33.711 0.6000000238
42016  -27.632  -42.356  -25.259 0.6999999881
144797  -27.788  -42.562  -26.869 0.6999999881
41067  -26.609  -43.277  -28.320 0.6999999881
42943  -27.483  -41.996  -27.133 0.6999999881
42023  -27.748  -42.125  -26.213 0.6999999881
41038  -21.474  -43.312  -26.757 0.6000000238
42056  -26.279  -42.557  -28.287 0.6999999881
142844  -24.895  -42.946  -29.181 0.6999999881
41066  -25.723  -43.151  -28.767 0.6999999881
42942  -26.822  -41.929  -27.794 0.6999999881
143598  -27.208  -41.397  -27.308 0.6999999881
41065  -19.622  -44.172  -28.454 0.5000000000
40050  -20.378  -44.514  -27.937 0.5000000000
41095  -22.952  -42.895  -30.770 0.6999999881
41085  -23.744  -43.067  -30.297 0.6999999881
42941  -26.470  -41.104  -27.785 0.6999999881
40068  -20.000  -44.920  -29.111 0.4000000060
42089  -22.972  -42.965  -31.531 0.6999999881
42070  -24.112  -42.723  -29.600 0.6999999881
42055  -25.330  -42.301  -28.709 0.6999999881
42963  -26.071  -41.860  -28.230 0.6999999881
139913  -20.249  -44.832  -30.284 0.4000000060
42069  -23.234  -42.539  -30.059 0.6999999881
42962  -25.420  -41.389  -28.379 0.6999999881
41105  -22.961  -43.136  -31.229 0.6999999881
42961  -23.463  -41.253  -29.025 0.6999999881
42054  -24.509  -41.713  -28.845 0.6999999881
120823  -23.976  -42.071  -32.408 0.6999999881
42972  -22.852  -41.876  -29.788 0.6999999881
43028  -25.412  -41.737  -33.185 0.6000000238
121625  -24.063  -41.255  -32.328 0.6999999881
43001  -22.989  -41.232  -31.789 0.6999999881
44877  -25.837  -40.017  -31.737 0.5000000000
43971  -26.144  -40.779  -32.207 0.5000000000
43018  -27.773  -42.206  -31.860 0.4000000060
43002  -27.478  -41.544  -31.585 0.5000000000
43886  -27.490  -40.695  -25.909 0.6999999881
125022  -21.147  -42.455  -26.583 0.6000000238
41045  -20.129  -43.682  -27.611 0.5000000000
42927  -27.254  -40.706  -26.926 0.6999999881
42068  -22.458  -42.281  -30.633 0.6999999881
42973  -23.763  -42.098  -29.345 0.6999999881
42102  -22.878  -42.497  -31.661 0.6999999881
43929  -22.465  -41.253  -29.597 0.6999999881
44876  -24.352  -39.718  -31.894 0.6999999881
43014  -24.641  -41.815  -32.884 0.6999999881
43969  -24.673  -40.386  -32.305 0.6999999881
122216  -25.124  -39.755  -31.931 0.6999999881
42014  -23.648  -41.653  -25.058 0.6999999881
42903  -24.464  -41.231  -24.648 0.8000000119
43868  -25.411  -40.820  -24.458 0.8000000119
42913  -22.746  -41.418  -25.475 0.6000000238
136040  -23.096  -40.791  -25.083 0.6000000238
123710  -26.402  -40.930  -24.430 0.8000000119
130807  -21.897  -41.089  -25.641 0.6000000238
43871  -27.332  -40.829  -25.021 0.6999999881
42926  -21.528  -41.739  -26.161 0.6000000238
42021  -20.394  -42.272  -26.766 0.6000000238
42925  -20.725  -41.560  -26.290 0.6000000238
43896  -27.182  -39.949  -26.289 0.6999999881
42033  -19.929  -42.822  -27.356 0.6000000238
43885  -27.203  -40.055  -25.316 0.6999999881
42985  -21.967  -41.826  -31.060 0.6999999881
131156  -24.575  -40.851  -28.508 0.6999999881
44864  -22.661  -40.289  -31.588 0.8000000119
44875  -23.609  -39.726  -31.785 0.8000000119
43000  -22.450  -41.990  -31.533 0.6999999881
42971  -21.924  -41.612  -30.428 0.6999999881
43957  -26.587  -40.392  -31.500 0.5000000000
145686  -27.764  -41.321  -30.880 0.5000000000
43958  -27.267  -40.852  -31.192 0.5000000000
43003  -28.019  -41.956  -30.993 0.4000000060
135646  -22.321  -40.470  -25.116 0.6000000238
42902  -23.737  -40.726  -24.852 0.6999999881
43867  -23.061  -39.873  -24.478 0.8000000119
139062  -24.350  -40.204  -24.546 0.8999999762
139661  -25.083  -39.826  -24.459 0.8000000119
43869  -25.983  -40.079  -24.499 0.8000000119
129606  -21.030  -40.815  -25.711 0.6000000238
43870  -26.819  -40.255  -24.692 0.8000000119
42032  -19.101  -42.459  -27.621 0.6000000238
42020  -19.612  -42.013  -26.924 0.6000000238
140479  -20.032  -41.557  -26.412 0.6000000238
44800  -26.823  -39.393  -25.688 0.6999999881
41044  -19.305  -43.326  -28.158 0.5000000000
44808  -26.573  -39.303  -26.641 0.6999999881
45768  -26.441  -38.651  -25.930 0.6999999881
41084  -19.012  -44.053  -29.224 0.5000000000
42053  -18.568  -42.673  -28.444 0.5000000000
44813  -25.747  -39.423  -27.581 0.6999999881
43905  -25.622  -40.460  -28.049 0.6999999881
45842  -23.121  -39.144  -31.628 0.8000000119
43928  -21.715  -40.844  -30.021 0.6999999881
43919  -23.725  -40.260  -28.599 0.6999999881
140838  -21.590  -40.536  -31.155 0.6999999881
43866  -21.978  -40.004  -24.404 0.6999999881
44787  -23.079  -38.991  -23.621 0.8000000119
43884  -21.460  -40.328  -25.103 0.6999999881
44786  -22.414  -39.398  -23.683 0.8000000119
121856  -24.088  -39.059  -24.021 0.8000000119
43883  -20.626  -40.322  -25.045 0.6000000238
42912  -20.088  -40.777  -25.735 0.6000000238
44788  -25.203  -39.113  -24.436 0.6999999881
42924  -19.235  -41.139  -26.248 0.6000000238
45764  -26.306  -38.981  -25.217 0.8000000119
45756  -25.284  -38.373  -24.675 0.6999999881
42031  -18.300  -41.880  -27.929 0.6000000238
45763  -25.845  -38.177  -25.475 0.8000000119
42067  -18.009  -42.821  -29.035 0.4000000060
43920  -24.789  -39.920  -28.254 0.6999999881
44812  -24.875  -39.183  -27.985 0.6999999881
44807  -26.055  -38.594  -26.788 0.6999999881
39136  -17.436  -45.218  -29.644 0.4000000060
44823  -24.039  -39.388  -28.283 0.6999999881
44863  -21.940  -39.631  -31.278 0.8000000119
43942  -21.300  -41.001  -30.864 0.8000000119
43918  -22.528  -40.466  -29.108 0.6999999881
45858  -24.006  -39.188  -31.697 0.8000000119
45859  -24.699  -39.049  -31.596 0.6999999881
44865  -25.482  -39.011  -31.367 0.5000000000
42986  -27.808  -40.708  -30.368 0.5000000000
42987  -28.464  -41.373  -30.210 0.4000000060
44777  -21.802  -39.861  -23.645 0.6000000238
43865  -21.222  -40.203  -24.371 0.6999999881
43882  -19.742  -40.323  -24.915 0.6000000238
45754  -23.318  -38.140  -23.304 0.8000000119
143253  -19.246  -40.560  -25.432 0.6000000238
45755  -24.229  -38.070  -23.844 0.8000000119
42940  -18.787  -41.642  -27.090 0.6000000238
42923  -18.427  -40.880  -26.590 0.6000000238
121967  -25.283  -38.594  -27.495 0.8000000119
45767  -26.020  -38.087  -26.173 0.8000000119
143094  -17.901  -42.130  -28.606 0.5000000000
45771  -23.906  -37.922  -27.856 0.8000000119
41062  -17.231  -42.806  -29.087 0.4000000060
45841  -22.322  -38.672  -31.293 0.8000000119
44849  -21.089  -40.011  -30.874 0.8000000119
43927  -21.229  -40.152  -30.331 0.8000000119
137586  -21.703  -40.137  -29.593 0.8000000119
44822  -22.972  -39.569  -28.568 0.6999999881
44836  -21.376  -39.503  -29.639 0.8000000119
45843  -24.035  -38.410  -31.556 0.8000000119
44848  -21.117  -39.293  -30.259 0.8000000119
145128  -25.293  -38.508  -31.242 0.6000000238
44867  -27.111  -40.069  -30.597 0.5000000000
43855  -21.078  -40.332  -23.585 0.6000000238
43864  -20.370  -40.384  -24.336 0.6000000238
44778  -22.243  -39.218  -23.038 0.6999999881
44779  -22.721  -38.608  -23.054 0.6999999881
43846  -21.362  -40.359  -22.833 0.6000000238
43863  -19.421  -40.417  -24.315 0.6000000238
43895  -18.394  -40.354  -25.704 0.6000000238
43904  -17.606  -40.185  -26.564 0.5000000000
42938  -17.093  -40.445  -27.484 0.3000000119
46828  -24.668  -37.014  -25.355 0.8000000119
46824  -24.937  -37.496  -24.925 0.8000000119
46841  -24.982  -37.468  -26.780 0.8000000119
46829  -25.380  -37.540  -25.963 0.8000000119
45770  -22.957  -37.996  -28.092 0.8000000119
131143  -21.338  -39.070  -30.871 0.8000000119
44821  -22.011  -39.588  -29.022 0.8000000119
45787  -23.428  -38.725  -28.210 0.8000000119
45772  -24.395  -38.624  -27.923 0.6999999881
44820  -21.749  -39.063  -28.881 0.8000000119
45806  -21.268  -38.836  -29.523 0.8000000119
45825  -26.042  -38.771  -30.833 0.6000000238
43931  -29.520  -40.418  -29.259 0.3000000119
44766  -21.781  -39.789  -22.991 0.6000000238
44767  -22.333  -39.271  -22.544 0.6999999881
44768  -22.794  -38.748  -22.186 0.6999999881
40028  -18.133  -44.609  -25.507 0.5000000000
43854  -20.112  -40.619  -23.791 0.6000000238
43845  -20.646  -40.701  -23.177 0.6000000238
45744  -23.087  -37.745  -22.565 0.6999999881
43881  -17.936  -39.936  -24.909 0.5000000000
43862  -18.487  -40.287  -24.260 0.5000000000
42895  -19.899  -41.001  -23.474 0.6000000238
138572  -16.278  -40.413  -25.569 0.3000000119
122623  -17.432  -39.826  -25.628 0.5000000000
45745  -23.380  -37.225  -23.143 0.8000000119
46819  -24.168  -37.278  -23.904 0.8000000119
46827  -24.588  -37.004  -26.213 0.8999999762
42052  -17.350  -42.044  -28.796 0.4000000060
125474  -23.385  -37.412  -27.656 0.8999999762
46840  -24.165  -37.202  -27.185 0.8999999762
46887  -21.723  -38.191  -30.880 0.8000000119
45786  -22.331  -38.746  -28.514 0.8000000119
142238  -23.190  -38.297  -31.501 0.8000000119
46901  -24.392  -37.487  -31.388 0.6999999881
45824  -25.495  -38.239  -30.948 0.6000000238
125187  -27.365  -38.836  -29.651 0.6000000238
44851  -27.278  -39.428  -30.011 0.6000000238
43847  -21.960  -39.927  -22.435 0.6000000238
44753  -22.479  -39.454  -22.089 0.6999999881
42887  -21.065  -41.013  -22.573 0.6000000238
42886  -20.438  -41.413  -22.913 0.6000000238
42003  -17.845  -41.496  -24.139 0.6000000238
41998  -18.530  -41.332  -23.807 0.5000000000
41999  -19.757  -41.778  -23.221 0.6000000238
45730  -22.701  -38.589  -22.539 0.6999999881
45731  -23.545  -37.464  -21.932 0.8000000119
42001  -16.664  -40.843  -24.900 0.4000000060
130547  -16.720  -39.903  -26.705 0.4000000060
47870  -24.031  -36.485  -25.309 0.8000000119
46818  -23.706  -36.579  -23.190 0.8000000119
46839  -22.532  -37.294  -27.710 0.8999999762
46823  -23.981  -36.641  -24.257 0.8000000119
47898  -23.158  -36.817  -27.108 0.8000000119
45822  -21.153  -38.610  -29.890 0.8000000119
46853  -21.257  -37.365  -28.522 0.8000000119
46855  -22.130  -37.899  -28.179 0.6999999881
46886  -21.356  -37.726  -30.407 0.8000000119
46854  -21.693  -38.100  -28.531 0.8000000119
45785  -21.401  -38.311  -28.972 0.8000000119
46900  -23.622  -37.580  -31.468 0.8000000119
46870  -21.124  -37.323  -29.668 0.8000000119
46902  -25.052  -37.456  -31.056 0.6999999881
128069  -26.189  -38.179  -30.272 0.6999999881
46889  -26.400  -37.426  -29.670 0.6000000238
46872  -27.315  -37.283  -29.247 0.6000000238
46873  -28.729  -37.787  -29.149 0.6000000238
41992  -21.035  -41.907  -22.429 0.6000000238
43832  -22.337  -40.421  -21.798 0.8000000119
39046  -19.595  -45.316  -24.716 0.5000000000
44754  -23.356  -38.405  -21.803 0.8000000119
45716  -23.076  -38.096  -22.166 0.6999999881
41021  -19.103  -43.040  -23.886 0.5000000000
130682  -19.092  -42.046  -23.565 0.5000000000
41020  -18.488  -43.311  -24.419 0.5000000000
46797  -24.132  -36.819  -22.075 0.8000000119
46796  -23.635  -36.964  -22.541 0.8000000119
47882  -23.720  -36.561  -26.299 0.8000000119
47859  -23.842  -36.000  -23.525 0.8000000119
120768  -21.034  -37.193  -28.901 0.8000000119
47897  -22.132  -36.571  -27.119 0.8000000119
46838  -21.618  -37.118  -27.874 0.8999999762
47948  -23.069  -36.970  -31.247 0.8000000119
47919  -21.549  -36.886  -30.429 0.8000000119
47950  -24.606  -36.706  -31.159 0.6999999881
47949  -23.980  -36.725  -31.494 0.6999999881
47951  -25.211  -36.728  -30.615 0.6999999881
47936  -25.874  -36.699  -29.819 0.6999999881
41981  -23.248  -42.653  -21.905 0.8000000119
42874  -22.022  -41.181  -21.807 0.6000000238
42875  -22.748  -41.486  -21.629 0.6000000238
136667  -23.250  -40.841  -21.480 0.8000000119
35872  -21.895  -48.579  -23.582 0.6000000238
37938  -21.176  -46.887  -24.185 0.5000000000
41005  -21.448  -42.837  -22.587 0.6000000238
43833  -22.977  -39.861  -21.687 0.8000000119
130883  -20.798  -50.079  -22.922 0.6000000238
34944  -21.490  -49.558  -23.357 0.6000000238
36867  -22.316  -47.814  -23.458 0.6000000238
39039  -21.651  -45.330  -23.497 0.5000000000
40012  -20.510  -43.787  -23.486 0.5000000000
36831  -19.293  -47.297  -21.730 0.5000000000
35858  -19.975  -49.165  -21.957 0.5000000000
140458  -21.111  -48.593  -21.419 0.6000000238
35873  -22.369  -48.437  -22.993 0.6000000238
40019  -19.947  -44.536  -24.170 0.5000000000
39038  -20.871  -44.942  -23.746 0.5000000000
133008  -24.242  -39.005  -21.523 0.8000000119
45717  -24.191  -38.091  -21.667 0.8000000119
36832  -19.975  -47.699  -21.351 0.5000000000
41014  -19.766  -42.822  -23.451 0.5000000000
37912  -17.907  -46.522  -22.514 0.4000000060
45732  -24.456  -37.444  -21.827 0.6999999881
47851  -24.131  -36.265  -22.773 0.8000000119
126887  -22.664  -36.128  -26.176 0.8000000119
47869  -23.292  -36.028  -25.253 0.8000000119
142192  -23.697  -35.664  -24.046 0.8000000119
47920  -21.764  -36.068  -30.440 0.8999999762
47918  -20.767  -36.539  -29.067 0.8999999762
46837  -20.858  -36.551  -27.778 0.8000000119
47909  -20.662  -36.668  -28.321 1.0000000000
47896  -21.101  -36.245  -27.078 0.8000000119
47935  -23.413  -36.077  -31.228 0.6999999881
41007  -23.296  -43.731  -22.197 0.8000000119
122569  -23.757  -41.907  -21.568 0.8000000119
35844  -22.293  -48.300  -21.603 0.6000000238
123245  -22.678  -43.958  -22.505 0.6000000238
41006  -22.342  -43.026  -22.273 0.6000000238
42876  -24.391  -41.267  -21.478 0.8000000119
35842  -20.359  -48.521  -21.531 0.5000000000
35843  -21.673  -48.798  -21.854 0.6000000238
37927  -22.662  -47.126  -23.219 0.6000000238
126089  -22.462  -44.606  -22.809 0.6000000238
43834  -23.681  -40.275  -21.455 0.8000000119
125598  -24.573  -40.164  -21.480 0.8000000119
140704  -25.098  -39.613  -21.532 0.6999999881
36833  -20.850  -47.994  -21.101 0.5000000000
39029  -23.054  -45.589  -22.802 0.6000000238
40002  -21.927  -43.731  -22.719 0.6000000238
37897  -18.807  -46.469  -21.803 0.4000000060
37888  -20.118  -46.280  -20.767 0.4000000060
37899  -20.475  -47.168  -20.897 0.4000000060
36821  -21.389  -47.463  -20.661 0.4000000060
139099  -24.986  -38.116  -21.747 0.6999999881
39008  -19.316  -45.954  -21.159 0.4000000060
36836  -23.182  -47.481  -21.402 0.4000000060
46798  -24.901  -37.167  -22.116 0.6999999881
39983  -20.324  -45.005  -19.922 0.4000000060
39000  -21.878  -45.693  -19.611 0.5000000000
47847  -24.951  -36.738  -22.479 0.6999999881
39981  -19.121  -44.697  -20.582 0.3000000119
38999  -21.156  -45.355  -19.708 0.5000000000
37881  -22.280  -46.297  -19.823 0.5000000000
47858  -23.334  -35.508  -24.576 0.8000000119
48891  -24.110  -35.797  -23.219 0.8000000119
47852  -25.144  -36.305  -22.958 0.8000000119
126452  -24.613  -35.905  -23.110 0.8000000119
48951  -21.103  -35.773  -29.767 0.8000000119
145887  -20.523  -36.128  -27.289 0.8000000119
47880  -20.191  -35.658  -26.787 0.8000000119
128184  -21.757  -35.986  -26.491 0.8000000119
47868  -22.684  -35.479  -25.190 0.8000000119
48950  -20.288  -35.766  -28.793 1.0000000000
48912  -22.123  -35.083  -25.182 0.8000000119
47934  -22.407  -36.436  -30.922 0.8000000119
48937  -19.291  -35.378  -27.064 0.8000000119
47881  -21.039  -35.552  -26.289 0.8000000119
48964  -22.641  -35.491  -30.911 0.8999999762
48979  -24.310  -35.885  -31.179 0.6999999881
48980  -24.877  -36.118  -30.830 0.6999999881
48966  -24.910  -35.358  -30.500 0.6999999881
48967  -25.412  -35.997  -30.084 0.6999999881
47921  -26.331  -35.836  -29.560 0.6999999881
121871  -28.159  -37.213  -29.177 0.6000000238
48953  -27.237  -35.968  -29.450 0.6999999881
124577  -25.731  -35.197  -29.875 0.6999999881
47938  -28.790  -36.062  -29.842 0.6000000238
47922  -27.899  -36.492  -29.357 0.6000000238
36868  -22.748  -47.927  -22.803 0.5000000000
40003  -23.405  -44.731  -22.409 0.8000000119
39992  -23.998  -44.401  -22.021 0.8000000119
40996  -24.133  -43.680  -21.880 0.8000000119
36834  -21.803  -48.164  -21.141 0.5000000000
134617  -23.050  -47.372  -22.623 0.6000000238
37914  -23.386  -47.153  -22.082 0.5000000000
37889  -20.969  -46.646  -20.411 0.4000000060
36822  -22.303  -47.511  -20.636 0.5000000000
126111  -23.743  -45.587  -22.222 0.6999999881
42877  -25.558  -41.321  -21.441 0.6999999881
44755  -25.988  -39.716  -21.662 0.6999999881
131661  -19.729  -45.375  -20.541 0.3000000119
137982  -25.049  -38.841  -21.625 0.6999999881
122213  -25.448  -37.805  -22.017 0.6999999881
39969  -21.900  -44.899  -19.299 0.5000000000
46799  -25.939  -37.375  -22.501 0.6999999881
39967  -20.075  -44.227  -19.726 0.4000000060
39968  -20.904  -44.518  -19.479 0.4000000060
48899  -23.910  -35.584  -23.784 0.8000000119
48898  -23.471  -35.377  -24.279 0.8000000119
49922  -23.209  -35.164  -24.565 0.8000000119
49924  -24.522  -35.283  -24.188 0.6999999881
48926  -19.619  -35.039  -26.397 0.8000000119
48897  -22.855  -35.123  -24.777 0.8000000119
48952  -21.834  -35.389  -30.440 0.8999999762
124420  -20.654  -35.047  -29.295 0.8999999762
131700  -19.794  -35.134  -28.525 0.8000000119
48945  -19.455  -35.514  -27.902 0.8000000119
49949  -19.583  -34.469  -26.266 0.8000000119
135488  -22.284  -34.774  -30.609 0.8000000119
48965  -23.725  -35.135  -31.134 0.8999999762
45809  -29.547  -38.308  -29.305 0.4000000060
145256  -24.356  -35.238  -30.927 0.8000000119
49999  -25.314  -34.518  -30.176 0.6999999881
138724  -29.073  -35.174  -31.097 0.5000000000
40997  -24.891  -43.776  -21.377 0.6999999881
122096  -24.351  -42.931  -21.674 0.8000000119
39984  -24.754  -44.914  -20.518 0.6999999881
41983  -25.621  -42.827  -21.090 0.6999999881
39009  -20.613  -45.797  -20.219 0.4000000060
37883  -23.821  -45.938  -20.189 0.6000000238
40998  -25.425  -43.586  -20.763 0.6999999881
43835  -25.807  -40.499  -21.514 0.6999999881
45718  -26.036  -38.829  -21.914 0.6999999881
39970  -22.937  -44.940  -19.114 0.5000000000
40974  -21.445  -43.986  -18.959 0.4000000060
42843  -20.605  -42.287  -18.363 0.3000000119
40952  -21.014  -43.199  -18.600 0.3000000119
39949  -22.398  -44.193  -18.759 0.5000000000
49923  -23.766  -35.191  -24.331 0.6999999881
46811  -26.780  -37.195  -23.146 0.6999999881
40953  -21.924  -43.423  -18.387 0.4000000060
48900  -24.627  -35.622  -23.595 0.6999999881
48936  -18.875  -34.967  -27.262 0.8000000119
48927  -20.401  -35.126  -26.180 0.8000000119
49933  -21.136  -34.701  -25.771 0.8000000119
49934  -22.009  -34.900  -25.224 0.8000000119
49950  -20.457  -34.408  -26.046 0.8000000119
49983  -20.113  -34.332  -28.842 0.8000000119
49996  -22.737  -34.080  -30.651 0.8000000119
49995  -21.834  -34.127  -30.282 0.8000000119
49984  -21.454  -34.897  -30.081 0.8999999762
129930  -23.019  -34.713  -30.960 0.8999999762
49997  -23.599  -34.258  -30.779 0.8000000119
132567  -24.963  -33.935  -30.388 0.8000000119
47937  -28.002  -35.626  -29.672 0.6999999881
48970  -28.669  -35.331  -30.344 0.6000000238
50000  -26.235  -34.406  -29.938 0.6999999881
52053  -25.730  -32.686  -30.721 0.6999999881
127867  -25.130  -43.182  -21.350 0.6999999881
40956  -24.771  -43.708  -18.892 0.6000000238
39973  -25.204  -43.907  -19.583 0.6000000238
40988  -25.649  -43.550  -19.988 0.6999999881
41972  -26.033  -42.994  -20.395 0.6999999881
41984  -26.285  -42.245  -20.887 0.6999999881
39002  -23.462  -45.533  -19.578 0.5000000000
39011  -24.330  -45.601  -20.497 0.6000000238
42867  -27.028  -41.745  -20.416 0.6999999881
42878  -26.645  -41.393  -21.155 0.6999999881
39003  -24.199  -45.281  -19.883 0.6000000238
41960  -20.186  -42.949  -18.990 0.3000000119
39950  -23.357  -44.269  -18.731 0.5000000000
39971  -23.831  -44.857  -19.222 0.5000000000
40957  -25.181  -42.992  -18.661 0.6000000238
44756  -27.032  -39.813  -21.762 0.6999999881
41945  -22.427  -42.794  -17.991 0.4000000060
40954  -22.899  -43.543  -18.300 0.5000000000
41946  -24.497  -42.909  -18.292 0.6000000238
44769  -27.283  -39.153  -22.156 0.6999999881
46800  -27.244  -37.991  -22.928 0.6999999881
47853  -26.254  -36.575  -23.400 0.6999999881
42831  -21.845  -41.336  -17.579 0.3000000119
124666  -25.578  -35.532  -24.426 0.6999999881
49951  -21.524  -34.524  -25.680 0.8000000119
134415  -22.384  -34.784  -25.125 0.8000000119
49935  -23.359  -34.768  -24.996 0.6999999881
127720  -24.427  -34.900  -24.841 0.6999999881
49948  -19.062  -34.110  -26.594 0.8000000119
49952  -22.600  -34.317  -25.725 0.8000000119
133362  -20.943  -34.219  -29.704 0.8000000119
48944  -19.158  -34.558  -27.896 0.8000000119
49965  -18.792  -34.318  -27.078 0.8000000119
50987  -19.747  -33.940  -26.291 0.8000000119
51037  -22.214  -33.340  -30.331 0.8000000119
52986  -20.102  -31.754  -28.318 0.8000000119
52006  -19.841  -32.838  -27.251 0.8000000119
52007  -20.637  -32.443  -27.353 0.8000000119
52970  -20.897  -31.423  -27.920 0.8000000119
130269  -27.976  -34.863  -30.074 0.6000000238
51040  -24.991  -33.206  -30.593 0.8000000119
51041  -25.846  -33.610  -30.351 0.6000000238
52060  -25.606  -31.811  -30.942 0.6999999881
51042  -26.930  -33.743  -30.256 0.6000000238
40975  -25.481  -43.331  -19.244 0.6000000238
42879  -27.375  -41.054  -20.838 0.6999999881
41961  -25.768  -42.632  -18.880 0.6000000238
43837  -27.604  -40.321  -21.202 0.6999999881
41930  -22.802  -42.215  -17.762 0.4000000060
41931  -23.466  -42.727  -17.992 0.4000000060
42834  -25.709  -41.326  -18.210 0.5000000000
42859  -27.468  -41.103  -20.078 0.6999999881
41932  -24.334  -42.067  -17.815 0.5000000000
124775  -24.953  -41.262  -17.754 0.5000000000
44770  -28.074  -39.021  -22.038 0.6999999881
45734  -27.668  -38.622  -22.567 0.6999999881
42832  -22.661  -41.549  -17.576 0.3000000119
43788  -23.396  -40.959  -17.449 0.3000000119
42833  -23.468  -41.828  -17.650 0.4000000060
45746  -28.064  -38.229  -22.924 0.6999999881
122649  -22.942  -40.181  -17.356 0.3000000119
44713  -23.455  -39.570  -17.370 0.3000000119
47861  -26.866  -36.297  -24.091 0.6999999881
47854  -27.471  -36.861  -23.746 0.6999999881
48901  -26.398  -35.896  -24.418 0.6999999881
50988  -20.681  -33.905  -26.156 0.8000000119
49936  -25.332  -34.831  -25.606 0.6999999881
144997  -25.197  -35.122  -24.852 0.6999999881
48902  -27.435  -35.891  -24.824 0.6999999881
49937  -26.170  -35.215  -25.423 0.6999999881
48914  -27.219  -35.438  -25.495 0.6999999881
51026  -19.639  -32.784  -28.184 0.8000000119
51998  -20.100  -33.317  -26.684 0.8000000119
125742  -24.514  -34.522  -25.783 0.6999999881
49938  -27.010  -35.084  -26.085 0.6999999881
51027  -20.364  -33.441  -29.276 0.8000000119
52005  -19.472  -33.222  -27.304 0.8000000119
51001  -21.141  -33.206  -26.793 0.8000000119
50989  -21.841  -33.797  -26.273 0.8000000119
50990  -23.027  -33.722  -26.730 0.8000000119
49954  -25.359  -34.477  -26.355 0.8000000119
49956  -27.467  -34.579  -26.697 0.6999999881
52038  -20.494  -32.468  -29.525 0.8000000119
52008  -22.542  -32.290  -27.582 0.8000000119
50991  -24.133  -33.675  -27.224 0.8000000119
51036  -21.185  -33.367  -29.998 0.8000000119
128991  -20.846  -31.674  -29.823 0.8000000119
52969  -20.180  -31.961  -27.789 0.8000000119
125153  -21.630  -32.598  -27.282 0.8000000119
52010  -24.543  -32.958  -27.964 0.8000000119
52050  -22.530  -32.521  -30.361 0.8000000119
52999  -20.270  -31.313  -28.877 0.8000000119
125718  -21.544  -31.793  -27.576 0.8000000119
122388  -24.508  -32.057  -28.134 0.8000000119
52971  -21.768  -30.862  -27.930 0.8000000119
52051  -23.415  -32.356  -30.532 0.8000000119
50011  -28.607  -34.666  -30.836 0.5000000000
50010  -27.900  -34.043  -30.567 0.6000000238
143626  -23.447  -31.655  -30.609 0.8000000119
122330  -24.109  -31.988  -30.643 0.8000000119
51053  -28.162  -33.393  -31.198 0.6000000238
51051  -26.718  -32.919  -30.736 0.6000000238
51052  -27.493  -33.342  -30.732 0.6000000238
41962  -26.365  -42.163  -19.262 0.6999999881
41973  -26.555  -42.358  -20.014 0.6999999881
41947  -25.244  -42.190  -18.217 0.6000000238
138948  -27.248  -40.763  -19.283 0.6999999881
43824  -27.785  -40.473  -20.501 0.6999999881
43838  -28.094  -39.853  -20.903 0.6999999881
43801  -26.077  -40.585  -18.211 0.5000000000
43815  -27.734  -40.344  -19.743 0.6999999881
43789  -24.339  -40.680  -17.520 0.4000000060
44714  -24.484  -39.798  -17.493 0.4000000060
43790  -25.125  -40.436  -17.674 0.5000000000
45735  -28.347  -38.469  -22.423 0.6999999881
126337  -23.977  -38.932  -17.431 0.3000000119
129903  -25.040  -38.961  -17.573 0.3000000119
139864  -25.684  -40.269  -17.884 0.5000000000
45719  -28.540  -38.577  -21.772 0.6999999881
44712  -22.464  -39.380  -17.310 0.3000000119
46733  -24.658  -37.421  -17.791 0.3000000119
127408  -28.096  -37.650  -23.393 0.6999999881
144221  -24.162  -36.783  -17.911 0.3000000119
47863  -29.120  -36.218  -24.143 0.6999999881
49953  -23.746  -34.193  -26.233 0.8000000119
49955  -26.274  -34.683  -26.391 0.6999999881
131990  -27.864  -35.112  -26.094 0.6999999881
52024  -19.744  -32.324  -28.118 0.8000000119
51002  -22.301  -33.151  -27.071 0.8000000119
49966  -24.801  -34.141  -26.769 0.6999999881
49967  -25.772  -34.164  -27.057 0.8000000119
130797  -19.938  -32.793  -28.828 0.8000000119
51005  -26.201  -33.612  -27.636 0.8000000119
129488  -20.350  -31.648  -29.272 0.8000000119
52009  -23.678  -32.233  -27.908 0.8000000119
142025  -25.274  -32.239  -28.207 0.8000000119
126826  -21.806  -31.726  -30.175 0.8000000119
134086  -20.434  -31.050  -28.670 0.8000000119
52972  -22.890  -31.301  -27.915 0.8000000119
54005  -23.439  -30.418  -28.158 0.8000000119
53017  -22.074  -30.932  -30.253 0.8000000119
53016  -21.095  -30.889  -29.943 0.8000000119
54004  -21.129  -30.532  -28.416 0.8000000119
54021  -21.766  -29.666  -28.380 0.8000000119
52974  -24.965  -31.379  -28.185 0.8000000119
53019  -24.731  -31.544  -30.751 0.8000000119
41948  -25.976  -41.942  -18.612 0.6000000238
42845  -26.532  -41.267  -18.793 0.6000000238
123346  -23.733  -40.241  -17.420 0.3000000119
43803  -27.428  -39.818  -18.936 0.6000000238
130970  -26.278  -39.695  -18.075 0.5000000000
128325  -27.855  -39.730  -19.519 0.6999999881
44746  -28.371  -39.240  -20.566 0.6999999881
44725  -26.739  -39.022  -18.278 0.6000000238
44738  -28.150  -39.171  -19.671 0.6999999881
45706  -28.647  -38.563  -21.021 0.6999999881
45676  -23.366  -38.203  -17.413 0.3000000119
45678  -25.370  -38.194  -17.740 0.3000000119
143415  -28.171  -38.483  -19.482 0.6999999881
133635  -22.928  -36.900  -17.687 0.3000000119
145381  -26.231  -36.243  -18.568 0.3000000119
46783  -28.942  -37.968  -21.553 0.6999999881
46802  -29.157  -37.466  -22.265 0.6999999881
49849  -23.724  -34.611  -18.747 0.3000000119
49850  -24.398  -34.616  -18.864 0.3000000119
47787  -25.000  -35.878  -18.387 0.3000000119
49852  -26.067  -35.034  -19.058 0.3000000119
50911  -23.693  -33.509  -19.542 0.3000000119
48903  -28.651  -35.818  -24.775 0.6999999881
48915  -28.218  -35.462  -25.428 0.6999999881
49968  -26.759  -34.143  -27.200 0.8000000119
52011  -25.660  -33.023  -28.059 0.8000000119
122387  -26.188  -32.256  -28.146 0.8000000119
54033  -20.919  -30.188  -29.505 0.8000000119
55115  -20.919  -29.782  -29.176 0.8000000119
55132  -21.141  -28.969  -29.637 0.8000000119
54020  -21.175  -29.685  -28.862 0.8000000119
55102  -22.774  -29.512  -28.242 0.8000000119
130138  -23.708  -29.639  -28.219 0.8000000119
54006  -24.626  -30.294  -28.171 0.8000000119
53018  -22.971  -31.011  -30.588 0.8000000119
55117  -22.108  -28.423  -28.611 0.8000000119
122094  -23.876  -31.122  -30.721 0.8000000119
53029  -24.563  -30.876  -30.756 0.6999999881
53030  -25.246  -31.021  -30.880 0.6000000238
127777  -26.942  -39.430  -18.435 0.6000000238
125872  -27.713  -38.790  -18.998 0.6000000238
45696  -28.510  -38.509  -20.191 0.6999999881
46742  -26.168  -37.321  -18.225 0.4000000060
46755  -27.964  -37.300  -19.151 0.6000000238
46768  -28.944  -37.733  -20.656 0.6999999881
47801  -28.079  -36.418  -19.400 0.4000000060
46784  -29.288  -37.240  -21.412 0.6999999881
46813  -29.059  -37.288  -23.117 0.6999999881
135419  -26.278  -34.456  -19.502 0.3000000119
48848  -28.248  -35.607  -19.705 0.4000000060
47839  -29.493  -36.344  -21.292 0.6000000238
126741  -29.948  -35.870  -23.040 0.6999999881
47856  -29.447  -36.524  -23.458 0.6999999881
48892  -29.753  -35.791  -23.759 0.6999999881
48916  -29.166  -35.259  -25.229 0.6999999881
49939  -28.784  -34.975  -25.971 0.6999999881
51004  -25.188  -33.653  -27.542 0.8000000119
51006  -27.154  -33.507  -27.570 0.8000000119
52973  -24.037  -31.297  -28.101 0.8000000119
122310  -27.046  -32.183  -27.921 0.8000000119
122659  -22.486  -30.323  -28.088 0.8000000119
122882  -21.627  -29.100  -30.245 0.8000000119
56156  -21.125  -28.399  -29.319 0.8000000119
55118  -23.276  -28.734  -28.330 0.8000000119
57253  -22.088  -27.481  -29.029 0.8000000119
52061  -26.295  -32.239  -30.984 0.6000000238
54048  -24.040  -30.306  -30.754 0.8000000119
124110  -25.906  -31.133  -31.121 0.6000000238
54058  -24.853  -30.268  -30.799 0.6999999881
55149  -25.184  -29.518  -30.889 0.6999999881
44726  -27.188  -39.046  -18.572 0.6000000238
144572  -27.310  -38.546  -18.645 0.6000000238
46756  -28.478  -37.767  -19.695 0.6000000238
47799  -26.675  -35.861  -18.872 0.3000000119
46769  -29.193  -36.928  -20.761 0.6000000238
125919  -26.850  -34.975  -19.394 0.3000000119
47820  -28.658  -36.312  -19.860 0.5000000000
49873  -28.441  -34.981  -20.046 0.3000000119
48865  -28.853  -35.579  -20.157 0.5000000000
126675  -29.784  -36.098  -22.181 0.6999999881
50925  -25.737  -33.229  -20.406 0.3000000119
50926  -26.559  -33.479  -20.446 0.3000000119
49898  -29.986  -34.537  -21.853 0.4000000060
144619  -30.065  -35.435  -23.476 0.6999999881
51936  -25.328  -32.570  -21.038 0.3000000119
48893  -30.111  -35.062  -23.951 0.6000000238
49940  -29.578  -34.606  -25.644 0.6000000238
49941  -30.182  -34.135  -25.114 0.6000000238
49957  -28.329  -34.172  -27.030 0.8000000119
49958  -29.162  -34.291  -26.526 0.6999999881
50979  -29.963  -33.855  -25.931 0.6000000238
49969  -27.599  -34.005  -27.270 0.8000000119
50992  -28.920  -33.713  -27.087 0.6999999881
52012  -26.634  -32.952  -27.971 0.8000000119
52013  -27.528  -32.786  -27.713 0.8000000119
52014  -28.358  -32.465  -27.485 0.6999999881
51008  -29.057  -32.962  -27.223 0.6999999881
50993  -29.562  -33.428  -26.640 0.6999999881
140933  -25.797  -31.496  -28.154 0.8000000119
127213  -27.755  -32.076  -27.666 0.8000000119
52977  -28.353  -31.487  -27.418 0.6999999881
52015  -29.143  -32.044  -27.184 0.6999999881
128223  -26.200  -30.783  -27.977 0.8000000119
52975  -26.629  -31.478  -27.966 0.8000000119
54045  -21.383  -29.994  -30.047 0.8000000119
55137  -21.279  -28.224  -30.090 0.8000000119
55103  -24.292  -29.142  -28.255 0.8000000119
54008  -26.513  -30.047  -27.764 0.8000000119
56174  -21.648  -27.473  -29.586 0.8000000119
56159  -23.929  -28.118  -28.427 0.8000000119
55104  -25.220  -29.402  -28.138 0.8000000119
54046  -22.313  -30.139  -30.400 0.8000000119
55138  -21.910  -28.317  -30.364 0.8000000119
56158  -22.938  -27.731  -28.624 0.8000000119
123027  -24.561  -27.746  -28.523 0.8000000119
126387  -22.594  -29.395  -30.507 0.8000000119
55139  -23.082  -28.743  -30.557 0.8000000119
56181  -23.787  -28.140  -30.605 0.6999999881
53031  -26.429  -31.603  -31.186 0.6000000238
53032  -27.235  -31.432  -31.426 0.6000000238
140701  -23.454  -29.668  -30.668 0.8000000119
55140  -24.191  -29.363  -30.737 0.6999999881
48866  -29.364  -35.514  -20.796 0.5000000000
50914  -26.822  -34.187  -19.911 0.3000000119
49883  -28.976  -34.793  -20.456 0.4000000060
48881  -29.758  -35.399  -21.594 0.5000000000
123540  -30.124  -35.260  -22.390 0.6000000238
50927  -27.484  -33.755  -20.509 0.3000000119
48888  -30.299  -34.970  -23.152 0.6000000238
51955  -26.979  -32.471  -21.412 0.3000000119
50945  -28.800  -33.274  -21.256 0.3000000119
49909  -30.449  -34.059  -23.029 0.6000000238
49917  -30.403  -34.399  -23.632 0.6000000238
51953  -25.228  -31.937  -21.582 0.3000000119
51957  -29.478  -32.872  -21.858 0.3000000119
51954  -26.111  -32.051  -21.570 0.3000000119
50970  -30.447  -33.660  -24.560 0.6000000238
53947  -25.168  -30.830  -22.161 0.3000000119
50994  -30.189  -32.969  -25.995 0.6999999881
51999  -29.732  -32.517  -26.669 0.6999999881
128782  -26.045  -29.396  -27.906 0.8000000119
54009  -27.362  -29.850  -27.461 0.6999999881
134008  -27.831  -30.680  -27.443 0.6999999881
129048  -26.714  -29.372  -27.652 0.6999999881
123251  -25.627  -28.793  -28.082 0.8000000119
56146  -26.401  -28.620  -27.880 0.6999999881
57271  -22.448  -27.114  -29.483 0.8000000119
57272  -23.436  -26.678  -29.406 0.6999999881
57255  -23.765  -27.177  -28.784 0.8000000119
56160  -25.509  -27.964  -28.351 0.6000000238
53044  -29.063  -31.063  -32.291 0.6000000238
56180  -22.548  -27.578  -30.206 0.6999999881
130778  -23.693  -27.095  -30.258 0.6999999881
55150  -25.970  -29.594  -31.224 0.6999999881
55151  -26.817  -29.842  -31.388 0.6999999881
130372  -24.685  -28.697  -30.813 0.6999999881
58447  -27.300  -26.173  -31.602 0.5000000000
130131  -27.997  -26.755  -32.039 0.5000000000
132930  -30.511  -33.591  -23.763 0.6000000238
127004  -30.534  -32.928  -24.406 0.6000000238
52000  -30.249  -32.056  -25.972 0.6999999881
52962  -29.788  -31.623  -26.593 0.6999999881
139457  -23.674  -29.564  -22.445 0.3000000119
54010  -28.615  -30.584  -27.143 0.6999999881
52978  -29.174  -31.157  -26.970 0.6999999881
57256  -24.792  -27.133  -28.795 0.6999999881
55105  -27.236  -28.941  -27.520 0.6999999881
138835  -28.159  -30.004  -27.213 0.6000000238
57278  -22.080  -27.244  -29.866 0.6999999881
57279  -22.948  -26.944  -29.839 0.6999999881
58407  -24.238  -26.654  -29.147 0.6999999881
58408  -25.115  -26.513  -29.246 0.6000000238
58429  -23.892  -26.435  -29.975 0.6999999881
54061  -27.485  -30.603  -31.532 0.6000000238
53043  -28.145  -31.291  -31.746 0.5000000000
56197  -25.497  -28.627  -31.085 0.6999999881
57296  -25.601  -27.493  -31.154 0.6999999881
56198  -26.621  -28.028  -31.483 0.6999999881
56199  -27.655  -28.265  -31.659 0.6000000238
50956  -30.369  -33.192  -22.987 0.5000000000
51970  -30.242  -32.367  -22.967 0.4000000060
51976  -30.477  -32.636  -23.605 0.5000000000
52932  -30.425  -31.874  -23.437 0.5000000000
51985  -30.570  -31.917  -24.258 0.6000000238
52957  -30.495  -31.551  -25.225 0.6000000238
56082  -23.513  -28.788  -22.671 0.3000000119
55038  -24.330  -29.184  -22.478 0.3000000119
53996  -29.786  -30.804  -26.465 0.6999999881
139993  -29.240  -30.459  -26.771 0.6000000238
53995  -28.907  -29.758  -26.860 0.6000000238
56161  -26.434  -27.754  -28.185 0.6000000238
55106  -28.089  -29.171  -27.193 0.6000000238
58421  -24.374  -26.323  -29.629 0.6999999881
127079  -25.760  -27.165  -28.676 0.6000000238
56147  -27.131  -28.175  -27.757 0.6000000238
144375  -25.590  -26.256  -29.512 0.6000000238
58445  -25.735  -26.500  -30.924 0.6999999881
133651  -27.236  -28.997  -31.524 0.6999999881
55152  -27.780  -29.778  -31.598 0.6000000238
54083  -29.047  -30.262  -32.467 0.5000000000
133673  -28.059  -29.055  -31.727 0.6000000238
55169  -28.525  -29.687  -32.010 0.6000000238
55170  -29.170  -29.505  -32.735 0.5000000000
57297  -26.262  -27.029  -31.408 0.6000000238
144534  -28.345  -28.525  -31.960 0.5000000000
141589  -27.177  -27.144  -31.696 0.5000000000
57314  -28.220  -27.753  -31.982 0.5000000000
56218  -29.106  -28.450  -32.701 0.5000000000
57315  -28.797  -27.342  -32.452 0.5000000000
58463  -28.600  -26.529  -32.404 0.5000000000
52931  -30.129  -31.476  -22.898 0.4000000060
53952  -30.143  -30.592  -23.119 0.4000000060
128816  -27.841  -30.862  -22.431 0.4000000060
124642  -30.571  -30.962  -24.538 0.6000000238
56083  -24.406  -28.341  -22.687 0.3000000119
130010  -25.131  -28.774  -22.542 0.3000000119
138014  -26.482  -29.043  -22.557 0.3000000119
53997  -30.175  -30.349  -25.913 0.6000000238
128977  -25.123  -26.974  -23.035 0.3000000119
122679  -29.715  -30.012  -26.425 0.6000000238
55094  -28.969  -28.849  -26.835 0.5000000000
57242  -27.157  -27.477  -28.110 0.6000000238
121244  -27.812  -27.877  -27.688 0.6000000238
57257  -26.527  -27.152  -28.504 0.6000000238
56137  -28.372  -28.343  -27.265 0.6000000238
58409  -26.153  -26.577  -29.102 0.6000000238
57258  -27.961  -27.183  -28.195 0.6000000238
123969  -24.647  -26.126  -30.076 0.6999999881
58410  -27.018  -26.186  -29.435 0.6000000238
59465  -28.896  -25.956  -32.670 0.5000000000
124334  -29.226  -31.448  -22.478 0.4000000060
122717  -30.476  -31.042  -23.636 0.4000000060
53951  -29.634  -30.881  -22.729 0.4000000060
55043  -29.652  -30.145  -22.774 0.4000000060
53987  -30.464  -30.709  -25.327 0.5000000000
56084  -26.045  -28.351  -22.631 0.3000000119
57183  -26.797  -27.646  -22.766 0.3000000119
56085  -26.976  -28.482  -22.606 0.4000000060
55086  -30.499  -29.870  -25.334 0.4000000060
58331  -26.637  -26.839  -23.036 0.3000000119
56086  -27.626  -28.684  -22.642 0.4000000060
55095  -29.598  -29.306  -26.525 0.5000000000
56138  -29.181  -28.100  -27.042 0.5000000000
123815  -29.393  -27.426  -27.358 0.5000000000
126750  -27.075  -26.809  -28.612 0.6000000238
140724  -27.717  -26.570  -28.818 0.6000000238
59425  -26.444  -25.723  -30.634 0.6000000238
123622  -27.624  -25.700  -30.235 0.6000000238
58431  -26.076  -25.965  -30.782 0.5000000000
58446  -26.502  -26.354  -31.282 0.5000000000
59440  -27.518  -25.624  -31.429 0.5000000000
59459  -28.659  -25.403  -32.343 0.5000000000
53967  -30.380  -30.212  -23.559 0.4000000060
122288  -30.573  -30.259  -24.094 0.4000000060
55044  -30.181  -29.725  -23.224 0.4000000060
55075  -30.659  -29.624  -24.575 0.4000000060
58330  -25.919  -26.593  -23.131 0.3000000119
57226  -30.659  -28.066  -25.907 0.4000000060
55096  -30.202  -29.291  -25.944 0.5000000000
129669  -25.895  -25.997  -23.344 0.3000000119
145649  -30.015  -27.814  -26.794 0.4000000060
57244  -30.188  -27.171  -27.180 0.4000000060
58411  -28.476  -26.592  -28.593 0.6000000238
57259  -28.855  -27.011  -27.910 0.5000000000
58424  -28.069  -26.163  -29.369 0.6000000238
58412  -29.206  -26.555  -28.336 0.5000000000
59426  -27.085  -25.597  -30.794 0.5000000000
59416  -26.628  -25.766  -30.200 0.6000000238
59417  -28.526  -25.754  -29.883 0.6000000238
59441  -28.239  -25.334  -31.855 0.5000000000
60420  -28.870  -25.001  -32.329 0.5000000000
124545  -30.143  -25.582  -33.410 0.5000000000
123718  -27.905  -25.422  -31.118 0.5000000000
61330  -25.367  -23.329  -24.586 0.3000000119
60351  -26.554  -24.076  -24.124 0.4000000060
61332  -27.096  -23.296  -24.504 0.4000000060
59418  -29.366  -25.461  -29.954 0.5000000000
62330  -25.808  -22.233  -25.386 0.4000000060
59427  -28.564  -25.433  -30.632 0.5000000000
59403  -30.506  -25.481  -28.781 0.5000000000
59404  -31.245  -25.110  -28.371 0.5000000000
140523  -29.264  -25.088  -30.794 0.5000000000
59419  -30.221  -25.155  -29.574 0.5000000000
60406  -28.817  -25.093  -31.533 0.5000000000
59467  -30.628  -25.072  -33.462 0.5000000000
60442  -29.474  -24.800  -32.666 0.6000000238
60443  -30.036  -24.381  -32.695 0.5000000000
60459  -30.773  -24.354  -33.262 0.6000000238
60460  -31.541  -24.210  -33.423 0.4000000060
62309  -26.941  -22.561  -24.918 0.4000000060
60353  -28.472  -24.070  -24.331 0.4000000060
60400  -29.918  -24.781  -30.417 0.5000000000
60407  -29.661  -24.620  -31.353 0.5000000000
60408  -30.493  -24.044  -31.005 0.5000000000
124544  -31.166  -23.789  -30.233 0.5000000000
60421  -29.455  -24.651  -32.148 0.5000000000
60422  -30.152  -24.115  -32.004 0.5000000000
61446  -31.914  -23.749  -33.339 0.4000000060
61424  -30.745  -23.825  -32.672 0.5000000000
61445  -31.435  -23.697  -33.120 0.5000000000
135642  -28.761  -22.642  -24.866 0.4000000060
62331  -26.608  -22.068  -25.340 0.4000000060
60401  -30.656  -24.484  -29.964 0.5000000000
60391  -31.486  -24.359  -28.795 0.4000000060
61401  -30.916  -23.511  -31.933 0.4000000060
61425  -31.464  -23.213  -32.597 0.4000000060
61426  -31.985  -23.014  -33.010 0.3000000119
139656  -31.208  -24.249  -29.520 0.4000000060
61409  -31.523  -22.760  -31.999 0.4000000060
62401  -31.865  -22.549  -32.537 0.5000000000
141548  -32.563  -22.437  -32.534 0.4000000060
63361  -32.356  -21.868  -31.735 0.4000000060
62383  -31.743  -22.425  -31.316 0.4000000060
61411  -35.069  -22.887  -30.916 0.4000000060
63372  -32.621  -22.105  -32.122 0.4000000060
62376  -32.424  -21.570  -30.317 0.4000000060
62393  -33.388  -22.106  -31.723 0.4000000060
62394  -34.260  -22.597  -31.396 0.4000000060
130900  -35.873  -22.899  -30.542 0.4000000060
63351  -32.561  -21.321  -31.065 0.4000000060
63362  -32.764  -21.564  -31.442 0.3000000119
136226  -33.374  -21.440  -31.150 0.4000000060
123729  -32.809  -21.027  -30.396 0.4000000060
63353  -33.938  -21.283  -30.500 0.3000000119
63363  -34.055  -21.917  -30.998 0.4000000060
62395  -34.850  -22.332  -30.845 0.4000000060
62385  -36.714  -22.395  -30.390 0.4000000060
63352  -33.097  -21.051  -30.668 0.3000000119
63354  -35.128  -21.682  -30.378 0.4000000060
64337  -34.788  -20.926  -29.901 0.4000000060
41086  -24.533  -43.339  -29.809 0.6999999881
127203  -27.017  -41.070  -24.581 0.6999999881
41037  -20.701  -43.098  -27.029 0.6000000238
44789  -26.184  -39.454  -24.765 0.8000000119
42011  -17.069  -42.563  -25.099 0.4000000060
45823  -21.152  -38.522  -30.410 0.8000000119
39047  -20.374  -45.558  -24.269 0.5000000000
123143  -23.554  -39.393  -21.594 0.8000000119
37898  -19.639  -46.823  -21.258 0.4000000060
39018  -24.060  -45.982  -21.586 0.6000000238
141336  -25.395  -42.061  -21.407 0.6999999881
49921  -22.727  -35.021  -24.797 0.6999999881
43836  -26.876  -40.591  -21.437 0.6999999881
43816  -28.109  -39.874  -20.174 0.6999999881
142221  -28.354  -34.655  -26.504 0.6999999881
47821  -29.162  -36.297  -20.452 0.6000000238
48904  -29.501  -35.508  -24.456 0.6999999881
46744  -27.261  -37.743  -18.645 0.6000000238
50955  -30.094  -32.837  -22.454 0.4000000060
60458  -30.015  -24.873  -33.088 0.5000000000
55058  -30.583  -29.436  -23.807 0.4000000060
61402  -31.273  -23.279  -31.150 0.4000000060
134516  -24.640  -46.551  -32.960 0.5000000000
39215  -24.760  -45.676  -33.956 0.5000000000
39161  -26.591  -45.710  -30.311 0.6999999881
41137  -25.338  -43.032  -33.843 0.5000000000
40052  -22.087  -44.959  -27.097 0.5000000000
42118  -24.972  -42.501  -33.375 0.6999999881
42914  -27.586  -41.502  -25.555 0.6999999881
138103  -27.545  -41.390  -26.526 0.6999999881
142903  -24.520  -42.360  -29.126 0.6999999881
122102  -25.037  -41.077  -32.756 0.6999999881
43972  -26.821  -41.153  -31.939 0.5000000000
43970  -25.457  -40.512  -32.344 0.6000000238
43906  -26.597  -40.096  -27.311 0.6999999881
43968  -23.747  -40.405  -31.978 0.6999999881
42012  -22.313  -42.049  -25.945 0.6000000238
42939  -17.986  -40.937  -27.429 0.5000000000
44866  -26.373  -39.512  -31.033 0.5000000000
121970  -18.840  -40.240  -24.835 0.6000000238
138749  -24.766  -37.926  -27.426 0.8000000119
45844  -24.937  -38.284  -31.332 0.6999999881
145248  -26.838  -39.491  -30.491 0.6000000238
42894  -19.182  -41.189  -23.626 0.6000000238
43930  -28.912  -39.643  -29.228 0.4000000060
40027  -17.307  -44.196  -25.812 0.3000000119
42901  -18.026  -40.660  -24.071 0.5000000000
42900  -17.285  -40.662  -24.407 0.5000000000
43894  -16.701  -39.757  -25.745 0.5000000000
42010  -16.340  -42.207  -25.773 0.4000000060
128167  -22.055  -37.313  -30.931 0.8000000119
43831  -21.638  -40.651  -22.202 0.6000000238
142709  -22.965  -39.083  -21.910 0.8000000119
42002  -17.175  -41.660  -24.618 0.4000000060
41019  -17.780  -42.540  -24.507 0.5000000000
42004  -18.460  -42.317  -23.997 0.5000000000
123659  -23.563  -36.031  -24.310 0.8000000119
46888  -25.655  -37.460  -30.369 0.6999999881
46871  -26.787  -36.628  -29.403 0.6000000238
47923  -28.849  -36.885  -29.397 0.4000000060
42888  -21.542  -41.476  -22.088 0.6000000238
37936  -19.944  -46.255  -24.773 0.5000000000
40018  -19.199  -43.911  -24.306 0.5000000000
41004  -20.565  -42.584  -22.968 0.5000000000
40011  -19.714  -43.631  -23.868 0.5000000000
41980  -22.225  -42.010  -21.908 0.6000000238
36879  -21.700  -47.677  -24.007 0.5000000000
39048  -21.289  -45.995  -23.906 0.6000000238
132502  -20.640  -46.319  -24.334 0.5000000000
37926  -21.924  -46.918  -23.722 0.6000000238
41015  -21.193  -43.485  -22.998 0.5000000000
142104  -20.822  -49.154  -21.795 0.6000000238
34930  -21.223  -49.452  -22.418 0.6000000238
40013  -21.535  -44.442  -23.201 0.6000000238
39040  -22.318  -46.105  -23.358 0.6000000238
47867  -21.895  -35.477  -25.772 0.8000000119
36835  -22.625  -47.854  -21.167 0.5000000000
37913  -23.114  -46.627  -22.794 0.6000000238
143375  -22.217  -45.207  -23.163 0.6000000238
39030  -23.615  -46.320  -22.205 0.6000000238
39010  -21.448  -46.141  -19.944 0.4000000060
37890  -21.859  -46.882  -20.212 0.4000000060
37892  -23.451  -46.614  -20.477 0.5000000000
37891  -22.720  -46.880  -20.239 0.5000000000
39001  -22.612  -45.635  -19.508 0.5000000000
130826  -20.207  -36.146  -28.311 0.8000000119
48969  -27.211  -35.278  -29.597 0.6999999881
41982  -24.802  -42.385  -21.507 0.6999999881
127397  -24.179  -45.189  -21.840 0.6999999881
39993  -24.611  -44.591  -21.415 0.6999999881
136610  -24.444  -45.470  -21.126 0.6000000238
45733  -26.632  -38.351  -22.410 0.6999999881
47848  -25.781  -36.822  -22.880 0.6999999881
40973  -20.569  -43.720  -19.224 0.4000000060
49998  -24.456  -34.594  -30.647 0.8000000119
39985  -25.213  -44.186  -20.244 0.6000000238
39972  -24.668  -44.521  -19.548 0.6000000238
37893  -24.117  -46.160  -20.868 0.6000000238
37882  -23.092  -46.209  -19.909 0.5000000000
41944  -21.520  -42.648  -18.071 0.3000000119
47860  -25.602  -36.025  -23.689 0.6999999881
41929  -22.069  -42.097  -17.735 0.3000000119
51039  -24.260  -33.705  -30.578 0.8000000119
51038  -23.309  -33.312  -30.520 0.8000000119
50001  -27.158  -34.510  -29.903 0.6000000238
52052  -24.901  -32.354  -30.706 0.8000000119
39951  -24.143  -44.256  -18.894 0.6000000238
40976  -26.039  -42.896  -19.627 0.6999999881
42858  -26.983  -41.651  -19.647 0.6999999881
40955  -23.882  -43.619  -18.439 0.5000000000
123988  -24.134  -41.368  -17.569 0.4000000060
48913  -26.561  -35.609  -24.938 0.6999999881
52049  -21.479  -32.523  -30.113 0.8000000119
128255  -24.181  -32.832  -30.571 0.8000000119
44757  -27.832  -39.631  -21.592 0.6999999881
144237  -25.487  -40.773  -17.917 0.5000000000
125731  -23.120  -38.887  -17.330 0.3000000119
47855  -28.677  -36.922  -23.792 0.6999999881
47862  -28.086  -36.387  -24.315 0.6999999881
51003  -23.404  -33.076  -27.497 0.8000000119
44758  -28.330  -39.203  -21.341 0.6999999881
44715  -25.489  -39.701  -17.712 0.5000000000
45677  -24.351  -38.176  -17.574 0.3000000119
44724  -26.060  -38.916  -17.925 0.4000000060
46812  -28.652  -37.918  -22.756 0.6999999881
46732  -23.658  -37.342  -17.675 0.3000000119
47789  -26.648  -36.853  -18.492 0.3000000119
49851  -25.138  -34.979  -18.810 0.3000000119
140588  -28.438  -36.971  -19.605 0.6000000238
135056  -28.902  -37.021  -20.122 0.6000000238
47800  -27.416  -36.632  -18.927 0.4000000060
136242  -29.497  -36.805  -21.988 0.6999999881
47849  -29.528  -36.713  -22.711 0.6999999881
49925  -29.853  -34.831  -24.802 0.6000000238
52976  -27.447  -31.438  -27.698 0.8000000119
54007  -25.701  -30.130  -28.051 0.8000000119
54059  -25.718  -30.370  -31.078 0.6000000238
54060  -26.545  -30.751  -31.308 0.6000000238
48847  -27.514  -35.698  -19.338 0.3000000119
49872  -27.685  -34.755  -19.849 0.3000000119
51937  -26.280  -32.813  -20.986 0.3000000119
51938  -27.006  -33.098  -20.944 0.3000000119
49908  -30.289  -34.506  -22.526 0.5000000000
128802  -30.333  -34.295  -24.312 0.6000000238
51007  -28.161  -33.414  -27.416 0.8000000119
50980  -30.388  -33.348  -25.217 0.6000000238
128222  -27.001  -30.715  -27.694 0.6999999881
131672  -26.361  -28.917  -31.362 0.6999999881
131764  -28.260  -33.648  -20.847 0.3000000119
52913  -25.575  -31.392  -21.894 0.3000000119
52915  -26.949  -31.831  -21.808 0.3000000119
51993  -30.486  -32.462  -25.184 0.6000000238
56196  -24.650  -27.726  -30.768 0.6999999881
57280  -24.769  -26.640  -30.460 0.6999999881
52963  -30.235  -31.193  -25.957 0.6999999881
121037  -27.726  -28.494  -27.460 0.6000000238
54082  -28.359  -30.451  -31.865 0.5000000000
51969  -29.752  -32.179  -22.444 0.4000000060
58422  -25.228  -26.034  -29.840 0.6000000238
58423  -26.041  -26.043  -29.744 0.6000000238
128466  -28.625  -29.053  -32.207 0.6000000238
56229  -29.467  -27.678  -33.101 0.4000000060
55042  -27.805  -30.096  -22.548 0.4000000060
128152  -25.792  -29.285  -22.503 0.3000000119
125759  -25.195  -27.896  -22.760 0.3000000119
57182  -25.953  -27.370  -22.845 0.3000000119
57243  -28.577  -27.647  -27.552 0.5000000000
58430  -25.342  -26.062  -30.409 0.5000000000
139082  -30.593  -30.288  -24.782 0.4000000060
58332  -27.444  -27.038  -23.037 0.4000000060
130170  -29.870  -28.565  -26.527 0.5000000000
56118  -31.026  -28.486  -24.447 0.4000000060
58396  -29.681  -26.835  -27.795 0.5000000000
61331  -26.174  -23.429  -24.530 0.3000000119
61333  -28.142  -23.422  -24.553 0.4000000060
141166  -32.206  -21.768  -31.308 0.4000000060
144739  -32.003  -22.193  -30.657 0.4000000060
62384  -35.755  -22.333  -30.561 0.4000000060
64328  -33.819  -20.807  -29.897 0.4000000060
63356  -37.374  -21.697  -30.658 0.3000000119
134534  -29.605  -47.261  -27.511 0.5000000000
38032  -28.674  -46.938  -29.191 0.5000000000
36897  -27.446  -47.433  -25.386 0.4000000060
37956  -28.599  -46.771  -25.733 0.5000000000
37972  -29.190  -46.898  -26.243 0.5000000000
37973  -29.474  -46.773  -26.882 0.5000000000
37990  -29.108  -46.023  -27.878 0.6000000238
38006  -28.486  -46.119  -28.701 0.6000000238
37955  -27.791  -46.606  -25.328 0.5000000000
37954  -26.972  -46.264  -25.125 0.5000000000
39065  -28.444  -45.963  -25.592 0.5000000000
39083  -28.835  -45.374  -26.361 0.5000000000
37953  -26.110  -46.070  -25.305 0.5000000000
40053  -28.555  -44.556  -27.156 0.6000000238
39096  -28.444  -45.029  -27.916 0.6000000238
39115  -28.661  -45.537  -28.107 0.6000000238
39114  -28.023  -45.345  -28.524 0.6000000238
39113  -27.236  -45.051  -28.967 0.6000000238
40071  -27.795  -44.549  -28.249 0.6000000238
39141  -26.850  -45.405  -29.584 0.6000000238
39140  -26.110  -45.083  -29.912 0.6000000238
40093  -26.447  -44.751  -29.263 0.6000000238
39063  -26.738  -45.467  -24.923 0.5000000000
138236  -28.327  -45.225  -25.563 0.5000000000
40046  -28.467  -44.540  -25.983 0.6000000238
39082  -25.294  -45.846  -25.669 0.5000000000
39062  -25.862  -45.303  -25.050 0.5000000000
39081  -24.530  -45.589  -26.122 0.5000000000
39061  -25.018  -45.063  -25.466 0.5000000000
41048  -27.946  -43.830  -27.567 0.6000000238
40070  -26.908  -44.451  -28.777 0.6000000238
40105  -25.435  -44.693  -30.415 0.6000000238
40034  -27.888  -44.694  -25.223 0.5000000000
40032  -25.578  -44.508  -24.819 0.5000000000
40033  -26.466  -44.693  -24.674 0.5000000000
39049  -27.208  -44.789  -24.818 0.5000000000
40022  -27.465  -44.056  -24.858 0.5000000000
40045  -28.280  -43.777  -26.535 0.6000000238
40044  -24.205  -44.814  -25.888 0.5000000000
40031  -24.708  -44.272  -25.256 0.5000000000
39080  -23.738  -45.357  -26.495 0.5000000000
40043  -23.421  -44.531  -26.298 0.5000000000
41047  -27.377  -43.345  -27.845 0.6000000238
41068  -27.126  -43.888  -28.328 0.6000000238
40092  -25.725  -44.378  -29.604 0.6000000238
40069  -26.203  -43.966  -28.890 0.6000000238
41024  -27.080  -43.475  -24.495 0.5000000000
41031  -27.619  -43.234  -25.019 0.6000000238
130606  -28.004  -43.882  -25.534 0.6000000238
41040  -27.943  -43.000  -26.024 0.6000000238
40042  -22.602  -44.307  -26.631 0.5000000000
40041  -21.779  -44.135  -26.924 0.5000000000
41022  -24.967  -42.750  -24.617 0.5000000000
41023  -25.265  -43.685  -24.674 0.5000000000
42006  -26.554  -42.875  -24.305 0.5000000000
42007  -27.196  -42.584  -24.658 0.6000000238
41029  -23.081  -43.580  -26.064 0.5000000000
42005  -25.868  -42.338  -24.306 0.5000000000
42905  -26.704  -41.849  -24.388 0.6000000238
127345  -23.713  -43.250  -25.545 0.6000000238
122436  -24.038  -42.634  -25.121 0.6000000238
42906  -27.285  -41.678  -24.843 0.6000000238
42022  -21.894  -42.665  -26.362 0.5000000000
42013  -22.533  -42.881  -26.094 0.5000000000
134786  -23.142  -42.522  -25.609 0.6000000238
41046  -20.962  -43.932  -27.238 0.4000000060
42015  -24.445  -42.038  -24.763 0.6000000238
121199  -25.179  -41.806  -24.461 0.5000000000
42904  -25.946  -41.554  -24.338 0.6000000238
45826  -27.042  -38.152  -29.535 0.5000000000
43802  -26.839  -40.233  -18.576 0.5000000000
52062  -27.023  -32.168  -31.163 0.5000000000
63355  -36.561  -21.578  -30.485 0.4000000060
63365  -37.740  -21.098  -30.965 0.3000000119
127514  -38.129  -20.940  -30.890 0.3000000119
65292  -38.495  -19.629  -30.666 0.3000000119
35903  -27.966  -48.108  -25.475 0.4000000060
35924  -29.157  -48.386  -26.194 0.5000000000
36914  -29.493  -47.616  -26.627 0.5000000000
142300  -28.172  -47.164  -29.756 0.5000000000
131302  -27.051  -46.932  -25.298 0.4000000060
38031  -27.961  -46.504  -29.523 0.6000000238
39142  -27.607  -45.758  -29.213 0.6000000238
38030  -27.317  -46.081  -29.941 0.5000000000
36911  -25.772  -47.514  -25.894 0.4000000060
37971  -25.526  -46.649  -25.810 0.5000000000
37969  -24.070  -46.138  -26.713 0.5000000000
39095  -23.253  -45.949  -27.021 0.3000000119
39094  -22.412  -45.775  -27.298 0.4000000060
39112  -20.674  -45.320  -28.503 0.4000000060
44837  -28.015  -39.178  -29.393 0.4000000060
45808  -28.826  -38.702  -29.137 0.4000000060
45807  -27.961  -38.406  -29.228 0.4000000060
45686  -26.839  -38.634  -18.358 0.5000000000
46743  -26.654  -37.783  -18.346 0.4000000060
128897  -27.614  -32.765  -31.145 0.5000000000
52070  -27.849  -32.092  -31.545 0.5000000000
141514  -30.157  -33.663  -22.250 0.4000000060
138771  -37.874  -20.635  -31.294 0.3000000119
66225  -38.319  -18.869  -31.260 0.3000000119
36912  -26.276  -48.078  -25.748 0.4000000060
41039  -22.244  -43.486  -26.491 0.6000000238
52063  -28.394  -32.766  -31.615 0.5000000000
39079  -22.931  -45.143  -26.819 0.4000000060
38007  -29.273  -46.841  -28.342 0.6000000238
36913  -28.831  -47.645  -25.830 0.4000000060
135884  -29.010  -46.235  -26.180 0.5000000000
39084  -29.281  -46.053  -26.970 0.6000000238
39064  -27.642  -45.583  -25.150 0.5000000000
36895  -26.331  -46.826  -25.468 0.5000000000
40021  -26.935  -44.182  -24.545 0.5000000000
40020  -26.271  -43.822  -24.401 0.5000000000
40030  -23.931  -43.983  -25.738 0.5000000000
41030  -24.415  -43.448  -25.147 0.5000000000
63364  -37.302  -21.142  -30.864 0.4000000060
125219  -24.988  -47.216  -26.297 0.4000000060
38052  -27.681  -46.934  -30.229 0.4000000060
38051  -27.038  -46.397  -30.642 0.4000000060
37970  -24.786  -46.391  -26.255 0.4000000060
37951  -19.410  -46.773  -25.312 0.4000000060
39060  -19.161  -45.891  -25.294 0.3000000119
40029  -18.894  -45.022  -25.164 0.4000000060
41028  -17.778  -43.571  -25.152 0.4000000060
36894  -20.395  -47.650  -24.854 0.4000000060
37952  -20.006  -47.023  -24.986 0.4000000060
34019  -19.624  -51.028  -23.384 0.4000000060
34943  -20.959  -50.282  -23.718 0.4000000060
131101  -20.854  -49.186  -24.736 0.4000000060
35884  -20.933  -48.350  -24.647 0.4000000060
34942  -18.016  -49.714  -23.237 0.3000000119
34004  -19.288  -50.443  -22.916 0.3000000119
35871  -18.281  -48.959  -23.028 0.4000000060
34927  -18.833  -49.766  -22.813 0.4000000060
34928  -19.658  -49.809  -22.467 0.5000000000
35857  -18.507  -48.168  -22.666 0.4000000060
133361  -19.126  -49.034  -22.464 0.4000000060
34929  -20.459  -49.722  -22.318 0.5000000000
36852  -18.642  -47.324  -22.296 0.4000000060
140525  -26.156  -38.088  -18.081 0.3000000119
49884  -29.501  -34.647  -21.113 0.3000000119
50928  -28.965  -34.014  -20.826 0.3000000119
50946  -29.568  -33.786  -21.445 0.3000000119
59402  -29.087  -26.110  -29.125 0.4000000060
53950  -28.715  -30.675  -22.574 0.3000000119
126654  -29.978  -26.213  -28.431 0.4000000060
120897  -29.842  -25.713  -29.175 0.4000000060
55041  -27.191  -29.334  -22.545 0.3000000119
58397  -30.486  -26.538  -27.593 0.4000000060
59393  -30.857  -25.851  -28.005 0.3000000119
122704  -28.833  -29.702  -22.643 0.3000000119
56088  -29.715  -29.230  -22.848 0.3000000119
126670  -28.075  -29.195  -22.629 0.3000000119
57186  -29.772  -28.242  -22.934 0.3000000119
57185  -28.778  -27.970  -22.770 0.3000000119
57187  -30.408  -28.082  -23.242 0.3000000119
56102  -30.828  -28.530  -23.914 0.3000000119
141980  -30.758  -28.990  -24.348 0.3000000119
56128  -30.755  -28.908  -25.107 0.3000000119
57184  -27.739  -27.906  -22.790 0.3000000119
137522  -27.884  -26.497  -23.284 0.3000000119
59340  -27.065  -25.574  -23.475 0.3000000119
143120  -30.591  -27.432  -26.577 0.3000000119
140460  -30.865  -26.848  -26.847 0.3000000119
58398  -31.201  -26.157  -27.157 0.3000000119
60390  -30.890  -24.809  -29.154 0.3000000119
62375  -31.654  -22.973  -30.412 0.3000000119
58334  -29.472  -27.359  -23.014 0.3000000119
56119  -31.210  -28.055  -24.894 0.3000000119
58333  -28.429  -27.079  -23.068 0.3000000119
142676  -29.216  -26.634  -23.223 0.3000000119
58335  -30.345  -27.530  -23.227 0.3000000119
57213  -31.406  -26.992  -23.952 0.3000000119
56103  -31.258  -27.878  -24.145 0.3000000119
57227  -31.309  -27.498  -25.377 0.3000000119
58354  -28.561  -26.211  -23.371 0.3000000119
58355  -30.097  -26.722  -23.275 0.3000000119
57236  -31.120  -27.189  -26.081 0.3000000119
60324  -26.862  -24.822  -23.734 0.3000000119
138789  -27.825  -25.846  -23.495 0.3000000119
58389  -31.422  -26.454  -26.294 0.3000000119
60352  -27.610  -24.213  -24.175 0.3000000119
59394  -31.510  -25.387  -27.477 0.3000000119
62310  -27.740  -22.650  -24.825 0.3000000119
62333  -28.102  -22.066  -25.086 0.3000000119
61394  -31.681  -23.559  -29.409 0.3000000119
61395  -32.086  -22.545  -29.749 0.3000000119
57199  -30.898  -27.810  -23.581 0.3000000119
58356  -30.984  -26.894  -23.417 0.3000000119
58373  -31.669  -26.625  -24.520 0.3000000119
59342  -29.545  -25.865  -23.476 0.3000000119
59343  -30.719  -26.050  -23.491 0.3000000119
58357  -31.410  -26.205  -23.744 0.3000000119
57214  -31.497  -27.310  -24.636 0.3000000119
60325  -27.718  -25.088  -23.771 0.3000000119
136647  -29.288  -24.962  -23.835 0.3000000119
135636  -31.778  -26.035  -25.699 0.3000000119
59387  -32.237  -24.937  -26.042 0.3000000119
61334  -29.197  -23.646  -24.498 0.3000000119
60374  -31.970  -24.924  -26.894 0.3000000119
63272  -28.755  -21.711  -25.205 0.3000000119
63273  -29.569  -22.109  -25.095 0.3000000119
60380  -31.900  -24.508  -27.804 0.3000000119
61383  -31.954  -23.838  -28.506 0.3000000119
132430  -31.652  -26.251  -24.184 0.3000000119
60354  -29.852  -24.402  -24.159 0.3000000119
60355  -30.947  -24.538  -24.085 0.3000000119
59365  -31.725  -25.591  -24.203 0.3000000119
58383  -31.608  -26.730  -25.339 0.3000000119
142320  -29.030  -24.344  -24.191 0.3000000119
60356  -31.833  -24.676  -24.296 0.3000000119
59366  -32.039  -25.113  -24.650 0.3000000119
61335  -30.381  -23.716  -24.411 0.3000000119
62311  -29.863  -22.900  -24.754 0.3000000119
144512  -30.140  -21.715  -25.224 0.3000000119
139025  -30.909  -21.658  -25.093 0.3000000119
60375  -32.440  -24.154  -26.687 0.3000000119
63294  -29.523  -21.351  -25.359 0.3000000119
61374  -32.378  -23.589  -27.763 0.3000000119
62356  -32.710  -22.748  -27.930 0.3000000119
61384  -32.255  -23.065  -28.717 0.3000000119
59344  -31.251  -25.394  -23.871 0.3000000119
59379  -32.222  -25.020  -25.208 0.3000000119
61336  -31.466  -23.812  -24.390 0.3000000119
59386  -32.046  -25.495  -25.613 0.3000000119
63274  -30.446  -22.292  -24.960 0.3000000119
63275  -31.374  -22.329  -24.806 0.3000000119
61365  -32.816  -23.572  -25.924 0.3000000119
65219  -29.817  -19.978  -25.753 0.3000000119
64267  -29.656  -20.619  -25.591 0.3000000119
63295  -30.328  -21.097  -25.372 0.3000000119
64268  -30.469  -20.337  -25.556 0.3000000119
63296  -31.374  -20.836  -25.227 0.3000000119
62347  -32.825  -23.102  -26.920 0.3000000119
138238  -32.621  -22.004  -28.960 0.3000000119
63345  -32.900  -21.125  -29.613 0.3000000119
60357  -32.313  -24.454  -24.863 0.3000000119
60369  -32.501  -24.319  -25.589 0.3000000119
62313  -31.931  -23.035  -24.633 0.3000000119
138291  -32.495  -23.299  -24.885 0.3000000119
135793  -32.574  -23.773  -25.169 0.3000000119
63276  -32.068  -22.319  -24.803 0.3000000119
62314  -32.540  -22.689  -24.969 0.3000000119
131124  -31.824  -21.671  -24.936 0.3000000119
126688  -31.298  -19.937  -25.520 0.3000000119
63297  -32.555  -21.963  -25.085 0.3000000119
143113  -32.976  -22.550  -27.370 0.3000000119
62357  -33.077  -22.040  -27.835 0.3000000119
63336  -33.205  -21.298  -28.557 0.3000000119
64329  -34.540  -20.403  -29.343 0.3000000119
63346  -33.238  -20.813  -29.867 0.3000000119
61356  -32.818  -23.123  -25.407 0.3000000119
65220  -30.433  -19.501  -25.772 0.3000000119
62334  -32.988  -22.436  -25.525 0.3000000119
61357  -33.068  -22.796  -26.085 0.3000000119
135243  -31.235  -19.285  -25.681 0.3000000119
65221  -32.020  -19.438  -25.529 0.3000000119
64269  -32.232  -20.202  -25.376 0.3000000119
63298  -33.113  -21.695  -25.592 0.3000000119
62335  -33.250  -22.166  -26.046 0.3000000119
62348  -33.218  -22.232  -26.816 0.3000000119
63326  -33.441  -21.272  -27.370 0.3000000119
121409  -33.559  -20.676  -28.319 0.3000000119
64320  -34.389  -19.934  -28.707 0.3000000119
130240  -33.342  -20.833  -29.154 0.3000000119
65279  -35.057  -19.884  -29.065 0.3000000119
122071  -33.791  -20.487  -29.113 0.3000000119
66163  -30.802  -18.802  -25.955 0.3000000119
66151  -31.661  -18.785  -25.796 0.3000000119
139693  -32.452  -18.912  -25.713 0.3000000119
65222  -32.865  -19.597  -25.664 0.3000000119
64271  -33.274  -20.202  -25.976 0.3000000119
63314  -33.251  -20.938  -25.756 0.3000000119
132846  -33.506  -20.729  -26.530 0.3000000119
65223  -33.413  -19.487  -26.251 0.3000000119
65249  -34.162  -19.490  -27.916 0.3000000119
129565  -33.658  -20.248  -27.427 0.3000000119
65264  -34.961  -19.221  -28.673 0.3000000119
64319  -33.901  -20.135  -28.310 0.3000000119
131230  -35.470  -20.311  -29.565 0.3000000119
64338  -35.989  -20.954  -30.080 0.3000000119
66165  -32.241  -18.171  -25.961 0.3000000119
66166  -33.649  -18.375  -26.653 0.3000000119
134919  -33.646  -18.957  -26.607 0.3000000119
131088  -33.784  -19.519  -27.006 0.3000000119
65250  -34.561  -18.830  -27.982 0.3000000119
65280  -35.801  -19.619  -29.325 0.3000000119
64330  -36.355  -20.186  -30.052 0.3000000119
64339  -36.928  -20.719  -30.789 0.3000000119
66152  -33.147  -18.622  -26.024 0.3000000119
38050  -26.346  -46.027  -31.129 0.4000000060
145855  -18.552  -50.355  -23.112 0.3000000119
35885  -21.422  -48.978  -24.180 0.4000000060
37937  -20.514  -46.945  -24.585 0.4000000060
34020  -20.332  -50.617  -23.445 0.4000000060
36853  -19.423  -48.174  -22.006 0.4000000060
123011  -28.203  -28.512  -22.702 0.3000000119
56089  -30.388  -28.723  -23.349 0.3000000119
136534  -26.349  -22.547  -25.097 0.3000000119
60326  -28.434  -24.684  -24.025 0.3000000119
62332  -27.370  -22.014  -25.186 0.3000000119
33110  -20.027  -51.306  -24.487 0.4000000060
34958  -20.677  -50.086  -24.659 0.4000000060
34959  -21.173  -49.670  -24.151 0.4000000060
34941  -17.454  -48.965  -23.357 0.3000000119
56087  -28.921  -28.806  -22.691 0.3000000119
124470  -31.758  -25.633  -26.464 0.3000000119
59341  -28.554  -25.423  -23.651 0.3000000119
63293  -27.870  -21.326  -25.406 0.3000000119
60327  -30.317  -25.196  -23.762 0.3000000119
59378  -31.935  -25.864  -24.842 0.3000000119
61337  -32.224  -23.846  -24.598 0.3000000119
62312  -30.915  -23.012  -24.642 0.3000000119
65218  -29.119  -20.078  -25.849 0.3000000119
63315  -33.365  -21.525  -26.325 0.3000000119
123158  -32.524  -21.067  -25.205 0.3000000119
64270  -32.909  -20.392  -25.499 0.3000000119
144931  -33.576  -20.054  -26.597 0.3000000119
66180  -34.070  -18.761  -27.266 0.3000000119
66181  -34.565  -18.215  -27.730 0.3000000119
139569  -19.137  -51.687  -23.535 0.4000000060
44852  -27.869  -39.982  -29.714 0.4000000060
40088  -18.687  -44.196  -29.484 0.3000000119
40102  -19.495  -44.767  -29.966 0.3000000119
40087  -17.717  -44.329  -29.517 0.3000000119
40067  -19.543  -44.468  -29.360 0.3000000119
35870  -17.689  -48.188  -23.178 0.3000000119
36851  -17.866  -47.409  -22.885 0.3000000119
34971  -19.580  -49.752  -25.776 0.3000000119
33121  -19.755  -51.320  -25.254 0.3000000119
34972  -20.242  -49.438  -25.264 0.3000000119
34034  -20.477  -50.783  -24.166 0.3000000119
36893  -19.721  -47.585  -25.257 0.3000000119
133128  -19.663  -48.947  -25.560 0.3000000119
32147  -19.245  -51.870  -25.292 0.3000000119
34049  -19.751  -50.634  -25.631 0.3000000119
43943  -28.597  -40.546  -29.627 0.3000000119
33097  -20.056  -51.144  -23.846 0.4000000060
33109  -19.634  -51.747  -24.725 0.3000000119
34005  -20.065  -50.297  -22.879 0.4000000060
34018  -18.707  -51.109  -23.294 0.3000000119
34050  -20.182  -50.741  -24.950 0.3000000119
35859  -21.973  -49.030  -22.706 0.6000000238
35860  -22.396  -48.493  -22.271 0.6000000238
35901  -20.197  -48.470  -25.176 0.3000000119
35902  -26.994  -48.136  -25.500 0.4000000060
36823  -23.043  -47.286  -20.790 0.4000000060
36854  -22.901  -47.892  -21.957 0.5000000000
36878  -21.027  -47.613  -24.425 0.5000000000
36896  -26.630  -47.494  -25.528 0.4000000060
36898  -28.162  -47.311  -25.495 0.4000000060
36944  -29.180  -47.492  -28.979 0.5000000000
37900  -23.671  -46.807  -21.320 0.5000000000
37991  -29.401  -46.559  -27.523 0.5000000000
39097  -28.901  -45.377  -27.413 0.6000000238
39994  -25.044  -44.260  -20.884 0.6999999881
40017  -18.641  -44.196  -24.869 0.4000000060
40089  -19.643  -44.596  -29.633 0.4000000060
40090  -20.363  -44.845  -30.185 0.4000000060
40138  -23.842  -45.088  -32.531 0.6999999881
41063  -18.714  -43.408  -28.869 0.5000000000
41064  -19.160  -43.932  -28.837 0.5000000000
41082  -17.864  -43.522  -29.295 0.4000000060
41083  -18.441  -43.606  -29.157 0.5000000000
42079  -22.580  -42.561  -31.227 0.6999999881
42103  -23.498  -42.773  -32.038 0.6999999881
42104  -24.248  -42.620  -32.762 0.6999999881
42959  -16.727  -40.776  -28.005 0.3000000119
42960  -17.438  -41.304  -28.212 0.4000000060
43787  -22.438  -40.787  -17.434 0.3000000119
43852  -18.685  -40.784  -23.920 0.5000000000
43853  -19.255  -40.686  -23.888 0.6000000238
43861  -17.571  -40.057  -24.487 0.5000000000
43879  -16.840  -40.045  -24.888 0.5000000000
43880  -17.238  -39.830  -25.069 0.5000000000
44737  -27.673  -39.303  -19.078 0.6999999881
44790  -26.752  -39.629  -25.045 0.6999999881
44850  -26.701  -38.922  -30.266 0.6000000238
45695  -27.806  -38.127  -19.031 0.6000000238
45773  -25.535  -37.961  -26.826 0.8000000119
46801  -28.767  -38.101  -22.165 0.6999999881
46869  -21.183  -38.022  -29.300 0.8000000119
46885  -21.079  -37.919  -30.112 0.8000000119
46899  -22.675  -37.815  -31.271 0.8000000119
47777  -23.444  -36.396  -17.924 0.3000000119
48832  -24.211  -35.286  -18.487 0.3000000119
48833  -25.811  -35.740  -18.643 0.3000000119
48910  -20.350  -34.718  -26.021 0.8000000119
48911  -21.250  -34.972  -25.702 0.8000000119
48925  -18.946  -34.754  -26.706 0.8000000119
48968  -26.508  -35.027  -29.654 0.6999999881
50999  -19.014  -33.752  -26.966 0.8000000119
51000  -19.403  -33.528  -26.763 0.8000000119
51016  -19.246  -33.583  -27.566 0.8000000119
51017  -19.636  -33.541  -28.421 0.8000000119
52023  -19.581  -32.859  -27.759 0.8000000119
52037  -19.987  -32.068  -28.695 0.8000000119
52968  -19.789  -32.490  -27.756 0.8000000119
53000  -20.587  -31.026  -29.405 0.8000000119
54003  -20.527  -31.165  -28.336 0.8000000119
54019  -20.746  -30.456  -28.776 0.8000000119
54032  -20.567  -30.602  -29.034 0.8000000119
54047  -23.227  -30.313  -30.647 0.8000000119
55116  -21.090  -29.033  -29.184 0.8000000119
56145  -24.874  -28.541  -28.305 0.8000000119
56157  -21.417  -27.951  -29.182 0.8000000119
56173  -21.114  -27.936  -29.685 0.8000000119
56179  -21.523  -27.607  -30.077 0.8000000119
57254  -22.871  -27.149  -29.063 0.6999999881
58353  -27.222  -26.315  -23.280 0.3000000119
58470  -29.247  -26.846  -32.914 0.5000000000
58478  -30.940  -25.735  -33.614 0.5000000000
59415  -25.910  -25.827  -30.274 0.6000000238
59439  -26.764  -25.810  -31.112 0.5000000000
59458  -28.118  -25.867  -32.058 0.5000000000
59466  -29.309  -25.325  -32.885 0.5000000000
59468  -31.402  -24.993  -33.580 0.5000000000
62308  -25.899  -22.872  -24.919 0.3000000119
62392  -31.969  -22.097  -32.030 0.4000000060
62402  -32.233  -22.346  -32.437 0.4000000060
64350  -37.552  -20.647  -31.246 0.3000000119
121515  -21.962  -41.251  -31.315 0.6999999881
122937  -16.767  -41.393  -28.429 0.4000000060
123708  -22.745  -31.726  -30.460 0.8000000119
125415  -27.835  -37.767  -29.156 0.6000000238
127775  -21.358  -28.760  -28.908 0.8000000119
129137  -20.140  -35.989  -27.615 0.8999999762
129759  -32.539  -22.825  -32.849 0.3000000119
131596  -25.791  -43.117  -24.373 0.5000000000
136110  -20.148  -50.163  -25.304 0.4000000060
136759  -26.489  -22.934  -24.782 0.3000000119
138264  -21.685  -42.250  -22.204 0.6000000238
139419  -21.194  -36.534  -29.893 0.8000000119
141219  -21.462  -48.253  -24.216 0.6000000238
141953  -16.673  -41.733  -25.129 0.4000000060
142638  -26.007  -28.281  -31.335 0.6999999881
143287  -22.169  -31.523  -27.675 0.8000000119
143600  -26.259  -30.156  -31.277 0.6000000238
144253  -17.056  -39.807  -26.154 0.4000000060
144686  -25.468  -30.826  -28.133 0.8000000119
144849  -23.825  -45.059  -32.106 0.6999999881
145016  -29.276  -46.471  -26.553 0.5000000000
145229  -16.308  -41.258  -25.490 0.4000000060
145564  -32.893  -17.992  -26.078 0.3000000119
145627  -19.264  -44.608  -24.649 0.5000000000
