#!ascii label  , from subject sub-v1s0x0050642_ses-1 vox2ras=TkReg
903
24261  -40.595  -60.652  -34.515 0.5000000000
23248  -38.412  -61.332  -34.617 0.8000000119
25269  -36.654  -59.164  -33.812 0.8000000119
24241  -37.166  -60.350  -33.771 0.8000000119
135909  -38.523  -59.688  -33.868 0.8000000119
124568  -41.494  -62.030  -35.394 0.5000000000
24244  -39.764  -61.071  -34.676 0.5000000000
135147  -39.909  -60.152  -34.040 0.6000000238
26402  -35.798  -58.273  -35.621 0.6999999881
26380  -36.306  -58.338  -34.537 0.6999999881
26382  -38.466  -58.579  -34.266 0.8000000119
25271  -39.249  -59.443  -33.985 0.6999999881
23263  -42.138  -62.053  -34.993 0.6000000238
23262  -41.194  -61.341  -35.053 0.5000000000
24245  -41.599  -60.223  -34.455 0.6000000238
25303  -33.527  -59.455  -36.577 0.6999999881
25272  -40.680  -59.662  -34.188 0.6000000238
25273  -41.383  -59.204  -34.360 0.6000000238
25304  -34.233  -59.051  -35.989 0.6999999881
26401  -34.852  -58.596  -35.248 0.6999999881
26381  -37.317  -58.414  -34.423 0.6999999881
26384  -40.639  -58.665  -34.478 0.6000000238
26385  -41.776  -58.577  -34.750 0.6000000238
26383  -39.563  -58.540  -34.417 0.8000000119
142142  -43.026  -61.134  -34.108 0.4000000060
24246  -42.626  -60.372  -34.445 0.6000000238
25319  -33.334  -59.252  -37.249 0.6999999881
26428  -34.106  -58.831  -37.377 0.6999999881
127457  -35.004  -58.717  -36.453 0.6999999881
26403  -36.841  -57.974  -35.408 0.6999999881
26404  -37.888  -57.821  -35.232 0.6000000238
26406  -40.076  -57.861  -35.070 0.6999999881
27408  -41.020  -56.931  -36.727 0.5000000000
26423  -37.256  -57.674  -36.506 0.6000000238
27399  -38.391  -57.484  -36.233 0.6000000238
27407  -39.911  -56.947  -36.732 0.6000000238
27406  -38.826  -57.052  -36.813 0.6000000238
27423  -39.266  -56.654  -37.230 0.5000000000
24248  -43.444  -60.059  -33.780 0.4000000060
24247  -43.141  -60.261  -34.167 0.5000000000
27428  -32.110  -58.299  -37.897 0.6999999881
133349  -43.236  -59.300  -34.348 0.6000000238
26386  -42.964  -58.513  -34.861 0.6000000238
26420  -34.947  -58.688  -37.165 0.6999999881
26408  -42.381  -57.986  -35.396 0.6000000238
26421  -35.737  -58.406  -36.846 0.6999999881
27402  -41.704  -57.399  -35.997 0.5000000000
27409  -42.109  -56.896  -36.713 0.6000000238
26422  -36.401  -57.940  -37.062 0.6999999881
130447  -37.860  -57.357  -37.022 0.6000000238
28350  -40.342  -56.559  -37.230 0.5000000000
28351  -41.414  -56.461  -37.185 0.5000000000
27422  -38.281  -56.894  -37.254 0.5000000000
27415  -28.488  -57.191  -38.564 0.6000000238
28357  -29.342  -56.340  -38.381 0.6000000238
25258  -44.131  -59.618  -33.134 0.5000000000
128680  -44.306  -59.140  -33.730 0.5000000000
27416  -31.168  -57.101  -38.161 0.6999999881
26435  -31.365  -58.753  -38.049 0.6999999881
25275  -43.726  -59.199  -34.086 0.5000000000
26387  -43.914  -58.419  -34.634 0.5000000000
27386  -44.635  -57.748  -34.491 0.4000000060
27429  -32.895  -58.630  -37.682 0.6999999881
125574  -44.453  -57.830  -34.819 0.5000000000
27419  -33.875  -58.340  -37.670 0.6999999881
132055  -34.700  -58.411  -37.445 0.6999999881
139356  -43.835  -57.160  -36.035 0.5000000000
26429  -35.584  -58.137  -37.324 0.6999999881
27420  -36.340  -57.656  -37.328 0.6000000238
27410  -43.117  -56.752  -36.535 0.5000000000
145317  -37.533  -57.139  -37.290 0.6000000238
28352  -42.397  -56.334  -37.057 0.5000000000
28364  -36.796  -56.968  -37.563 0.5000000000
28365  -37.799  -56.663  -37.576 0.5000000000
28366  -38.708  -56.409  -37.611 0.5000000000
28368  -40.733  -56.071  -37.570 0.5000000000
28367  -39.699  -56.224  -37.649 0.5000000000
121486  -41.289  -54.657  -37.754 0.3000000119
27365  -44.082  -57.320  -33.205 0.3000000119
28356  -27.953  -56.197  -38.603 0.6000000238
26358  -44.431  -58.564  -33.267 0.4000000060
27375  -44.638  -57.725  -33.839 0.4000000060
28359  -31.431  -56.417  -37.554 0.6000000238
27385  -44.574  -57.138  -35.317 0.5000000000
27418  -32.945  -57.667  -37.763 0.6999999881
132164  -33.908  -57.471  -37.746 0.6999999881
27411  -43.944  -56.606  -36.203 0.5000000000
28363  -35.254  -56.897  -37.766 0.5000000000
28353  -43.212  -56.179  -36.769 0.5000000000
121214  -35.829  -57.413  -37.551 0.5000000000
29331  -42.632  -55.271  -37.198 0.4000000060
29330  -41.950  -55.366  -37.469 0.3000000119
30322  -42.075  -54.823  -37.406 0.4000000060
29335  -39.402  -55.062  -38.277 0.5000000000
29336  -40.327  -54.854  -38.057 0.4000000060
29319  -27.900  -55.036  -38.292 0.6000000238
133504  -29.121  -55.461  -38.109 0.6000000238
29320  -30.080  -55.751  -37.635 0.6000000238
28349  -30.796  -55.910  -37.316 0.6000000238
29312  -31.394  -55.628  -36.931 0.6000000238
28338  -44.603  -56.526  -34.860 0.3000000119
28347  -44.267  -56.306  -35.653 0.4000000060
28360  -32.370  -56.629  -37.571 0.6000000238
29301  -44.086  -55.801  -35.151 0.3000000119
28361  -33.288  -56.649  -37.610 0.6000000238
139837  -34.841  -57.715  -37.658 0.6999999881
30296  -43.482  -55.052  -35.446 0.3000000119
29308  -43.843  -55.621  -35.915 0.3000000119
28362  -34.338  -56.562  -37.773 0.6000000238
31292  -42.612  -53.569  -35.973 0.3000000119
29316  -43.363  -54.938  -36.162 0.3000000119
124795  -35.066  -55.192  -37.928 0.5000000000
121231  -35.921  -56.515  -37.773 0.5000000000
31302  -42.339  -53.674  -36.638 0.3000000119
141568  -42.536  -54.522  -37.011 0.3000000119
138704  -36.524  -56.089  -37.838 0.5000000000
28372  -37.281  -56.072  -37.820 0.5000000000
142699  -41.237  -53.979  -37.797 0.3000000119
29332  -36.750  -55.316  -38.019 0.5000000000
30326  -39.654  -54.219  -38.247 0.4000000060
30327  -40.619  -53.946  -38.036 0.3000000119
30316  -28.217  -54.081  -37.700 0.5000000000
120891  -29.098  -54.663  -37.642 0.6000000238
29310  -29.844  -55.126  -37.408 0.5000000000
29321  -31.969  -55.972  -37.182 0.6000000238
29313  -32.109  -55.400  -36.747 0.5000000000
31282  -42.079  -53.038  -35.130 0.3000000119
29322  -32.643  -55.878  -37.298 0.6000000238
32264  -41.716  -52.582  -35.662 0.3000000119
31301  -42.075  -53.031  -36.254 0.3000000119
29323  -33.480  -55.677  -37.526 0.6000000238
29326  -35.863  -55.460  -37.988 0.5000000000
31310  -36.599  -53.788  -38.194 0.5000000000
30325  -38.781  -54.394  -38.369 0.4000000060
31315  -38.232  -53.757  -38.378 0.4000000060
30317  -29.208  -53.876  -37.227 0.5000000000
30308  -30.039  -54.433  -37.000 0.5000000000
30309  -30.797  -54.545  -36.456 0.5000000000
29311  -30.629  -55.239  -36.867 0.5000000000
30303  -31.245  -54.073  -36.093 0.5000000000
32256  -40.590  -52.360  -34.673 0.3000000119
32257  -41.475  -52.577  -35.038 0.3000000119
29314  -32.841  -55.100  -37.054 0.6000000238
30318  -33.655  -54.667  -37.327 0.6000000238
30319  -34.583  -54.555  -37.724 0.5000000000
30321  -36.229  -54.555  -38.125 0.5000000000
31312  -39.917  -53.359  -38.204 0.4000000060
32280  -38.811  -52.241  -38.309 0.4000000060
31296  -29.984  -53.460  -36.969 0.5000000000
132659  -30.582  -53.825  -36.472 0.5000000000
32255  -39.594  -52.392  -34.133 0.4000000060
32254  -39.075  -51.718  -34.268 0.4000000060
30311  -32.369  -54.709  -36.380 0.5000000000
30312  -32.981  -54.447  -36.798 0.5000000000
138775  -39.846  -51.838  -34.629 0.4000000060
33235  -40.442  -51.598  -35.205 0.3000000119
31298  -32.715  -53.977  -36.275 0.4000000060
33243  -41.016  -51.403  -35.927 0.3000000119
31299  -33.397  -53.857  -36.807 0.5000000000
31307  -34.135  -53.807  -37.327 0.4000000060
123323  -34.950  -53.766  -37.744 0.4000000060
143532  -37.780  -53.223  -38.319 0.4000000060
32269  -30.177  -51.974  -36.874 0.5000000000
31297  -30.519  -52.882  -36.534 0.5000000000
128375  -31.246  -52.774  -35.984 0.5000000000
33224  -38.202  -51.527  -33.748 0.4000000060
30304  -32.015  -54.141  -35.942 0.5000000000
32262  -32.001  -52.750  -35.607 0.4000000060
33234  -39.576  -51.104  -34.877 0.4000000060
34159  -39.775  -50.431  -35.230 0.4000000060
32263  -32.708  -52.611  -35.832 0.4000000060
34160  -40.445  -50.852  -35.671 0.4000000060
31308  -34.499  -52.987  -37.394 0.4000000060
31309  -35.313  -52.962  -37.827 0.4000000060
124710  -36.152  -52.986  -38.149 0.4000000060
32279  -37.737  -52.400  -38.231 0.4000000060
33259  -39.366  -51.525  -38.340 0.4000000060
33254  -30.042  -51.255  -36.830 0.5000000000
33239  -31.112  -51.404  -35.713 0.4000000060
34152  -37.605  -50.914  -33.535 0.4000000060
33233  -38.785  -51.046  -34.300 0.4000000060
129310  -31.542  -52.104  -35.592 0.5000000000
33241  -32.286  -51.968  -35.317 0.4000000060
32270  -33.456  -52.454  -36.297 0.4000000060
35104  -39.797  -49.797  -35.239 0.4000000060
32271  -34.101  -52.244  -36.935 0.4000000060
32276  -34.835  -52.134  -37.512 0.4000000060
33260  -40.292  -51.642  -38.237 0.3000000119
32278  -36.645  -52.230  -38.153 0.4000000060
34163  -30.657  -50.577  -35.811 0.4000000060
34164  -31.417  -50.861  -35.186 0.5000000000
33232  -32.138  -51.183  -34.946 0.4000000060
35098  -38.603  -49.343  -34.209 0.4000000060
138754  -32.791  -51.468  -35.069 0.4000000060
33242  -33.122  -51.918  -35.648 0.4000000060
135109  -33.534  -51.182  -35.363 0.4000000060
33249  -33.860  -51.728  -36.201 0.4000000060
33250  -34.479  -51.356  -36.895 0.4000000060
32277  -35.702  -52.146  -37.932 0.4000000060
33256  -36.218  -51.372  -37.902 0.4000000060
34180  -38.902  -50.810  -38.300 0.4000000060
33257  -37.226  -51.476  -38.107 0.4000000060
35109  -31.052  -50.087  -35.157 0.4000000060
34157  -31.887  -50.381  -34.535 0.4000000060
34165  -32.783  -50.862  -34.649 0.4000000060
34166  -33.510  -50.400  -34.853 0.4000000060
140497  -34.165  -51.098  -36.082 0.4000000060
34181  -40.108  -50.764  -38.310 0.4000000060
34176  -35.009  -50.611  -36.985 0.4000000060
34177  -35.886  -50.512  -37.370 0.4000000060
34178  -36.841  -50.649  -37.814 0.4000000060
34179  -37.831  -50.742  -38.069 0.4000000060
35101  -32.059  -49.621  -34.102 0.4000000060
35102  -33.101  -49.387  -34.210 0.4000000060
35111  -33.496  -49.795  -34.584 0.4000000060
36056  -34.296  -49.145  -35.357 0.4000000060
34173  -34.099  -50.499  -35.577 0.4000000060
36057  -34.841  -48.969  -36.123 0.4000000060
34174  -34.533  -50.562  -36.342 0.4000000060
35123  -35.403  -49.314  -36.773 0.4000000060
137466  -35.907  -49.736  -37.078 0.4000000060
34183  -39.366  -50.213  -38.364 0.3000000119
35125  -37.439  -49.936  -37.881 0.4000000060
124207  -38.418  -50.068  -38.155 0.4000000060
36035  -32.294  -49.022  -33.960 0.4000000060
36036  -33.116  -48.836  -34.087 0.4000000060
37041  -32.657  -48.474  -33.713 0.4000000060
36047  -33.868  -48.739  -34.743 0.4000000060
36048  -34.487  -48.325  -35.546 0.4000000060
36060  -35.441  -48.430  -36.718 0.4000000060
35127  -41.473  -49.313  -38.091 0.4000000060
34184  -40.193  -49.908  -38.378 0.3000000119
134513  -36.576  -49.828  -37.448 0.4000000060
35126  -38.004  -49.255  -38.071 0.5000000000
136497  -39.153  -49.454  -38.245 0.4000000060
121059  -37.087  -49.086  -37.716 0.5000000000
37034  -33.196  -47.640  -33.564 0.4000000060
38112  -34.022  -47.308  -34.420 0.4000000060
37042  -33.535  -48.174  -34.246 0.4000000060
37052  -34.236  -47.790  -35.033 0.4000000060
35124  -36.149  -48.915  -37.237 0.4000000060
36063  -37.649  -48.406  -37.943 0.5000000000
38101  -32.466  -47.304  -32.903 0.4000000060
132608  -33.894  -46.882  -33.845 0.4000000060
38113  -34.375  -46.450  -34.499 0.4000000060
36062  -36.831  -48.200  -37.485 0.4000000060
37062  -38.229  -47.762  -38.112 0.5000000000
38088  -32.634  -46.756  -32.353 0.4000000060
38102  -33.395  -46.725  -33.056 0.4000000060
39219  -34.197  -46.143  -33.667 0.4000000060
38137  -37.987  -46.922  -37.979 0.5000000000
40122  -33.360  -44.703  -31.470 0.4000000060
39193  -32.754  -46.098  -31.842 0.4000000060
39194  -33.483  -45.411  -32.119 0.4000000060
38089  -33.275  -46.232  -32.378 0.4000000060
40161  -34.116  -45.021  -32.650 0.4000000060
39208  -34.590  -45.158  -33.356 0.5000000000
137294  -32.896  -45.415  -31.502 0.4000000060
30323  -37.090  -54.513  -38.169 0.5000000000
31314  -37.443  -53.809  -38.282 0.5000000000
31316  -39.037  -53.594  -38.338 0.4000000060
141838  -40.339  -61.580  -35.342 0.5000000000
24230  -36.273  -60.203  -33.644 0.8000000119
25257  -35.779  -59.436  -33.675 0.8000000119
25268  -34.683  -58.842  -34.348 0.6999999881
22256  -42.274  -62.762  -35.014 0.5000000000
25287  -33.476  -59.321  -35.473 0.6999999881
22257  -42.705  -62.968  -34.581 0.5000000000
25302  -32.776  -59.729  -36.948 0.6999999881
23252  -43.465  -60.916  -33.559 0.4000000060
23264  -42.605  -62.084  -34.557 0.4000000060
25330  -32.108  -59.298  -37.489 0.6999999881
28371  -29.591  -57.273  -38.519 0.6999999881
24217  -44.076  -60.378  -32.823 0.4000000060
25237  -44.189  -59.832  -32.405 0.4000000060
27351  -43.572  -57.851  -32.378 0.4000000060
29318  -26.672  -55.297  -38.173 0.6000000238
30315  -27.047  -54.301  -37.925 0.5000000000
31305  -28.511  -53.324  -37.215 0.5000000000
31306  -29.390  -53.034  -37.113 0.5000000000
32275  -29.567  -52.245  -37.082 0.4000000060
34172  -30.131  -50.678  -36.470 0.4000000060
36045  -30.389  -49.008  -35.373 0.4000000060
139254  -30.784  -49.477  -35.111 0.4000000060
36046  -30.873  -48.930  -34.810 0.4000000060
37040  -31.736  -48.504  -33.906 0.4000000060
37033  -31.954  -47.956  -33.346 0.4000000060
38087  -31.936  -46.900  -32.618 0.4000000060
39192  -31.809  -46.330  -32.152 0.4000000060
40121  -32.598  -44.851  -31.073 0.4000000060
23247  -37.555  -61.295  -34.379 0.8000000119
25270  -37.721  -59.379  -33.830 0.8000000119
23251  -42.649  -61.266  -34.542 0.5000000000
26379  -35.437  -58.540  -34.539 0.6999999881
134531  -36.430  -58.064  -36.435 0.6999999881
25274  -42.334  -59.264  -34.413 0.6000000238
26407  -41.171  -57.951  -35.182 0.6999999881
26405  -38.989  -57.809  -35.092 0.6999999881
26409  -43.771  -57.775  -35.379 0.6000000238
27401  -40.577  -57.354  -35.920 0.6000000238
27400  -39.477  -57.360  -35.994 0.6000000238
27417  -31.930  -57.338  -37.922 0.6999999881
27403  -42.878  -57.375  -36.088 0.5000000000
28358  -30.440  -56.563  -38.006 0.6000000238
131881  -44.312  -59.277  -32.777 0.5000000000
26368  -44.473  -58.379  -33.791 0.5000000000
27374  -44.507  -56.835  -34.023 0.3000000119
29334  -38.516  -55.168  -38.257 0.5000000000
30320  -35.403  -54.547  -38.011 0.5000000000
30324  -37.950  -54.477  -38.318 0.5000000000
31311  -37.040  -53.078  -38.214 0.4000000060
125419  -35.766  -53.768  -38.096 0.4000000060
124004  -39.627  -52.133  -38.317 0.4000000060
33255  -35.279  -51.325  -37.539 0.4000000060
35100  -31.344  -49.591  -34.613 0.4000000060
39207  -33.871  -45.812  -32.856 0.4000000060
14487  -27.526  -70.356  -37.312 0.4000000060
14488  -28.483  -70.450  -37.080 0.4000000060
129283  -29.208  -70.456  -36.499 0.4000000060
14465  -30.021  -70.116  -36.309 0.4000000060
14463  -28.713  -70.655  -35.217 0.4000000060
15317  -30.180  -69.941  -35.277 0.4000000060
15318  -30.849  -69.761  -35.716 0.4000000060
15307  -31.355  -68.625  -34.845 0.4000000060
17278  -32.334  -67.750  -35.434 0.5000000000
14453  -29.492  -70.176  -34.651 0.4000000060
15305  -30.232  -69.384  -34.459 0.4000000060
16285  -30.950  -67.861  -34.775 0.5000000000
17277  -31.441  -67.419  -35.381 0.5000000000
18255  -31.963  -65.731  -37.379 0.6000000238
14439  -29.137  -69.945  -33.787 0.4000000060
15292  -30.090  -68.575  -33.869 0.4000000060
17261  -30.049  -67.421  -34.734 0.4000000060
18239  -32.390  -66.533  -36.683 0.5000000000
129287  -43.359  -61.782  -33.536 0.3000000119
23225  -43.986  -61.172  -32.796 0.4000000060
25236  -43.703  -59.620  -31.854 0.3000000119
145828  -32.811  -66.101  -37.195 0.5000000000
21261  -40.827  -63.494  -35.509 0.5000000000
20193  -42.847  -63.813  -34.591 0.4000000060
17259  -28.429  -66.704  -34.654 0.4000000060
17276  -30.421  -67.096  -35.431 0.5000000000
18238  -31.319  -66.166  -36.986 0.5000000000
17223  -29.225  -67.576  -33.442 0.4000000060
16271  -29.728  -67.635  -34.001 0.4000000060
19244  -32.722  -65.542  -37.382 0.6000000238
19259  -33.558  -65.509  -37.313 0.6000000238
143811  -35.571  -64.452  -37.109 0.6999999881
142843  -41.490  -62.906  -35.501 0.5000000000
19262  -35.338  -64.949  -37.129 0.6999999881
20236  -37.067  -63.937  -36.658 0.6999999881
21260  -39.931  -63.103  -35.790 0.6999999881
128432  -36.739  -63.963  -36.812 0.6999999881
21276  -37.331  -63.512  -36.448 0.6999999881
18237  -30.258  -65.846  -37.025 0.5000000000
18254  -31.122  -65.415  -37.435 0.6000000238
19243  -31.859  -65.193  -37.543 0.6000000238
21272  -33.464  -64.215  -37.257 0.6000000238
18204  -28.712  -66.460  -35.422 0.4000000060
18236  -29.438  -65.909  -36.497 0.5000000000
20230  -30.950  -64.927  -37.341 0.6000000238
19258  -32.814  -65.168  -37.401 0.6000000238
21273  -34.873  -63.986  -37.214 0.6000000238
21274  -35.738  -63.958  -37.138 0.6000000238
26348  -44.094  -59.303  -32.350 0.3000000119
20246  -33.714  -65.102  -37.326 0.6000000238
21275  -36.590  -63.724  -36.809 0.6999999881
139084  -40.166  -62.536  -35.847 0.6000000238
22255  -41.035  -62.601  -35.633 0.5000000000
20201  -28.707  -65.270  -35.234 0.6000000238
20191  -30.793  -64.470  -35.073 0.6000000238
129993  -31.724  -64.111  -35.316 0.6999999881
20220  -31.194  -64.595  -37.096 0.6000000238
21256  -32.512  -63.948  -36.824 0.6000000238
21258  -34.616  -63.481  -37.040 0.6000000238
19209  -28.845  -65.644  -35.641 0.5000000000
19227  -29.917  -65.387  -36.809 0.6000000238
22283  -35.451  -63.438  -36.999 0.6000000238
22285  -37.114  -63.235  -36.508 0.6999999881
22269  -38.160  -62.735  -36.184 0.6999999881
22286  -37.871  -63.047  -36.289 0.6999999881
22254  -40.722  -62.067  -35.675 0.6000000238
23276  -39.468  -62.545  -35.947 0.6999999881
21226  -31.534  -64.003  -34.078 0.6000000238
21227  -32.384  -63.547  -34.394 0.6999999881
21228  -33.180  -63.063  -34.662 0.6999999881
21241  -32.636  -63.633  -35.707 0.6999999881
22265  -34.244  -63.033  -36.223 0.6000000238
23261  -39.489  -61.898  -35.660 0.5000000000
22267  -35.860  -62.777  -36.580 0.6999999881
22268  -36.855  -62.863  -36.475 0.6999999881
145180  -40.045  -62.191  -35.815 0.6000000238
22225  -33.989  -61.701  -33.549 0.6999999881
23245  -35.609  -61.317  -34.105 0.6999999881
22237  -34.382  -62.086  -34.330 0.6000000238
22238  -35.181  -61.852  -34.682 0.5000000000
22249  -33.915  -62.638  -35.013 0.6999999881
22250  -34.721  -62.395  -35.341 0.6000000238
22252  -36.511  -62.326  -35.944 0.6999999881
23249  -39.094  -61.401  -34.873 0.5000000000
125667  -35.097  -62.681  -36.154 0.6000000238
23259  -37.941  -61.862  -35.386 0.6999999881
23274  -38.273  -62.356  -35.996 0.6000000238
23237  -35.153  -60.833  -33.586 0.6999999881
23238  -35.831  -60.763  -33.750 0.6999999881
25256  -35.136  -59.589  -33.536 0.6999999881
23258  -37.047  -61.886  -35.130 0.6000000238
23246  -36.536  -61.184  -34.137 0.6999999881
21245  -42.439  -63.405  -34.915 0.5000000000
23257  -36.085  -61.815  -34.925 0.6000000238
14476  -28.594  -70.661  -36.121 0.4000000060
16302  -31.844  -68.128  -35.016 0.4000000060
16270  -29.682  -68.163  -33.403 0.4000000060
144889  -30.360  -67.969  -34.279 0.4000000060
17275  -29.383  -66.794  -35.538 0.4000000060
17260  -29.091  -67.035  -34.838 0.4000000060
21259  -39.058  -62.971  -36.025 0.6999999881
22271  -39.588  -62.804  -35.911 0.6999999881
20231  -31.621  -64.806  -37.390 0.6000000238
21257  -33.818  -63.631  -37.055 0.6000000238
19226  -29.342  -65.552  -36.257 0.6999999881
20219  -30.387  -64.892  -36.955 0.6000000238
21242  -33.460  -63.171  -35.611 0.6000000238
22236  -33.635  -62.428  -33.934 0.6999999881
22251  -35.575  -62.256  -35.654 0.6000000238
23244  -34.786  -61.456  -33.861 0.6000000238
19189  -28.256  -65.685  -34.961 0.4000000060
20189  -28.971  -64.849  -34.887 0.5000000000
22223  -32.439  -62.531  -32.861 0.6000000238
18203  -27.690  -65.989  -34.153 0.4000000060
20174  -28.009  -64.789  -33.648 0.5000000000
20188  -28.296  -65.058  -34.619 0.5000000000
20177  -30.550  -64.334  -33.797 0.5000000000
22222  -31.625  -62.914  -32.707 0.5000000000
22209  -31.887  -62.209  -32.622 0.5000000000
21211  -32.067  -63.307  -33.360 0.5000000000
22224  -33.244  -62.084  -33.073 0.6000000238
23235  -33.483  -61.165  -33.092 0.5000000000
23223  -32.546  -61.635  -32.756 0.5000000000
24227  -33.332  -60.285  -33.286 0.6999999881
24226  -32.463  -60.429  -33.307 0.6000000238
25267  -32.794  -59.808  -33.944 0.6000000238
20173  -27.170  -65.071  -33.210 0.5000000000
20162  -28.911  -64.278  -32.811 0.5000000000
21193  -29.770  -63.576  -32.517 0.5000000000
22208  -31.028  -62.372  -32.480 0.5000000000
21194  -30.760  -63.223  -32.627 0.5000000000
123430  -34.041  -59.941  -33.380 0.6000000238
24225  -31.628  -60.536  -33.357 0.6000000238
25266  -32.023  -60.072  -34.571 0.5000000000
25286  -32.741  -59.642  -34.978 0.6000000238
20161  -27.928  -64.330  -32.574 0.5000000000
134724  -28.654  -63.594  -32.252 0.5000000000
22206  -29.160  -62.787  -32.103 0.5000000000
22207  -30.169  -62.827  -32.397 0.5000000000
24224  -30.683  -60.772  -33.592 0.5000000000
138491  -34.084  -59.167  -34.194 0.6000000238
24239  -31.266  -60.308  -34.125 0.5000000000
24260  -31.995  -60.098  -35.630 0.6000000238
20160  -27.032  -64.363  -32.277 0.5000000000
23221  -28.883  -61.836  -32.459 0.5000000000
24223  -28.966  -61.033  -34.197 0.5000000000
24236  -28.804  -60.619  -35.168 0.6000000238
23232  -29.228  -61.414  -33.184 0.4000000060
24256  -28.596  -60.322  -36.088 0.4000000060
24237  -29.367  -60.977  -34.987 0.5000000000
24258  -30.082  -60.735  -35.657 0.5000000000
23233  -30.236  -61.352  -33.046 0.4000000060
136331  -27.926  -59.575  -36.248 0.4000000060
24255  -28.423  -59.950  -36.842 0.5000000000
24273  -29.915  -60.571  -36.590 0.5000000000
26418  -27.138  -58.302  -37.295 0.4000000060
24274  -31.047  -60.441  -36.401 0.6000000238
24285  -32.117  -59.853  -37.183 0.6000000238
25329  -31.483  -59.314  -37.707 0.6000000238
24272  -29.077  -60.418  -36.678 0.5000000000
25313  -27.740  -59.039  -37.785 0.5000000000
25326  -28.849  -59.174  -38.203 0.5000000000
24281  -28.955  -60.026  -37.240 0.5000000000
27412  -26.690  -57.613  -37.391 0.4000000060
26430  -27.328  -57.958  -38.111 0.5000000000
25327  -29.706  -59.220  -38.163 0.6000000238
25315  -30.183  -59.744  -37.698 0.6000000238
25328  -30.626  -59.207  -38.080 0.6000000238
27424  -27.965  -58.002  -38.505 0.5000000000
30314  -25.985  -54.644  -37.567 0.3000000119
29317  -25.773  -55.848  -37.561 0.4000000060
127912  -26.175  -56.903  -37.581 0.4000000060
27414  -27.391  -57.234  -38.453 0.5000000000
26433  -29.275  -58.733  -38.519 0.5000000000
139795  -30.000  -58.786  -38.433 0.6000000238
33247  -29.508  -50.949  -36.656 0.3000000119
33246  -28.972  -51.691  -36.868 0.3000000119
32274  -28.776  -52.531  -37.022 0.4000000060
31304  -27.494  -53.527  -37.351 0.4000000060
35118  -29.951  -49.285  -35.846 0.3000000119
37051  -30.975  -48.182  -34.623 0.3000000119
37050  -30.426  -48.266  -35.214 0.3000000119
38124  -30.776  -47.323  -34.629 0.3000000119
130021  -31.265  -47.874  -34.051 0.3000000119
38100  -31.558  -47.180  -33.097 0.3000000119
127196  -31.387  -46.637  -32.792 0.3000000119
40160  -30.977  -46.021  -32.765 0.3000000119
39179  -32.157  -45.557  -31.557 0.3000000119
144585  -27.270  -55.726  -38.450 0.5000000000
129985  -29.702  -50.125  -36.196 0.3000000119
23236  -34.353  -60.968  -33.419 0.5000000000
20176  -29.798  -64.309  -33.163 0.5000000000
24238  -30.277  -60.741  -34.588 0.5000000000
24283  -30.575  -60.235  -37.250 0.6000000238
20210  -42.302  -63.971  -34.975 0.3000000119
20222  -38.537  -63.434  -36.045 0.6000000238
20208  -40.275  -63.750  -35.504 0.6000000238
23209  -41.650  -61.637  -31.542 0.3000000119
131649  -42.476  -62.978  -32.255 0.3000000119
21174  -43.104  -63.053  -32.639 0.3000000119
22210  -43.661  -61.956  -32.849 0.3000000119
20150  -42.991  -63.833  -32.911 0.3000000119
21212  -43.238  -63.586  -33.548 0.3000000119
22226  -43.319  -62.394  -33.487 0.3000000119
20207  -39.451  -63.937  -35.567 0.6000000238
129478  -41.193  -64.245  -35.263 0.5000000000
23208  -40.714  -61.753  -31.338 0.3000000119
23210  -42.645  -61.575  -31.803 0.3000000119
23211  -43.475  -61.531  -32.120 0.3000000119
136031  -43.944  -60.968  -32.063 0.3000000119
20164  -43.068  -64.103  -33.280 0.3000000119
139791  -42.997  -64.266  -34.299 0.3000000119
20209  -42.003  -64.621  -34.949 0.4000000060
134399  -28.233  -66.277  -34.853 0.4000000060
143226  -39.637  -60.988  -30.721 0.3000000119
24202  -41.178  -60.976  -31.174 0.3000000119
136037  -41.584  -60.292  -30.943 0.3000000119
124137  -43.294  -60.883  -31.754 0.3000000119
139064  -31.719  -69.882  -36.967 0.5000000000
15336  -32.633  -69.592  -36.428 0.5000000000
14489  -29.456  -70.185  -37.154 0.4000000060
15334  -30.180  -69.963  -37.088 0.4000000060
124687  -30.848  -69.932  -36.617 0.4000000060
15353  -31.765  -69.675  -37.835 0.5000000000
17304  -35.115  -66.929  -36.795 0.5000000000
131963  -33.580  -69.303  -36.351 0.5000000000
122728  -32.225  -69.201  -35.646 0.5000000000
15320  -32.881  -69.106  -35.864 0.5000000000
19210  -36.413  -65.681  -36.032 0.6000000238
18259  -35.784  -65.700  -36.870 0.6000000238
18257  -35.090  -66.294  -37.181 0.5000000000
17291  -33.877  -67.850  -35.945 0.5000000000
15319  -31.517  -69.267  -35.309 0.3000000119
16303  -32.553  -68.536  -35.420 0.4000000060
20205  -37.522  -64.822  -35.414 0.6000000238
128969  -36.140  -64.954  -36.794 0.6000000238
18275  -35.102  -65.934  -37.309 0.6000000238
18240  -33.405  -66.838  -36.473 0.4000000060
17303  -34.377  -67.007  -36.602 0.5000000000
19213  -39.222  -64.718  -35.086 0.6000000238
20163  -42.746  -64.708  -33.461 0.3000000119
19194  -41.749  -65.385  -34.527 0.4000000060
19229  -36.661  -64.524  -36.610 0.6000000238
18273  -34.210  -65.823  -37.288 0.4000000060
145340  -42.270  -64.498  -32.586 0.3000000119
21172  -41.615  -63.266  -32.035 0.3000000119
20178  -42.788  -64.704  -34.059 0.3000000119
19214  -40.428  -64.661  -35.155 0.5000000000
19246  -36.407  -64.389  -36.858 0.6000000238
20206  -38.446  -64.229  -35.618 0.6000000238
135057  -36.916  -65.041  -35.805 0.6000000238
19177  -41.960  -65.677  -33.845 0.3000000119
19211  -36.848  -65.591  -35.350 0.5000000000
145737  -38.266  -66.047  -34.156 0.5000000000
19191  -38.697  -65.452  -34.554 0.5000000000
131569  -39.217  -66.179  -34.157 0.4000000060
18205  -37.625  -66.549  -34.217 0.5000000000
18224  -36.886  -66.421  -34.833 0.5000000000
18206  -38.513  -66.763  -33.821 0.4000000060
18188  -39.621  -66.906  -33.640 0.4000000060
18207  -40.322  -66.288  -34.145 0.4000000060
19192  -39.847  -65.512  -34.670 0.5000000000
17306  -35.687  -66.625  -36.682 0.5000000000
18223  -36.378  -66.441  -35.724 0.5000000000
19193  -40.940  -65.567  -34.664 0.4000000060
127367  -28.173  -68.732  -42.819 0.3000000119
15423  -28.196  -69.581  -42.694 0.3000000119
15424  -29.006  -68.790  -42.903 0.3000000119
129074  -30.098  -68.455  -43.040 0.3000000119
140843  -31.530  -69.131  -43.055 0.4000000060
16410  -29.593  -67.641  -42.912 0.3000000119
14545  -31.846  -69.886  -42.632 0.4000000060
131932  -32.117  -68.443  -43.087 0.4000000060
16411  -31.252  -68.208  -43.100 0.3000000119
17374  -29.980  -67.172  -42.555 0.3000000119
14528  -33.344  -70.165  -41.913 0.4000000060
135122  -33.639  -69.604  -41.755 0.4000000060
16412  -32.192  -67.995  -42.816 0.4000000060
17375  -31.058  -67.665  -42.638 0.4000000060
17359  -30.612  -67.239  -42.194 0.4000000060
17360  -31.669  -67.650  -42.310 0.4000000060
129633  -35.140  -71.918  -39.055 0.3000000119
14529  -34.006  -70.330  -41.318 0.4000000060
144979  -34.718  -70.702  -40.099 0.4000000060
133769  -33.847  -69.864  -41.179 0.4000000060
16376  -32.977  -68.565  -41.782 0.4000000060
16375  -32.069  -67.919  -41.554 0.4000000060
17346  -31.044  -67.463  -41.590 0.4000000060
13648  -36.257  -71.136  -36.725 0.3000000119
14498  -35.871  -70.779  -38.430 0.4000000060
15373  -35.006  -70.383  -38.800 0.4000000060
14508  -34.872  -70.602  -39.563 0.4000000060
15386  -34.359  -70.205  -39.626 0.4000000060
123317  -33.476  -69.741  -39.626 0.4000000060
15393  -33.188  -69.202  -40.778 0.4000000060
16362  -32.530  -68.574  -40.886 0.4000000060
16374  -31.175  -67.909  -40.720 0.4000000060
14490  -36.277  -70.550  -37.176 0.4000000060
15374  -35.657  -70.345  -38.209 0.4000000060
15372  -33.895  -69.960  -38.373 0.4000000060
15371  -32.681  -69.689  -38.525 0.4000000060
15383  -31.323  -68.854  -39.164 0.4000000060
15384  -32.416  -69.080  -39.679 0.4000000060
16373  -30.389  -67.586  -40.641 0.4000000060
15357  -35.955  -70.095  -37.587 0.4000000060
15356  -35.517  -69.823  -37.477 0.4000000060
15337  -34.577  -69.500  -36.971 0.4000000060
123221  -33.675  -69.692  -37.148 0.4000000060
15370  -31.037  -69.358  -38.344 0.4000000060
15354  -32.693  -69.768  -37.470 0.4000000060
16322  -36.233  -69.200  -36.456 0.4000000060
16320  -35.538  -68.758  -36.575 0.4000000060
17293  -35.538  -67.774  -36.490 0.4000000060
17262  -37.034  -67.308  -34.510 0.4000000060
145769  -36.045  -68.338  -36.297 0.4000000060
17280  -36.074  -67.327  -36.186 0.4000000060
17241  -38.880  -67.661  -33.318 0.3000000119
17243  -40.524  -67.166  -32.853 0.3000000119
17281  -36.489  -67.370  -35.373 0.4000000060
18190  -41.107  -66.667  -33.191 0.3000000119
17294  -35.691  -67.618  -36.423 0.4000000060
14546  -32.722  -69.461  -42.530 0.4000000060
15427  -32.694  -68.569  -42.805 0.4000000060
16390  -32.874  -68.471  -42.422 0.4000000060
16389  -32.490  -68.002  -42.332 0.4000000060
13659  -35.952  -71.398  -37.952 0.4000000060
13670  -35.111  -71.090  -39.503 0.4000000060
13647  -35.906  -71.695  -37.031 0.3000000119
15385  -33.867  -69.806  -40.605 0.4000000060
14477  -36.407  -70.551  -36.450 0.3000000119
13660  -36.213  -71.045  -37.410 0.4000000060
14497  -35.427  -70.721  -38.902 0.4000000060
15340  -36.330  -69.987  -36.750 0.4000000060
15338  -35.823  -69.566  -37.034 0.4000000060
145288  -31.822  -69.330  -38.647 0.4000000060
16305  -36.366  -68.425  -35.845 0.4000000060
12928  -33.672  -72.244  -40.595 0.3000000119
12939  -31.950  -72.514  -41.472 0.3000000119
13712  -30.865  -71.848  -41.925 0.3000000119
13698  -32.675  -71.461  -41.655 0.3000000119
12941  -33.605  -71.272  -41.322 0.3000000119
13713  -31.299  -70.908  -42.154 0.3000000119
14527  -32.303  -70.616  -42.136 0.3000000119
140134  -34.450  -71.895  -40.144 0.3000000119
13681  -34.322  -71.179  -40.812 0.3000000119
144383  -34.896  -71.671  -39.718 0.3000000119
130156  -36.504  -70.032  -36.058 0.3000000119
16306  -36.734  -68.845  -35.065 0.3000000119
16286  -37.225  -68.189  -34.305 0.3000000119
17263  -37.814  -67.433  -33.860 0.3000000119
12898  -35.404  -72.125  -38.256 0.3000000119
15321  -36.495  -69.401  -35.979 0.3000000119
12914  -33.911  -72.783  -39.786 0.3000000119
13671  -35.583  -71.267  -38.736 0.4000000060
13682  -34.757  -71.110  -40.224 0.4000000060
13697  -31.686  -71.740  -41.821 0.3000000119
14464  -29.404  -70.443  -35.689 0.4000000060
14507  -34.383  -70.316  -40.352 0.4000000060
14518  -34.399  -70.528  -40.687 0.4000000060
15291  -29.484  -69.065  -33.331 0.4000000060
15306  -30.665  -68.557  -34.471 0.4000000060
15322  -36.729  -69.752  -35.023 0.3000000119
15335  -31.643  -69.690  -36.066 0.4000000060
15339  -36.086  -69.768  -37.016 0.4000000060
15355  -34.836  -69.936  -37.829 0.4000000060
15358  -36.157  -70.229  -37.361 0.4000000060
15394  -33.481  -69.299  -41.370 0.4000000060
15404  -33.263  -69.064  -42.282 0.4000000060
15405  -33.374  -69.106  -41.899 0.4000000060
15422  -27.492  -69.267  -42.692 0.3000000119
15425  -30.560  -69.295  -42.995 0.4000000060
15426  -32.273  -69.009  -42.969 0.4000000060
16304  -33.369  -68.634  -35.857 0.5000000000
16319  -34.517  -68.861  -36.313 0.4000000060
16321  -35.883  -68.810  -36.537 0.4000000060
16361  -31.706  -68.395  -40.251 0.4000000060
17240  -28.486  -67.038  -33.781 0.4000000060
17242  -39.889  -67.446  -33.027 0.3000000119
17244  -40.854  -66.867  -32.654 0.3000000119
17279  -33.055  -68.038  -35.549 0.4000000060
17290  -32.874  -67.384  -35.897 0.5000000000
17292  -34.971  -67.910  -36.389 0.5000000000
17305  -35.398  -66.832  -36.791 0.5000000000
18189  -40.538  -66.784  -33.440 0.4000000060
18219  -28.949  -66.024  -35.961 0.4000000060
18220  -29.753  -66.410  -36.253 0.5000000000
18221  -30.813  -66.646  -36.218 0.5000000000
18222  -31.905  -66.982  -36.009 0.5000000000
18241  -36.039  -66.200  -36.413 0.6000000238
18256  -33.691  -66.101  -37.187 0.4000000060
18258  -35.380  -66.161  -37.079 0.6000000238
18274  -34.732  -65.909  -37.327 0.6000000238
19175  -26.565  -65.609  -33.230 0.5000000000
19178  -42.383  -65.202  -33.632 0.3000000119
19188  -27.717  -65.406  -34.107 0.5000000000
19190  -37.633  -65.604  -34.636 0.5000000000
19195  -42.342  -65.055  -34.327 0.3000000119
19212  -38.259  -64.896  -34.981 0.6000000238
19215  -41.377  -64.963  -35.024 0.5000000000
19228  -36.251  -65.316  -36.526 0.6000000238
19241  -30.623  -65.190  -37.255 0.6000000238
19242  -31.179  -65.074  -37.474 0.6000000238
19245  -35.813  -64.977  -36.949 0.6000000238
19260  -34.275  -65.527  -37.283 0.6000000238
19261  -35.375  -65.583  -37.157 0.6000000238
20149  -42.648  -64.545  -32.931 0.3000000119
20175  -28.908  -64.641  -33.846 0.5000000000
20179  -43.114  -64.263  -33.806 0.3000000119
20190  -29.809  -64.647  -35.020 0.6000000238
20192  -42.617  -64.452  -34.593 0.3000000119
20202  -29.290  -65.115  -35.754 0.5000000000
20203  -30.039  -64.769  -36.099 0.6999999881
20204  -30.931  -64.501  -36.317 0.6000000238
20218  -29.742  -65.136  -36.486 0.6999999881
20221  -37.537  -64.115  -36.262 0.6000000238
20223  -39.466  -63.321  -35.818 0.6000000238
20232  -32.312  -64.883  -37.430 0.6000000238
20233  -33.117  -64.737  -37.308 0.6000000238
20234  -34.125  -64.516  -37.299 0.6000000238
20235  -35.905  -64.211  -37.173 0.6999999881
20237  -37.685  -63.513  -36.345 0.6999999881
20247  -34.563  -65.050  -37.266 0.6000000238
21173  -42.449  -63.825  -32.517 0.3000000119
21175  -43.483  -62.681  -32.880 0.3000000119
21195  -43.319  -63.379  -33.063 0.3000000119
21196  -43.402  -62.715  -33.225 0.3000000119
21209  -30.503  -63.909  -32.894 0.5000000000
21210  -31.251  -63.707  -33.093 0.5000000000
21213  -43.232  -63.065  -33.743 0.3000000119
21229  -43.029  -63.120  -34.185 0.4000000060
21240  -31.788  -64.155  -36.548 0.6000000238
21243  -41.630  -63.842  -35.262 0.5000000000
21244  -41.894  -63.259  -35.291 0.5000000000
21255  -31.863  -64.325  -37.147 0.6000000238
21262  -41.246  -63.164  -35.514 0.5000000000
21271  -32.525  -64.413  -37.228 0.6000000238
21277  -38.189  -63.135  -36.202 0.6999999881
21290  -35.052  -64.504  -37.211 0.6999999881
22192  -42.076  -62.365  -31.911 0.3000000119
22193  -42.940  -62.281  -32.220 0.3000000119
22194  -43.469  -62.124  -32.557 0.3000000119
22235  -32.869  -62.854  -33.626 0.6000000238
22239  -43.094  -62.114  -34.097 0.5000000000
22240  -43.194  -62.529  -33.831 0.3000000119
22253  -37.525  -62.458  -36.090 0.6999999881
22266  -35.056  -63.030  -36.724 0.6000000238
22270  -38.735  -62.843  -36.077 0.6999999881
22272  -40.434  -62.918  -35.745 0.6999999881
22284  -36.316  -63.343  -36.806 0.6000000238
23212  -43.901  -61.360  -32.441 0.3000000119
23222  -31.634  -61.628  -32.570 0.5000000000
23224  -32.815  -60.881  -32.900 0.5000000000
23234  -31.210  -61.114  -32.925 0.5000000000
23239  -43.814  -61.057  -33.131 0.3000000119
23243  -29.641  -61.118  -33.961 0.4000000060
23250  -42.035  -61.271  -34.889 0.5000000000
23260  -38.686  -61.880  -35.572 0.6000000238
23275  -38.809  -62.465  -36.014 0.6999999881
24203  -42.248  -60.744  -31.375 0.3000000119
24216  -32.076  -60.960  -32.792 0.5000000000
24228  -34.685  -60.196  -33.405 0.6999999881
24229  -35.492  -60.175  -33.526 0.6999999881
24231  -43.877  -60.347  -33.101 0.4000000060
24240  -32.036  -60.153  -33.809 0.5000000000
24242  -38.087  -60.520  -33.932 0.8000000119
24243  -39.024  -60.591  -34.109 0.8000000119
24249  -43.765  -59.964  -33.362 0.4000000060
24257  -29.229  -60.710  -35.902 0.5000000000
24259  -31.097  -60.346  -35.121 0.5000000000
24275  -32.069  -60.068  -36.684 0.6000000238
24282  -29.661  -60.185  -37.233 0.6000000238
24284  -31.465  -60.076  -37.231 0.6000000238
25254  -33.700  -59.616  -33.786 0.6000000238
25255  -34.496  -59.396  -33.695 0.6999999881
25276  -44.004  -59.261  -33.654 0.4000000060
25300  -27.447  -58.840  -37.366 0.4000000060
25301  -27.806  -59.353  -37.128 0.4000000060
25314  -29.298  -59.653  -37.713 0.5000000000
25316  -31.037  -59.773  -37.627 0.6000000238
25317  -31.774  -59.652  -37.431 0.6000000238
25318  -32.465  -59.472  -37.318 0.6999999881
25320  -34.257  -59.123  -36.964 0.6999999881
25325  -28.179  -59.045  -38.148 0.5000000000
25331  -32.731  -59.098  -37.482 0.6999999881
26347  -43.469  -58.736  -31.844 0.3000000119
26366  -35.214  -58.985  -33.889 0.6999999881
26367  -35.863  -58.804  -34.044 0.8000000119
26378  -34.107  -58.935  -34.898 0.6999999881
26388  -44.327  -58.441  -34.180 0.5000000000
26419  -27.397  -58.838  -36.788 0.4000000060
26426  -27.365  -58.481  -37.769 0.5000000000
26427  -33.405  -58.875  -37.518 0.6999999881
26431  -27.778  -58.585  -38.191 0.5000000000
26432  -28.443  -58.661  -38.452 0.5000000000
26434  -30.606  -58.453  -38.419 0.6000000238
26436  -32.098  -58.909  -37.697 0.6999999881
27352  -44.306  -57.792  -32.939 0.4000000060
27413  -26.718  -57.399  -37.996 0.4000000060
27421  -37.004  -57.461  -37.151 0.6000000238
27425  -28.893  -58.056  -38.640 0.5000000000
27426  -30.520  -57.553  -38.463 0.6999999881
27427  -31.305  -57.943  -38.256 0.6999999881
28354  -43.745  -56.006  -36.394 0.3000000119
28355  -26.696  -56.422  -38.221 0.5000000000
28369  -41.745  -55.931  -37.441 0.3000000119
28370  -42.571  -55.783  -37.201 0.4000000060
28373  -38.178  -55.938  -37.924 0.5000000000
29315  -43.175  -55.650  -36.899 0.5000000000
29324  -34.350  -55.423  -37.754 0.5000000000
29325  -35.147  -56.013  -37.830 0.5000000000
29327  -39.105  -55.799  -38.021 0.5000000000
29328  -40.049  -55.619  -37.948 0.5000000000
29329  -41.026  -55.430  -37.696 0.5000000000
29333  -37.635  -55.236  -38.098 0.5000000000
30286  -43.502  -55.192  -34.747 0.3000000119
30295  -43.002  -54.387  -35.100 0.3000000119
30305  -43.021  -54.225  -35.720 0.3000000119
30310  -31.502  -54.904  -36.297 0.6000000238
30313  -43.097  -55.046  -36.802 0.3000000119
31283  -42.585  -53.613  -35.401 0.3000000119
31288  -31.016  -53.392  -36.142 0.5000000000
31289  -31.648  -53.424  -35.869 0.5000000000
31290  -32.393  -53.364  -35.917 0.5000000000
31291  -42.253  -53.152  -35.646 0.3000000119
31300  -33.776  -53.079  -36.855 0.4000000060
31313  -41.226  -53.415  -37.777 0.3000000119
32245  -38.712  -52.359  -33.748 0.4000000060
32261  -30.831  -52.075  -36.184 0.5000000000
32268  -29.972  -52.703  -37.042 0.5000000000
32281  -39.344  -52.802  -38.317 0.4000000060
32284  -38.478  -53.013  -38.347 0.4000000060
33236  -41.111  -52.091  -35.468 0.3000000119
33240  -31.707  -51.518  -35.272 0.4000000060
33248  -30.477  -51.311  -36.352 0.5000000000
33252  -41.231  -52.004  -36.232 0.3000000119
33253  -29.719  -51.592  -36.977 0.4000000060
33258  -38.304  -51.533  -38.207 0.4000000060
34153  -38.223  -50.618  -33.932 0.4000000060
34167  -40.287  -50.204  -35.671 0.4000000060
35108  -30.464  -49.735  -35.609 0.4000000060
35110  -32.777  -50.112  -34.285 0.4000000060
35119  -34.042  -49.821  -35.116 0.4000000060
35120  -34.477  -49.811  -35.834 0.4000000060
35122  -34.917  -49.892  -36.485 0.4000000060
36034  -31.526  -48.991  -34.299 0.4000000060
37061  -37.406  -47.536  -37.732 0.4000000060
38111  -31.113  -47.264  -33.854 0.3000000119
121025  -34.179  -63.972  -37.263 0.6000000238
121645  -33.304  -63.539  -36.476 0.6000000238
122034  -29.819  -58.193  -38.620 0.6000000238
123231  -28.432  -59.482  -37.625 0.5000000000
123700  -33.467  -59.337  -34.489 0.6000000238
123811  -41.756  -53.999  -37.356 0.3000000119
125167  -30.854  -69.285  -34.914 0.4000000060
126523  -43.183  -63.761  -34.095 0.3000000119
127067  -32.793  -59.753  -36.086 0.6000000238
127715  -34.610  -66.279  -37.181 0.5000000000
128844  -35.303  -69.328  -36.890 0.4000000060
129507  -29.641  -64.602  -34.064 0.5000000000
130129  -30.153  -50.084  -36.032 0.4000000060
131151  -36.687  -68.068  -35.033 0.4000000060
131568  -29.947  -62.074  -32.459 0.5000000000
131642  -30.457  -67.684  -42.927 0.3000000119
132230  -28.992  -67.160  -34.155 0.4000000060
132565  -44.316  -59.083  -33.196 0.5000000000
133261  -44.232  -59.775  -32.765 0.4000000060
133342  -33.086  -53.217  -36.308 0.4000000060
134429  -28.573  -66.057  -35.438 0.5000000000
134452  -33.102  -63.895  -37.107 0.6000000238
134530  -34.898  -65.549  -37.278 0.6999999881
135468  -41.717  -62.620  -35.380 0.5000000000
135560  -42.908  -54.274  -36.399 0.3000000119
135918  -43.566  -61.817  -33.135 0.4000000060
136347  -37.549  -62.904  -36.355 0.6999999881
136377  -36.102  -70.571  -37.836 0.4000000060
137371  -30.832  -61.665  -32.579 0.5000000000
137394  -33.839  -49.363  -34.760 0.4000000060
137788  -35.422  -50.034  -36.884 0.4000000060
138061  -33.991  -60.512  -33.310 0.6000000238
138445  -40.007  -59.264  -34.083 0.6000000238
138823  -29.116  -66.296  -36.026 0.5000000000
140182  -29.731  -69.475  -33.988 0.4000000060
140952  -44.159  -58.659  -32.615 0.5000000000
142031  -44.752  -57.168  -34.562 0.4000000060
142235  -31.926  -68.756  -35.200 0.3000000119
142243  -43.457  -55.512  -36.479 0.3000000119
145299  -27.035  -57.939  -37.699 0.5000000000
