#!ascii label  , from subject sub-v1s0x0050642_ses-1 vox2ras=TkReg
541
27363  -28.585  -58.053  -33.183 0.6999999881
27373  -28.430  -57.962  -34.044 0.6000000238
27384  -28.037  -57.860  -34.737 0.6000000238
26400  -27.413  -58.651  -36.045 0.4000000060
30193  -28.259  -54.290  -26.472 0.6999999881
31194  -29.214  -53.123  -26.865 0.6999999881
30192  -27.739  -55.131  -26.431 0.6999999881
30205  -29.269  -53.709  -27.516 0.6000000238
29212  -28.041  -55.736  -27.179 0.6999999881
30226  -29.340  -54.238  -28.195 0.6000000238
29225  -28.854  -55.571  -28.537 0.6000000238
30246  -29.331  -54.866  -28.875 0.6000000238
28270  -28.748  -56.439  -29.676 0.6000000238
29239  -29.621  -54.723  -29.853 0.6000000238
29252  -29.146  -56.096  -30.270 0.5000000000
30264  -29.869  -54.460  -30.888 0.5000000000
28298  -29.370  -55.975  -32.137 0.6000000238
133116  -28.974  -57.198  -32.034 0.6000000238
29276  -29.114  -55.892  -33.007 0.6000000238
29300  -27.977  -56.089  -34.202 0.6000000238
28337  -28.123  -57.093  -34.330 0.6000000238
131712  -28.792  -52.750  -26.268 0.6000000238
32162  -29.231  -52.305  -26.592 0.6000000238
123308  -29.446  -53.135  -27.592 0.6000000238
31222  -29.515  -53.482  -28.252 0.6000000238
121582  -29.624  -52.197  -29.722 0.6000000238
31234  -29.731  -53.947  -29.152 0.6000000238
142545  -30.017  -53.993  -30.095 0.6000000238
31245  -29.998  -53.508  -30.740 0.6000000238
125699  -29.809  -53.769  -31.466 0.6000000238
124673  -29.564  -55.286  -31.546 0.6000000238
30272  -29.620  -54.407  -31.958 0.6999999881
126442  -29.112  -54.214  -32.946 0.6000000238
128892  -28.873  -55.107  -33.358 0.6000000238
27383  -27.439  -57.354  -35.116 0.5000000000
27398  -26.958  -57.581  -35.991 0.5000000000
32160  -28.016  -52.699  -25.842 0.6000000238
33136  -29.088  -51.495  -26.388 0.6000000238
132398  -29.594  -50.958  -27.633 0.6000000238
33166  -29.641  -51.485  -28.156 0.6000000238
125096  -29.609  -52.163  -28.659 0.6000000238
129964  -29.579  -51.382  -29.089 0.6000000238
33188  -29.438  -51.257  -30.035 0.6000000238
33201  -29.288  -51.710  -30.812 0.6000000238
32203  -29.905  -53.213  -29.869 0.6000000238
32215  -29.650  -52.619  -30.647 0.6000000238
31254  -29.564  -52.985  -31.454 0.6999999881
30279  -27.930  -55.143  -33.943 0.6000000238
29299  -27.090  -55.611  -34.610 0.6000000238
27405  -26.976  -58.043  -36.748 0.4000000060
127043  -28.025  -50.608  -25.813 0.6000000238
33135  -28.432  -51.347  -25.905 0.6000000238
127976  -29.397  -50.824  -26.863 0.6000000238
34098  -29.680  -50.571  -28.487 0.6000000238
34109  -29.558  -50.573  -29.515 0.5000000000
34121  -29.233  -50.517  -30.335 0.6000000238
31260  -27.955  -52.710  -33.070 0.6000000238
31261  -29.343  -53.525  -32.167 0.6000000238
31269  -28.194  -53.715  -33.343 0.6000000238
30280  -28.375  -54.479  -33.521 0.6000000238
30292  -26.877  -54.770  -34.317 0.6000000238
28346  -26.311  -56.039  -35.464 0.6000000238
27397  -26.391  -57.231  -36.875 0.4000000060
28345  -26.199  -56.743  -36.244 0.5000000000
143043  -27.702  -50.104  -25.739 0.5000000000
34051  -28.343  -49.813  -25.782 0.6000000238
130801  -28.882  -50.558  -26.159 0.6000000238
35003  -29.617  -49.375  -27.327 0.6000000238
34086  -29.621  -50.206  -27.535 0.5000000000
35018  -29.724  -49.506  -28.319 0.5000000000
130105  -29.671  -49.898  -29.125 0.5000000000
35055  -29.353  -49.721  -29.950 0.6000000238
132142  -28.980  -49.923  -30.688 0.6000000238
34120  -28.832  -50.475  -31.035 0.6999999881
33199  -28.217  -51.035  -32.110 0.6999999881
130803  -28.806  -51.671  -31.756 0.6999999881
33211  -27.281  -51.226  -32.676 0.6000000238
31253  -28.928  -52.542  -32.244 0.6999999881
32235  -27.332  -52.028  -32.915 0.6000000238
32243  -26.799  -52.555  -33.304 0.6000000238
31268  -27.033  -53.433  -33.574 0.6000000238
143303  -26.629  -54.075  -34.063 0.6000000238
30291  -25.875  -54.298  -34.698 0.6000000238
121418  -25.690  -55.938  -36.464 0.5000000000
28348  -25.878  -56.591  -36.977 0.4000000060
34973  -28.125  -48.977  -25.567 0.6000000238
34974  -28.855  -49.095  -25.876 0.6000000238
34992  -29.365  -49.103  -26.540 0.5000000000
35939  -29.641  -48.723  -27.158 0.6000000238
35971  -29.632  -48.687  -28.611 0.5000000000
35036  -29.566  -49.146  -29.226 0.6000000238
35970  -29.309  -48.268  -29.277 0.5000000000
142700  -29.206  -48.889  -29.884 0.6000000238
35991  -28.716  -48.283  -30.112 0.5000000000
35035  -28.768  -49.097  -30.649 0.5000000000
35054  -28.058  -49.051  -31.340 0.5000000000
35072  -28.500  -49.788  -31.236 0.6000000238
35070  -27.242  -49.081  -32.155 0.5000000000
35071  -27.887  -49.763  -31.907 0.5000000000
34130  -28.352  -50.397  -31.682 0.6000000238
35088  -27.150  -49.896  -32.315 0.4000000060
35087  -26.413  -49.628  -32.678 0.4000000060
33210  -26.287  -51.040  -32.975 0.5000000000
33223  -26.558  -51.787  -33.128 0.6000000238
33222  -25.694  -51.473  -33.445 0.5000000000
32242  -25.885  -52.247  -33.621 0.6000000238
33231  -25.034  -51.811  -34.026 0.5000000000
31279  -25.992  -53.520  -34.185 0.6000000238
32253  -25.319  -52.708  -34.385 0.6000000238
30301  -25.282  -54.158  -35.439 0.6000000238
29307  -25.631  -55.250  -35.760 0.6000000238
35925  -29.528  -48.377  -26.755 0.5000000000
36929  -29.699  -48.077  -27.362 0.5000000000
36945  -29.573  -47.881  -28.298 0.4000000060
36967  -28.694  -47.638  -29.609 0.4000000060
35990  -28.181  -48.325  -30.729 0.5000000000
36988  -27.773  -47.595  -30.819 0.5000000000
36022  -25.997  -47.912  -32.835 0.4000000060
129028  -26.334  -48.838  -32.673 0.4000000060
144173  -26.004  -49.215  -32.851 0.4000000060
35096  -25.686  -49.532  -33.169 0.5000000000
34140  -25.930  -50.321  -32.952 0.5000000000
34151  -25.364  -50.279  -33.495 0.5000000000
33221  -25.095  -50.999  -33.787 0.5000000000
33230  -24.788  -51.150  -34.527 0.5000000000
30307  -25.535  -54.018  -36.876 0.5000000000
29309  -25.392  -54.899  -36.709 0.5000000000
31278  -25.299  -53.529  -34.927 0.6000000238
30306  -25.188  -54.136  -36.188 0.5000000000
36989  -28.150  -47.670  -30.187 0.4000000060
141698  -27.366  -46.995  -30.915 0.5000000000
37007  -27.204  -47.470  -31.495 0.5000000000
37006  -26.460  -47.247  -32.096 0.5000000000
36030  -25.536  -48.835  -33.433 0.4000000060
34156  -24.936  -50.296  -34.215 0.5000000000
32265  -26.228  -52.372  -36.354 0.5000000000
31303  -26.423  -53.772  -37.284 0.3000000119
35105  -25.483  -49.479  -34.734 0.5000000000
33237  -25.226  -51.276  -35.379 0.5000000000
31293  -25.246  -52.949  -36.058 0.5000000000
36987  -26.763  -46.746  -31.358 0.4000000060
38069  -26.062  -46.410  -31.944 0.4000000060
38099  -25.011  -47.275  -33.148 0.4000000060
142340  -25.321  -47.420  -33.016 0.4000000060
37032  -25.443  -48.048  -33.546 0.4000000060
37031  -25.516  -47.094  -33.870 0.4000000060
37039  -25.935  -47.898  -34.243 0.5000000000
32266  -27.284  -52.183  -36.686 0.4000000060
31295  -26.884  -52.996  -36.864 0.4000000060
34161  -25.174  -50.381  -35.101 0.5000000000
34162  -25.906  -50.539  -35.779 0.5000000000
33238  -26.050  -51.419  -36.060 0.5000000000
38098  -24.849  -46.482  -33.489 0.4000000060
38108  -26.065  -47.068  -34.568 0.4000000060
33244  -26.827  -51.583  -36.450 0.4000000060
34169  -26.910  -50.681  -36.234 0.5000000000
36041  -26.131  -48.611  -34.752 0.5000000000
133269  -25.833  -49.837  -35.452 0.5000000000
38107  -25.330  -46.329  -34.190 0.4000000060
34170  -27.919  -50.416  -36.400 0.4000000060
37046  -26.424  -47.789  -34.903 0.5000000000
36042  -26.697  -48.471  -35.301 0.5000000000
35115  -27.428  -49.780  -35.993 0.5000000000
39216  -25.501  -45.599  -34.551 0.4000000060
36052  -27.757  -48.916  -35.945 0.3000000119
35116  -28.207  -49.628  -36.107 0.3000000119
144210  -26.291  -46.680  -34.826 0.4000000060
35107  -27.013  -49.113  -35.668 0.5000000000
133335  -26.599  -47.054  -35.024 0.4000000060
37047  -27.081  -47.718  -35.340 0.5000000000
36043  -27.263  -48.458  -35.590 0.5000000000
133534  -25.946  -44.908  -34.865 0.4000000060
36053  -28.507  -48.441  -35.866 0.3000000119
36054  -29.445  -48.479  -35.749 0.3000000119
39217  -26.129  -45.673  -34.868 0.4000000060
38121  -28.096  -46.729  -35.428 0.4000000060
38109  -26.644  -46.265  -34.940 0.4000000060
38120  -27.258  -46.854  -35.224 0.4000000060
41155  -25.456  -43.659  -34.197 0.5000000000
139100  -28.778  -47.094  -35.594 0.3000000119
37055  -29.066  -47.718  -35.715 0.4000000060
38130  -30.026  -47.150  -35.511 0.4000000060
141974  -30.107  -47.776  -35.476 0.4000000060
40174  -26.483  -44.437  -34.936 0.4000000060
39229  -28.294  -45.831  -35.303 0.5000000000
130740  -28.944  -46.448  -35.444 0.4000000060
40175  -27.186  -44.419  -34.944 0.5000000000
39228  -27.475  -46.002  -35.140 0.5000000000
40191  -27.702  -45.141  -35.108 0.5000000000
40192  -28.518  -45.100  -35.024 0.4000000060
39230  -29.127  -45.733  -35.163 0.4000000060
132598  -30.272  -46.094  -35.051 0.4000000060
130695  -30.396  -47.529  -35.161 0.3000000119
41156  -26.672  -43.723  -34.745 0.5000000000
40158  -29.797  -44.464  -33.471 0.4000000060
40179  -30.171  -45.051  -33.942 0.3000000119
42120  -26.522  -42.466  -33.728 0.5000000000
41159  -29.092  -44.065  -33.928 0.4000000060
40193  -29.309  -45.087  -34.797 0.4000000060
40194  -29.937  -45.125  -34.583 0.4000000060
39218  -30.391  -45.698  -34.455 0.4000000060
39206  -30.903  -46.442  -33.585 0.3000000119
42131  -26.068  -43.107  -34.276 0.5000000000
40176  -28.009  -44.387  -34.896 0.5000000000
40177  -28.824  -44.454  -34.627 0.5000000000
42132  -26.984  -43.064  -34.230 0.5000000000
41141  -29.940  -44.391  -32.491 0.4000000060
43029  -26.150  -41.801  -33.262 0.5000000000
40160  -30.977  -46.021  -32.765 0.3000000119
41138  -27.781  -43.247  -33.939 0.5000000000
41139  -28.554  -43.518  -33.546 0.5000000000
41158  -28.324  -43.821  -34.344 0.5000000000
41157  -27.502  -43.706  -34.632 0.5000000000
43015  -25.800  -41.176  -32.807 0.5000000000
42105  -27.530  -42.423  -32.706 0.5000000000
40139  -30.687  -44.779  -31.830 0.3000000119
40159  -30.494  -45.093  -32.912 0.3000000119
43016  -26.485  -41.417  -32.685 0.5000000000
43017  -27.136  -41.807  -32.332 0.5000000000
42121  -27.275  -42.682  -33.506 0.5000000000
138379  -28.561  -57.393  -33.579 0.6000000238
26376  -27.676  -58.241  -35.322 0.5000000000
29238  -29.175  -55.633  -29.526 0.6000000238
33187  -29.119  -51.024  -30.731 0.6999999881
33200  -28.775  -51.046  -31.348 0.6999999881
30302  -25.611  -54.694  -35.334 0.6000000238
33212  -28.132  -51.820  -32.525 0.6999999881
34141  -26.772  -50.439  -32.615 0.5000000000
31267  -26.191  -52.921  -33.772 0.6000000238
36008  -27.635  -48.261  -31.478 0.5000000000
36007  -26.894  -48.114  -32.222 0.5000000000
31287  -24.923  -52.852  -35.251 0.5000000000
138577  -25.268  -53.582  -36.331 0.5000000000
132134  -25.480  -48.058  -33.206 0.4000000060
37005  -25.659  -46.951  -32.619 0.4000000060
36044  -27.736  -48.064  -35.713 0.4000000060
38129  -29.479  -47.056  -35.599 0.4000000060
38110  -30.607  -46.521  -34.574 0.3000000119
43030  -26.829  -42.089  -33.059 0.5000000000
42122  -27.968  -43.062  -33.072 0.5000000000
19073  -22.864  -65.632  -27.043 0.5000000000
18104  -24.479  -66.615  -27.739 0.5000000000
18087  -23.184  -66.444  -27.021 0.5000000000
18132  -25.551  -66.325  -30.119 0.5000000000
18112  -25.395  -67.258  -28.382 0.5000000000
18111  -25.030  -66.598  -28.319 0.4000000060
20069  -23.330  -64.730  -27.106 0.5000000000
134557  -24.368  -65.112  -28.201 0.6000000238
130493  -23.887  -65.001  -27.528 0.6000000238
19121  -25.178  -65.726  -29.664 0.5000000000
19105  -24.602  -65.857  -28.331 0.5000000000
19160  -25.799  -65.446  -32.257 0.4000000060
129085  -23.388  -61.901  -26.426 0.6999999881
144785  -23.957  -62.198  -26.422 0.6999999881
21095  -24.253  -63.630  -27.360 0.6999999881
20100  -24.680  -64.418  -28.712 0.5000000000
21117  -24.687  -63.622  -28.165 0.6999999881
19133  -25.266  -65.424  -30.675 0.5000000000
19132  -25.157  -65.060  -29.938 0.5000000000
20114  -25.095  -64.506  -29.589 0.5000000000
21190  -26.328  -64.424  -31.761 0.5000000000
19144  -25.495  -65.432  -31.576 0.5000000000
24164  -22.397  -60.436  -27.666 0.5000000000
24153  -22.645  -60.365  -26.949 0.6999999881
24154  -23.070  -60.316  -26.512 0.6999999881
23143  -22.906  -61.087  -26.637 0.6999999881
23144  -23.578  -61.002  -26.338 0.6999999881
21075  -24.196  -63.055  -26.917 0.6000000238
22159  -25.340  -62.708  -29.484 0.6999999881
21118  -25.097  -62.816  -28.488 0.6000000238
20143  -25.629  -64.338  -30.936 0.5000000000
132351  -25.551  -63.991  -30.470 0.6000000238
21132  -25.080  -63.639  -29.239 0.6000000238
20144  -25.740  -64.837  -31.629 0.5000000000
21192  -27.726  -63.631  -31.901 0.5000000000
26282  -22.771  -58.870  -26.763 0.5000000000
25177  -22.822  -59.717  -26.778 0.6999999881
140786  -24.247  -61.671  -26.420 0.6999999881
23146  -25.153  -60.470  -26.871 0.6999999881
25180  -24.972  -59.541  -26.649 0.6999999881
22134  -25.278  -62.076  -27.866 0.8000000119
23162  -25.304  -61.291  -27.404 0.6999999881
23191  -25.627  -61.524  -30.262 0.6000000238
23179  -25.459  -61.366  -29.392 0.6999999881
22187  -26.148  -62.936  -30.610 0.6999999881
23192  -26.033  -61.852  -30.587 0.6000000238
21191  -26.989  -63.587  -31.485 0.6000000238
21167  -26.479  -63.384  -31.041 0.6000000238
22205  -28.307  -62.181  -31.886 0.6000000238
136230  -22.484  -57.701  -27.727 0.5000000000
28228  -22.801  -57.357  -26.960 0.6000000238
27271  -22.625  -58.086  -27.023 0.5000000000
27272  -23.124  -58.007  -26.527 0.6000000238
26283  -23.611  -58.752  -26.383 0.6000000238
26284  -24.558  -58.725  -26.412 0.6999999881
26296  -25.815  -58.719  -27.663 0.6999999881
26285  -25.307  -58.741  -26.810 0.6000000238
24169  -25.602  -60.375  -27.873 0.6999999881
25198  -25.742  -59.474  -28.014 0.6999999881
23172  -25.486  -61.313  -28.341 0.6999999881
133713  -27.400  -61.633  -30.929 0.6999999881
22204  -27.625  -62.693  -31.414 0.6999999881
23206  -27.378  -62.178  -31.007 0.6999999881
28242  -23.076  -56.525  -26.932 0.5000000000
132949  -24.403  -57.090  -26.069 0.6000000238
131677  -25.246  -56.985  -26.078 0.6000000238
27274  -25.036  -57.865  -26.340 0.6000000238
25207  -25.794  -59.786  -28.839 0.8000000119
26319  -26.598  -58.778  -29.135 0.5000000000
27300  -26.789  -57.790  -27.968 0.6000000238
24177  -25.903  -60.201  -29.745 0.6999999881
25220  -26.468  -60.090  -30.083 0.6999999881
25247  -28.086  -60.512  -31.768 0.6999999881
145370  -27.618  -60.425  -30.961 0.6999999881
23220  -28.432  -61.370  -32.420 0.5000000000
24215  -28.520  -60.848  -33.244 0.6999999881
24222  -28.638  -60.753  -34.177 0.5000000000
29209  -22.922  -56.125  -27.639 0.5000000000
29211  -23.966  -55.274  -26.580 0.5000000000
29202  -25.350  -55.620  -25.807 0.6000000238
29200  -23.844  -56.212  -26.277 0.6000000238
136729  -26.326  -56.016  -25.952 0.6000000238
27275  -26.036  -56.845  -26.281 0.6000000238
28232  -27.296  -55.909  -26.494 0.6000000238
28243  -26.868  -56.679  -26.703 0.6000000238
28244  -27.629  -56.442  -27.324 0.6000000238
27331  -28.070  -57.989  -30.271 0.6000000238
129564  -27.754  -57.640  -29.353 0.5000000000
26344  -28.148  -59.018  -31.494 0.6000000238
26332  -28.388  -58.244  -31.274 0.6000000238
25234  -28.312  -59.526  -32.110 0.6000000238
123866  -28.439  -59.498  -34.373 0.5000000000
30202  -23.626  -54.886  -27.471 0.5000000000
125723  -24.719  -54.970  -26.189 0.6000000238
120684  -26.880  -55.235  -25.888 0.6000000238
27301  -27.488  -57.395  -28.448 0.5000000000
135935  -28.662  -56.145  -28.952 0.5000000000
131751  -28.737  -57.570  -31.505 0.4000000060
27332  -28.606  -57.453  -30.771 0.5000000000
28284  -28.891  -56.731  -30.492 0.5000000000
127028  -28.515  -58.955  -32.850 0.6000000238
30223  -23.626  -54.650  -28.300 0.5000000000
30189  -24.951  -54.167  -26.435 0.6000000238
31190  -25.734  -53.889  -25.973 0.6000000238
30191  -26.353  -54.540  -25.707 0.6000000238
140245  -29.226  -56.614  -31.842 0.5000000000
29265  -29.290  -56.176  -31.153 0.4000000060
30224  -23.840  -54.096  -28.873 0.5000000000
31208  -24.507  -53.740  -27.293 0.5000000000
32158  -26.017  -53.025  -26.144 0.6000000238
31192  -27.633  -53.587  -25.887 0.6000000238
128872  -24.017  -53.450  -29.042 0.5000000000
32173  -24.682  -52.964  -27.720 0.5000000000
31209  -25.179  -53.318  -26.729 0.6000000238
32159  -26.984  -52.896  -25.811 0.6000000238
31233  -23.985  -53.118  -29.519 0.5000000000
126786  -24.302  -52.917  -28.694 0.5000000000
32174  -25.332  -52.344  -27.021 0.5000000000
32175  -26.370  -52.265  -26.297 0.6000000238
132472  -24.105  -52.417  -29.184 0.5000000000
32190  -24.612  -52.159  -28.215 0.5000000000
33175  -23.628  -51.893  -29.726 0.5000000000
33134  -27.252  -52.132  -25.935 0.5000000000
33165  -24.635  -51.445  -28.183 0.5000000000
33151  -25.851  -51.626  -26.724 0.5000000000
33174  -23.234  -51.171  -29.750 0.5000000000
34108  -23.757  -51.161  -29.095 0.5000000000
34084  -25.489  -51.010  -27.004 0.5000000000
131095  -27.409  -51.312  -25.964 0.4000000060
34107  -23.172  -50.521  -29.337 0.5000000000
34097  -24.825  -50.898  -27.729 0.5000000000
34069  -25.867  -50.430  -26.522 0.4000000060
34085  -26.362  -51.071  -26.385 0.4000000060
141266  -24.379  -50.508  -28.081 0.4000000060
35002  -25.213  -49.742  -26.754 0.4000000060
34990  -26.190  -49.708  -26.091 0.4000000060
128637  -28.666  -58.001  -32.232 0.6000000238
26377  -28.260  -58.635  -34.608 0.5000000000
123841  -28.545  -60.149  -34.830 0.4000000060
123474  -27.792  -56.820  -28.065 0.6000000238
34070  -26.990  -50.407  -25.981 0.4000000060
35923  -27.360  -48.737  -25.554 0.4000000060
144774  -24.710  -61.871  -26.700 0.6999999881
24176  -25.658  -60.622  -29.043 0.6999999881
24200  -26.400  -61.287  -30.592 0.6999999881
24186  -26.012  -60.713  -30.397 0.6999999881
26306  -26.351  -58.390  -28.344 0.6000000238
27284  -26.411  -57.472  -27.035 0.6000000238
24214  -28.273  -61.028  -32.328 0.6999999881
25209  -27.041  -59.321  -29.863 0.6999999881
25221  -27.315  -59.880  -30.547 0.6999999881
25248  -28.449  -60.145  -32.925 0.6000000238
25253  -28.514  -60.254  -33.938 0.6000000238
17146  -24.925  -67.367  -27.877 0.4000000060
18103  -23.822  -66.544  -27.330 0.5000000000
18120  -25.012  -65.962  -28.903 0.5000000000
18121  -25.487  -66.645  -29.058 0.5000000000
18170  -25.680  -65.997  -32.078 0.4000000060
19089  -23.506  -65.700  -27.272 0.5000000000
19090  -24.088  -65.809  -27.703 0.6000000238
20084  -23.865  -64.269  -27.313 0.5000000000
20085  -24.272  -64.352  -27.840 0.6999999881
20115  -25.357  -64.039  -29.989 0.6000000238
20130  -25.345  -64.609  -30.459 0.5000000000
20159  -26.005  -65.110  -32.293 0.4000000060
21146  -25.521  -63.390  -30.058 0.6000000238
21165  -25.802  -63.531  -30.589 0.6000000238
21166  -26.004  -63.968  -31.074 0.5000000000
22119  -23.701  -62.740  -26.609 0.6999999881
22120  -24.430  -62.368  -26.694 0.6999999881
22133  -24.786  -62.826  -27.428 0.8000000119
22175  -25.742  -62.484  -30.271 0.6000000238
22188  -26.933  -62.713  -30.992 0.6000000238
23145  -24.893  -61.377  -26.766 0.6999999881
23161  -24.991  -61.992  -27.087 0.6999999881
23205  -26.711  -61.997  -30.664 0.6999999881
23219  -27.972  -61.746  -31.598 0.6999999881
23231  -28.736  -61.139  -33.262 0.5000000000
24155  -23.830  -60.210  -26.365 0.6999999881
24156  -24.591  -60.118  -26.475 0.6999999881
24185  -25.654  -60.870  -30.069 0.6999999881
24187  -26.830  -60.651  -30.525 0.6999999881
24201  -27.493  -61.054  -30.940 0.6999999881
25178  -23.283  -59.544  -26.470 0.6999999881
25179  -24.163  -59.483  -26.398 0.6999999881
25189  -22.497  -59.555  -27.340 0.5000000000
25190  -25.449  -59.569  -27.224 0.6999999881
25199  -26.013  -59.032  -28.626 0.6999999881
25208  -26.195  -59.477  -29.436 0.6999999881
25233  -27.896  -59.727  -31.279 0.6999999881
25265  -28.101  -59.298  -35.326 0.5000000000
25285  -28.397  -60.046  -35.575 0.4000000060
26295  -22.441  -58.619  -27.487 0.5000000000
26297  -26.194  -58.071  -27.620 0.6000000238
26307  -27.106  -58.109  -28.809 0.6000000238
26320  -27.390  -58.458  -29.681 0.6000000238
26331  -27.732  -58.926  -30.664 0.6000000238
26345  -28.449  -58.733  -32.015 0.6000000238
26365  -28.501  -58.774  -33.773 0.6000000238
27273  -24.022  -57.937  -26.209 0.6000000238
27283  -25.765  -58.060  -26.958 0.6000000238
27285  -27.221  -57.149  -27.552 0.6000000238
27318  -28.419  -57.198  -29.897 0.5000000000
28229  -23.480  -57.164  -26.406 0.6000000238
28230  -24.812  -56.321  -25.956 0.6000000238
28231  -25.545  -56.356  -25.917 0.6000000238
28241  -22.716  -56.838  -27.633 0.5000000000
28257  -22.788  -56.357  -28.389 0.5000000000
28258  -28.291  -56.187  -28.095 0.5000000000
28269  -28.152  -56.819  -28.939 0.6000000238
28297  -29.000  -56.973  -31.285 0.5000000000
28309  -29.101  -56.623  -32.562 0.6000000238
28322  -28.663  -56.599  -33.499 0.6000000238
28336  -27.287  -56.500  -34.866 0.6000000238
29192  -26.091  -55.238  -25.734 0.6000000238
29201  -24.530  -55.687  -26.075 0.6000000238
29210  -23.282  -55.660  -27.113 0.5000000000
29213  -28.478  -55.044  -27.149 0.6999999881
29253  -29.464  -55.404  -30.540 0.5000000000
29287  -28.522  -55.756  -33.638 0.6000000238
29298  -26.149  -55.139  -34.962 0.6000000238
29306  -25.346  -54.612  -35.911 0.5000000000
30190  -25.520  -54.733  -25.889 0.6000000238
30203  -24.223  -54.491  -26.906 0.6000000238
30204  -28.919  -54.372  -27.353 0.6000000238
30225  -28.953  -54.957  -27.985 0.6000000238
30245  -23.845  -53.793  -29.689 0.5000000000
30271  -29.429  -55.171  -32.556 0.6000000238
31191  -26.652  -53.717  -25.721 0.6000000238
31193  -28.511  -53.403  -26.318 0.6999999881
31210  -28.873  -53.798  -26.892 0.6000000238
31221  -24.209  -53.521  -28.252 0.5000000000
31244  -23.685  -53.465  -30.254 0.5000000000
31294  -25.955  -53.312  -36.595 0.5000000000
32161  -28.680  -52.105  -26.003 0.6000000238
32176  -29.499  -52.537  -27.331 0.6000000238
32191  -29.571  -52.750  -28.106 0.6000000238
32226  -29.261  -52.259  -31.374 0.6000000238
32252  -24.797  -52.035  -34.847 0.5000000000
32260  -25.341  -52.152  -35.690 0.5000000000
33150  -25.097  -51.556  -27.522 0.5000000000
33152  -29.509  -51.688  -27.200 0.6000000238
33164  -24.214  -51.682  -28.821 0.5000000000
33186  -22.979  -51.448  -30.493 0.5000000000
34071  -29.360  -49.978  -26.688 0.6000000238
34083  -24.668  -50.164  -27.519 0.4000000060
34095  -23.833  -50.483  -28.601 0.5000000000
34096  -24.325  -51.036  -28.435 0.5000000000
34129  -27.630  -50.432  -32.275 0.4000000060
34991  -27.307  -49.530  -25.708 0.4000000060
35086  -25.750  -48.786  -33.022 0.4000000060
35099  -25.279  -49.554  -33.805 0.5000000000
35106  -26.263  -49.188  -35.368 0.5000000000
35114  -26.578  -49.843  -35.792 0.5000000000
35117  -29.020  -49.349  -35.922 0.3000000119
35904  -28.629  -48.448  -25.731 0.5000000000
35952  -29.714  -48.699  -27.852 0.6000000238
36033  -25.543  -48.761  -34.072 0.5000000000
36055  -30.041  -48.386  -35.597 0.4000000060
37048  -27.682  -47.381  -35.479 0.4000000060
37049  -28.293  -47.562  -35.673 0.3000000119
37056  -29.770  -47.723  -35.648 0.4000000060
38122  -29.805  -46.357  -35.363 0.4000000060
38123  -30.334  -46.755  -35.154 0.3000000119
39205  -30.616  -45.595  -33.612 0.3000000119
39231  -29.888  -45.599  -35.027 0.4000000060
40178  -29.565  -44.638  -34.265 0.4000000060
40190  -26.797  -45.259  -34.964 0.4000000060
41140  -29.224  -43.962  -33.024 0.4000000060
120732  -27.283  -54.437  -25.882 0.6999999881
121663  -23.970  -54.194  -27.833 0.5000000000
123428  -29.659  -52.971  -28.961 0.6000000238
124403  -25.361  -62.048  -28.846 0.6999999881
125596  -25.837  -61.163  -30.531 0.6999999881
125964  -22.684  -61.863  -26.885 0.6999999881
126458  -25.426  -61.988  -29.715 0.6000000238
127643  -28.013  -51.936  -25.764 0.5000000000
131387  -25.629  -50.839  -33.312 0.5000000000
131741  -29.608  -52.131  -27.874 0.6000000238
132415  -24.441  -60.820  -26.446 0.6999999881
132526  -28.810  -57.327  -32.832 0.6000000238
132715  -26.848  -56.822  -35.548 0.5000000000
132862  -24.834  -65.210  -29.076 0.5000000000
133744  -25.062  -53.552  -35.703 0.5000000000
134024  -25.921  -46.338  -34.661 0.4000000060
134288  -22.485  -61.144  -27.251 0.6999999881
134664  -25.909  -44.008  -34.696 0.5000000000
135500  -29.004  -49.719  -26.144 0.6000000238
138302  -28.746  -53.328  -32.775 0.6000000238
139579  -26.647  -51.673  -26.255 0.4000000060
140454  -28.487  -59.557  -33.598 0.5000000000
140986  -26.448  -62.522  -30.677 0.6999999881
141499  -25.173  -50.484  -27.113 0.4000000060
141844  -27.936  -61.255  -31.536 0.6999999881
142156  -28.258  -62.998  -31.799 0.5000000000
142166  -25.707  -57.454  -26.490 0.6000000238
142337  -27.538  -54.268  -33.800 0.6000000238
142455  -25.434  -64.915  -31.138 0.5000000000
143616  -28.350  -49.077  -35.986 0.3000000119
143894  -25.711  -46.697  -34.338 0.4000000060
144227  -28.545  -55.516  -27.786 0.6000000238
