#!ascii label  , from subject sub-v1s0x0050642_ses-1 vox2ras=TkReg
1515
142644  -16.567  -75.675  -42.390 0.5000000000
10395  -15.889  -75.321  -42.641 0.6000000238
12892  -22.608  -72.529  -38.579 0.3000000119
9591  -14.482  -76.135  -42.789 0.5000000000
12072  -21.796  -73.470  -41.129 0.4000000060
12056  -22.226  -72.908  -40.526 0.4000000060
12926  -23.554  -72.761  -39.924 0.4000000060
12911  -23.045  -72.423  -39.164 0.3000000119
12073  -22.582  -73.417  -41.361 0.4000000060
129723  -16.621  -72.581  -44.697 0.5000000000
12115  -16.470  -73.381  -44.273 0.5000000000
10412  -16.307  -74.760  -43.280 0.5000000000
12114  -15.715  -72.719  -44.907 0.6000000238
140478  -15.305  -73.678  -44.541 0.5000000000
10411  -15.244  -74.815  -43.588 0.6000000238
12878  -23.479  -72.692  -37.543 0.3000000119
10419  -14.342  -74.893  -44.503 0.5000000000
11218  -21.491  -74.389  -42.802 0.5000000000
11201  -20.820  -74.519  -41.783 0.5000000000
12894  -24.004  -72.497  -38.009 0.3000000119
11251  -14.325  -74.328  -44.837 0.6000000238
10394  -15.072  -75.498  -42.949 0.5000000000
11219  -22.532  -74.154  -43.040 0.5000000000
12091  -22.168  -73.977  -42.099 0.4000000060
12057  -23.643  -73.273  -40.769 0.4000000060
12912  -24.268  -72.891  -39.485 0.3000000119
122462  -23.798  -72.513  -38.923 0.3000000119
143715  -22.990  -73.998  -43.236 0.4000000060
12092  -22.967  -73.997  -42.255 0.4000000060
12075  -24.108  -73.873  -41.441 0.4000000060
11220  -23.313  -74.056  -42.912 0.4000000060
14554  -19.290  -70.538  -43.524 0.6999999881
13719  -18.792  -71.156  -44.001 0.6999999881
13735  -18.228  -71.828  -44.329 0.6999999881
124203  -17.734  -75.438  -43.081 0.5000000000
15438  -17.915  -69.566  -43.434 0.6999999881
14552  -17.475  -69.869  -44.220 0.6999999881
13734  -17.235  -71.232  -44.909 0.8000000119
142655  -16.732  -71.715  -45.034 0.5000000000
12972  -15.999  -71.738  -45.239 0.6999999881
132363  -18.407  -75.352  -43.192 0.5000000000
13733  -16.053  -70.298  -45.052 0.6999999881
10414  -19.155  -75.126  -43.520 0.4000000060
10383  -20.518  -74.824  -42.845 0.5000000000
11992  -24.467  -73.212  -36.571 0.3000000119
12960  -14.732  -71.412  -45.008 0.6000000238
123214  -20.875  -74.534  -43.615 0.5000000000
11993  -24.903  -73.015  -37.091 0.3000000119
12971  -15.167  -71.942  -45.141 0.5000000000
11239  -21.833  -74.134  -43.612 0.5000000000
12122  -23.310  -73.070  -43.638 0.4000000060
11240  -22.592  -73.794  -43.412 0.4000000060
11203  -24.709  -74.111  -42.215 0.4000000060
11182  -24.945  -74.176  -41.340 0.4000000060
12058  -24.374  -73.451  -40.409 0.4000000060
12104  -23.715  -73.300  -43.364 0.3000000119
11241  -23.394  -73.732  -43.180 0.4000000060
17351  -19.499  -67.894  -40.855 0.5000000000
16385  -19.195  -68.414  -41.382 0.6000000238
16401  -20.625  -68.741  -42.131 0.6000000238
15414  -19.267  -69.308  -42.583 0.6000000238
14537  -18.815  -69.753  -43.174 0.6000000238
17325  -19.929  -66.878  -39.684 0.5000000000
133615  -19.678  -67.375  -40.281 0.5000000000
144770  -18.824  -68.123  -40.850 0.6000000238
16399  -18.790  -68.888  -41.942 0.6000000238
15413  -18.333  -69.269  -42.642 0.6999999881
12116  -17.469  -73.484  -44.212 0.6000000238
10293  -25.089  -75.720  -34.688 0.3000000119
17313  -18.849  -67.319  -38.975 0.6999999881
17323  -18.582  -67.720  -39.855 0.6000000238
16372  -18.327  -68.234  -40.601 0.6000000238
16384  -18.422  -68.553  -41.261 0.6000000238
16398  -17.965  -69.025  -41.881 0.6999999881
15436  -16.871  -69.590  -43.234 0.6999999881
12974  -18.850  -72.892  -44.417 0.6000000238
143076  -18.834  -74.210  -44.199 0.6000000238
10413  -18.349  -75.043  -43.728 0.5000000000
17314  -19.352  -66.834  -38.261 0.6999999881
126016  -18.364  -68.054  -39.203 0.6000000238
15381  -17.721  -69.112  -39.849 0.6000000238
16371  -17.776  -68.797  -40.629 0.6000000238
15402  -16.877  -69.572  -41.478 0.6999999881
14525  -15.532  -70.448  -42.727 0.6999999881
11238  -19.620  -74.827  -43.861 0.5000000000
143165  -24.136  -73.486  -36.364 0.3000000119
16329  -18.894  -68.417  -37.613 0.6999999881
15364  -18.395  -68.835  -38.414 0.6000000238
14517  -17.215  -69.571  -40.567 0.6000000238
14516  -16.503  -70.227  -40.915 0.6000000238
13718  -15.201  -70.691  -44.714 0.6999999881
12118  -20.319  -73.836  -44.264 0.5000000000
12119  -21.311  -73.518  -44.118 0.5000000000
15363  -17.911  -69.508  -38.931 0.6000000238
14505  -16.829  -70.558  -39.998 0.6000000238
13696  -15.491  -70.916  -41.690 0.6000000238
135367  -14.503  -71.281  -43.076 0.6000000238
12959  -14.079  -71.909  -44.481 0.6000000238
12977  -21.678  -72.708  -44.203 0.5000000000
12895  -24.704  -72.757  -37.774 0.3000000119
14496  -18.338  -69.913  -37.870 0.6999999881
14495  -17.773  -70.484  -38.576 0.6000000238
14506  -17.457  -70.049  -39.534 0.6000000238
13689  -16.206  -71.084  -40.399 0.6000000238
13688  -15.608  -71.430  -40.831 0.5000000000
12936  -15.055  -71.691  -41.416 0.5000000000
12090  -13.694  -72.406  -42.370 0.5000000000
12969  -13.743  -72.734  -44.719 0.5000000000
12120  -22.100  -73.296  -44.009 0.5000000000
12963  -25.841  -72.546  -43.047 0.3000000119
12106  -25.411  -73.178  -43.043 0.3000000119
11243  -25.032  -73.639  -42.793 0.3000000119
11204  -25.632  -74.476  -41.887 0.4000000060
12958  -13.510  -72.390  -43.750 0.5000000000
12962  -25.077  -72.460  -43.533 0.3000000119
12105  -24.545  -73.105  -43.354 0.3000000119
136571  -24.725  -73.870  -42.665 0.4000000060
18287  -22.367  -66.146  -39.465 0.5000000000
17338  -20.404  -67.151  -40.220 0.5000000000
17339  -22.120  -66.931  -40.848 0.5000000000
17353  -21.572  -67.526  -41.256 0.5000000000
123982  -22.068  -65.422  -38.023 0.5000000000
19255  -21.282  -65.793  -38.519 0.5000000000
18286  -21.488  -66.152  -39.279 0.5000000000
17352  -20.491  -67.663  -40.879 0.5000000000
16387  -21.072  -68.159  -41.653 0.5000000000
15416  -21.117  -69.256  -42.701 0.6000000238
14539  -20.801  -70.033  -43.142 0.6000000238
18269  -20.384  -65.919  -38.150 0.5000000000
14555  -20.211  -70.690  -43.510 0.6000000238
13720  -19.757  -71.378  -43.923 0.8000000119
8746  -25.744  -77.238  -34.267 0.3000000119
18251  -20.316  -65.838  -37.290 0.6000000238
18250  -19.756  -66.333  -37.726 0.6000000238
17324  -19.497  -66.728  -39.050 0.6000000238
14556  -21.712  -70.418  -43.593 0.4000000060
9489  -25.582  -76.209  -33.964 0.3000000119
130215  -19.447  -67.097  -37.344 0.6999999881
13737  -20.295  -72.226  -44.332 0.5000000000
13736  -19.308  -72.130  -44.310 0.6000000238
11112  -24.630  -74.410  -35.373 0.3000000119
140248  -25.262  -73.904  -35.516 0.3000000119
17301  -19.403  -67.438  -36.599 0.6999999881
135877  -22.198  -71.036  -44.065 0.4000000060
135777  -25.157  -73.479  -36.198 0.3000000119
15330  -19.339  -69.024  -36.610 0.6000000238
137687  -18.794  -69.232  -37.485 0.6999999881
13739  -22.184  -71.864  -44.266 0.4000000060
12025  -25.257  -73.217  -38.489 0.3000000119
129408  -19.397  -69.857  -35.918 0.6000000238
125822  -18.915  -70.381  -36.396 0.6999999881
122600  -16.929  -71.676  -38.705 0.6000000238
137469  -15.992  -72.225  -39.361 0.5000000000
12907  -15.460  -72.579  -39.737 0.5000000000
126931  -14.363  -71.824  -42.122 0.6000000238
13724  -23.691  -71.487  -44.026 0.4000000060
12978  -22.518  -72.613  -44.097 0.4000000060
14542  -27.056  -71.095  -42.511 0.3000000119
13727  -26.326  -71.893  -42.758 0.3000000119
13708  -27.018  -72.059  -42.540 0.3000000119
141178  -26.112  -73.174  -42.747 0.3000000119
11222  -25.415  -74.055  -42.337 0.4000000060
12040  -25.043  -73.436  -39.552 0.3000000119
12890  -16.967  -72.119  -37.853 0.6000000238
12888  -15.700  -72.790  -38.814 0.5000000000
12038  -14.986  -73.164  -39.317 0.5000000000
12923  -15.274  -72.222  -40.572 0.5000000000
12070  -13.977  -72.851  -41.294 0.5000000000
123944  -13.303  -73.082  -41.885 0.6000000238
125102  -12.612  -73.401  -42.339 0.5000000000
13725  -24.375  -71.858  -43.901 0.3000000119
13726  -25.570  -71.822  -43.236 0.3000000119
12889  -16.249  -72.746  -38.003 0.5000000000
12053  -13.430  -73.692  -40.180 0.5000000000
11165  -13.010  -74.067  -39.579 0.5000000000
18252  -23.412  -66.091  -37.427 0.5000000000
19256  -22.703  -65.569  -38.309 0.5000000000
18304  -22.673  -66.565  -40.291 0.5000000000
18305  -23.488  -66.555  -40.729 0.5000000000
17340  -22.996  -66.821  -41.162 0.5000000000
128862  -22.486  -67.282  -41.608 0.5000000000
19224  -22.651  -65.348  -36.570 0.5000000000
19273  -22.712  -65.852  -38.944 0.5000000000
17354  -22.828  -67.592  -42.328 0.4000000060
19254  -21.171  -65.540  -37.680 0.5000000000
16403  -22.358  -68.333  -42.671 0.4000000060
8747  -26.284  -77.943  -33.867 0.3000000119
8732  -26.745  -77.573  -33.025 0.3000000119
19223  -21.895  -65.277  -36.238 0.6000000238
15417  -21.910  -69.043  -42.962 0.4000000060
14540  -21.563  -69.692  -43.144 0.4000000060
19222  -20.955  -65.484  -35.975 0.6000000238
18232  -19.693  -66.488  -36.847 0.6000000238
10294  -25.591  -75.448  -34.167 0.3000000119
11099  -25.612  -74.825  -34.563 0.3000000119
17289  -19.398  -66.884  -36.267 0.6000000238
14557  -22.621  -70.441  -43.749 0.4000000060
16300  -19.132  -68.410  -35.654 0.6000000238
15441  -24.005  -69.808  -43.527 0.4000000060
14558  -23.481  -70.592  -43.830 0.4000000060
144116  -25.447  -73.347  -36.878 0.3000000119
15314  -19.487  -69.216  -35.640 0.6999999881
14559  -24.390  -70.934  -43.693 0.3000000119
14561  -26.066  -71.042  -42.755 0.3000000119
19257  -23.066  -65.930  -38.724 0.5000000000
125636  -23.097  -66.276  -39.639 0.5000000000
128806  -23.854  -66.506  -40.337 0.5000000000
18319  -24.202  -66.297  -41.420 0.4000000060
19225  -23.084  -65.580  -36.953 0.5000000000
17355  -23.939  -66.380  -42.091 0.4000000060
127936  -23.268  -66.891  -41.935 0.4000000060
18234  -23.327  -66.084  -36.458 0.6000000238
16405  -24.021  -67.804  -43.078 0.4000000060
15419  -23.563  -68.839  -43.287 0.4000000060
9477  -26.175  -75.977  -33.594 0.3000000119
8731  -26.173  -76.811  -33.471 0.3000000119
18216  -20.018  -65.655  -35.711 0.6000000238
15440  -23.111  -69.710  -43.495 0.4000000060
15442  -24.873  -69.999  -43.178 0.4000000060
123450  -26.682  -70.011  -42.621 0.3000000119
15313  -19.335  -69.260  -35.065 0.6000000238
18253  -23.940  -66.697  -37.943 0.5000000000
18270  -23.591  -66.357  -39.309 0.5000000000
18288  -24.316  -66.628  -39.877 0.4000000060
18306  -24.645  -66.406  -40.901 0.4000000060
18235  -23.748  -66.813  -37.042 0.5000000000
17302  -24.350  -67.440  -37.550 0.5000000000
18320  -25.058  -66.094  -41.668 0.4000000060
19207  -22.553  -65.445  -35.679 0.6000000238
18218  -23.194  -66.114  -35.348 0.6000000238
17273  -23.523  -67.119  -36.063 0.6000000238
145759  -24.603  -66.146  -42.015 0.4000000060
19206  -21.755  -65.407  -35.395 0.6000000238
18217  -22.893  -65.684  -35.213 0.6000000238
17370  -25.519  -66.780  -42.567 0.4000000060
16406  -25.161  -67.822  -42.950 0.4000000060
19205  -20.829  -65.457  -35.180 0.6000000238
135553  -24.497  -68.897  -43.186 0.4000000060
130354  -26.056  -68.420  -42.867 0.4000000060
15420  -25.404  -69.127  -42.944 0.4000000060
127223  -26.772  -68.878  -42.743 0.4000000060
11113  -25.664  -74.330  -35.079 0.3000000119
140957  -26.581  -75.244  -34.132 0.3000000119
18200  -20.026  -65.464  -34.828 0.6000000238
15421  -26.128  -69.345  -42.763 0.4000000060
11143  -26.494  -74.300  -37.066 0.3000000119
11979  -25.752  -73.938  -35.698 0.3000000119
17272  -18.997  -67.156  -35.906 0.6000000238
18198  -18.418  -66.168  -35.284 0.6999999881
132498  -19.850  -65.864  -33.179 0.6999999881
17271  -18.575  -67.566  -35.501 0.6000000238
18181  -18.143  -65.956  -33.979 0.6999999881
135758  -18.082  -66.386  -33.045 0.6999999881
18197  -17.593  -66.477  -34.586 0.6000000238
18166  -19.419  -66.288  -32.467 0.6999999881
17217  -20.569  -67.054  -31.485 0.6000000238
18180  -17.393  -66.603  -33.543 0.6999999881
18165  -18.479  -66.627  -32.183 0.6999999881
17315  -24.599  -67.193  -38.434 0.5000000000
17316  -25.345  -67.628  -38.888 0.5000000000
17274  -24.071  -67.737  -36.689 0.5000000000
16318  -24.769  -68.294  -37.122 0.5000000000
16331  -25.059  -67.950  -38.005 0.5000000000
17317  -26.112  -68.050  -39.294 0.5000000000
18289  -25.153  -66.681  -40.334 0.4000000060
18307  -25.484  -66.205  -41.202 0.4000000060
17258  -23.219  -67.204  -35.064 0.6000000238
16301  -23.716  -68.063  -35.501 0.6000000238
15315  -24.412  -68.691  -36.080 0.6000000238
15331  -25.213  -69.164  -36.760 0.6000000238
18321  -26.005  -65.892  -41.836 0.4000000060
19187  -22.468  -65.607  -34.861 0.6000000238
16284  -24.071  -68.935  -35.042 0.6000000238
125805  -24.598  -69.416  -35.375 0.6000000238
133070  -26.382  -66.305  -42.311 0.4000000060
19185  -20.805  -65.554  -34.513 0.6000000238
18184  -22.468  -66.229  -33.722 0.6000000238
16269  -22.822  -68.068  -33.579 0.6000000238
141333  -23.341  -68.800  -33.694 0.6000000238
15303  -23.870  -69.212  -34.147 0.6000000238
131870  -26.160  -67.317  -42.759 0.4000000060
17373  -29.066  -66.987  -42.648 0.4000000060
18183  -21.927  -66.006  -33.263 0.6000000238
17237  -22.540  -66.985  -33.582 0.6000000238
144926  -22.627  -68.259  -32.960 0.6000000238
15288  -23.785  -69.327  -33.270 0.6000000238
15277  -25.315  -70.053  -32.399 0.6000000238
16408  -27.552  -68.122  -42.828 0.4000000060
16409  -28.592  -67.834  -42.869 0.4000000060
19173  -20.329  -65.592  -33.970 0.6000000238
18169  -22.111  -66.683  -32.900 0.5000000000
16268  -22.367  -67.638  -32.965 0.6000000238
16251  -23.053  -68.821  -32.900 0.6000000238
134693  -24.090  -69.568  -31.828 0.6000000238
15265  -25.643  -69.765  -31.427 0.6999999881
18182  -20.959  -65.971  -33.154 0.6000000238
17218  -21.698  -67.023  -32.203 0.6000000238
16250  -22.431  -68.267  -32.290 0.6000000238
15264  -24.722  -69.649  -31.120 0.6000000238
15249  -26.423  -69.314  -30.587 0.6000000238
15250  -27.191  -68.941  -30.793 0.6000000238
16219  -22.968  -69.151  -30.731 0.6000000238
15263  -23.810  -69.465  -30.976 0.6000000238
15248  -25.498  -69.458  -30.415 0.6000000238
16211  -26.913  -68.636  -30.093 0.6000000238
137922  -21.357  -67.385  -31.527 0.6000000238
124974  -21.909  -67.758  -31.748 0.6000000238
15246  -23.676  -69.318  -30.055 0.5000000000
15230  -24.432  -69.250  -29.355 0.6000000238
15232  -26.195  -69.004  -29.782 0.6000000238
16218  -22.333  -68.700  -30.487 0.5000000000
17215  -17.470  -66.879  -32.400 0.6999999881
17199  -18.793  -67.446  -30.594 0.6999999881
17200  -19.840  -67.461  -30.727 0.5000000000
17180  -21.101  -68.172  -29.941 0.6000000238
125614  -22.814  -69.048  -29.707 0.5000000000
15229  -23.631  -69.190  -29.270 0.5000000000
16207  -21.431  -68.404  -29.013 0.6000000238
21238  -20.537  -63.192  -35.751 0.6000000238
21237  -19.529  -63.497  -35.430 0.6000000238
21236  -18.705  -63.737  -35.131 0.6000000238
16345  -25.741  -68.496  -38.503 0.5000000000
16332  -25.456  -68.821  -37.628 0.5000000000
17343  -26.972  -66.621  -40.855 0.5000000000
18308  -26.583  -66.006  -41.531 0.4000000060
15304  -24.551  -69.706  -34.604 0.5000000000
15332  -25.140  -69.694  -35.912 0.5000000000
14461  -26.353  -70.609  -35.228 0.5000000000
18309  -27.368  -66.173  -41.697 0.4000000060
18310  -28.180  -66.472  -41.790 0.4000000060
14460  -25.507  -70.233  -35.261 0.5000000000
14450  -26.470  -70.676  -34.366 0.5000000000
18326  -27.438  -66.357  -42.241 0.4000000060
18323  -28.415  -66.611  -42.139 0.4000000060
17357  -29.260  -66.750  -42.284 0.4000000060
14424  -25.833  -70.366  -33.014 0.5000000000
14436  -26.204  -70.595  -33.693 0.5000000000
14449  -25.716  -70.489  -34.435 0.5000000000
17372  -28.035  -67.142  -42.557 0.4000000060
14416  -26.196  -70.080  -32.216 0.6000000238
14425  -26.770  -70.416  -32.944 0.6000000238
15266  -26.692  -69.598  -31.416 0.6000000238
14417  -27.100  -69.923  -32.117 0.5000000000
17183  -27.558  -67.927  -30.800 0.4000000060
17203  -28.027  -67.928  -31.541 0.4000000060
131074  -28.000  -67.342  -32.345 0.4000000060
17162  -26.499  -67.865  -29.300 0.6000000238
17163  -27.062  -67.998  -30.011 0.6000000238
17182  -27.040  -67.398  -30.690 0.5000000000
17220  -27.005  -66.861  -32.466 0.4000000060
17221  -27.306  -66.629  -33.205 0.4000000060
18186  -26.971  -66.147  -33.516 0.4000000060
131896  -16.615  -67.208  -32.746 0.6999999881
15219  -25.118  -68.795  -28.730 0.6000000238
125028  -26.741  -67.526  -29.858 0.5000000000
18185  -26.240  -66.001  -33.091 0.4000000060
17178  -19.160  -67.778  -29.817 0.6000000238
16209  -23.184  -68.959  -28.709 0.5000000000
16196  -24.494  -68.497  -28.089 0.5000000000
18122  -26.157  -67.164  -29.497 0.5000000000
18148  -25.549  -66.138  -31.162 0.5000000000
18149  -26.134  -66.625  -31.510 0.4000000060
19161  -26.075  -65.528  -32.790 0.4000000060
17179  -20.159  -67.939  -29.914 0.6000000238
16181  -24.738  -68.021  -27.794 0.5000000000
141813  -22.123  -62.562  -35.788 0.6999999881
21239  -21.507  -62.853  -35.708 0.6000000238
22234  -22.438  -62.209  -34.634 0.6999999881
21225  -21.065  -62.917  -34.798 0.6000000238
22221  -22.391  -62.237  -33.793 0.6000000238
21223  -19.211  -63.425  -34.574 0.6000000238
21208  -21.124  -62.959  -33.842 0.6000000238
22203  -22.334  -62.239  -32.920 0.6000000238
23218  -22.630  -61.587  -32.434 0.6000000238
133267  -22.518  -61.147  -30.925 0.6000000238
20187  -17.948  -64.010  -34.835 0.5000000000
21206  -19.603  -63.294  -33.205 0.6000000238
21188  -20.302  -63.278  -32.690 0.6000000238
22202  -21.772  -62.840  -32.368 0.6000000238
23204  -22.478  -61.800  -31.611 0.6000000238
17327  -26.522  -67.373  -39.995 0.5000000000
21221  -17.674  -63.853  -34.056 0.5000000000
21205  -18.154  -63.532  -33.499 0.5000000000
21164  -21.526  -63.129  -31.487 0.5000000000
22174  -22.259  -62.058  -30.818 0.5000000000
15347  -25.920  -69.542  -37.223 0.4000000060
15348  -26.719  -69.986  -37.561 0.5000000000
17328  -27.373  -67.478  -40.202 0.5000000000
17344  -27.853  -66.713  -41.047 0.4000000060
124844  -17.874  -63.614  -32.720 0.5000000000
123558  -18.748  -63.411  -32.804 0.5000000000
21163  -20.805  -63.414  -31.282 0.5000000000
145319  -21.745  -62.763  -30.121 0.5000000000
15333  -26.312  -70.127  -36.739 0.5000000000
124836  -28.755  -66.734  -41.270 0.4000000060
145089  -29.447  -66.730  -41.549 0.4000000060
17345  -30.155  -66.998  -41.504 0.4000000060
21184  -16.835  -64.133  -33.089 0.5000000000
21186  -18.266  -63.607  -32.161 0.5000000000
129124  -19.847  -63.721  -30.938 0.6000000238
21144  -20.771  -63.643  -30.503 0.6000000238
18311  -29.013  -66.536  -41.937 0.4000000060
145286  -16.874  -64.501  -31.290 0.6000000238
20142  -17.981  -64.164  -30.822 0.6000000238
21143  -18.731  -63.923  -30.896 0.6999999881
14437  -27.008  -70.665  -33.806 0.4000000060
14426  -28.159  -69.938  -32.846 0.5000000000
18162  -13.497  -67.720  -32.577 0.6000000238
15279  -28.550  -69.247  -32.493 0.5000000000
16252  -28.787  -68.467  -32.451 0.4000000060
16234  -14.554  -68.099  -31.554 0.6000000238
15268  -28.216  -68.656  -31.871 0.4000000060
16249  -15.102  -68.243  -32.243 0.6000000238
17197  -16.826  -67.554  -30.639 0.6000000238
18187  -27.816  -66.478  -34.000 0.4000000060
17177  -18.070  -67.651  -29.610 0.6000000238
17216  -17.614  -67.264  -31.403 0.6999999881
16192  -20.846  -68.342  -28.194 0.6000000238
16177  -21.233  -68.183  -27.582 0.6000000238
16193  -21.762  -68.483  -28.117 0.5000000000
16195  -23.611  -68.650  -27.986 0.5000000000
23255  -22.844  -61.579  -35.028 0.6999999881
23242  -22.771  -61.753  -34.237 0.6999999881
143834  -22.875  -59.988  -33.011 0.6000000238
24213  -22.829  -60.727  -32.739 0.6000000238
25245  -22.725  -59.906  -32.155 0.6000000238
131895  -22.627  -60.217  -31.132 0.6000000238
25219  -22.546  -59.639  -30.409 0.6999999881
130574  -22.452  -59.888  -29.691 0.6000000238
23190  -22.270  -61.366  -29.986 0.6000000238
138039  -27.406  -69.983  -37.946 0.5000000000
15365  -26.951  -69.580  -38.414 0.5000000000
16356  -26.901  -68.281  -39.536 0.5000000000
16357  -27.763  -68.341  -39.670 0.5000000000
23177  -22.042  -61.879  -29.460 0.6000000238
24168  -22.269  -60.491  -28.505 0.5000000000
15366  -27.904  -69.621  -38.503 0.5000000000
17329  -28.336  -67.459  -40.367 0.5000000000
140617  -29.797  -68.005  -39.880 0.4000000060
139929  -20.797  -63.918  -29.179 0.6000000238
21145  -21.366  -63.224  -30.100 0.6000000238
23171  -22.222  -61.300  -28.122 0.5000000000
14474  -26.719  -70.533  -36.160 0.5000000000
19158  -14.353  -66.416  -32.386 0.6000000238
19159  -15.064  -65.848  -32.057 0.4000000060
20140  -16.448  -64.776  -31.464 0.6000000238
20128  -19.225  -64.237  -30.155 0.6000000238
20129  -20.176  -64.081  -30.005 0.6000000238
22147  -21.681  -62.642  -28.535 0.6000000238
127639  -27.813  -70.685  -34.054 0.4000000060
14463  -28.713  -70.655  -35.217 0.4000000060
19142  -15.191  -66.268  -31.041 0.5000000000
19143  -15.961  -65.557  -30.853 0.5000000000
20125  -16.709  -64.968  -30.671 0.6000000238
20126  -17.470  -64.687  -30.357 0.6999999881
19120  -18.966  -65.197  -28.726 0.6000000238
20097  -19.847  -64.905  -28.513 0.6000000238
20113  -20.797  -64.081  -28.505 0.6000000238
15290  -28.808  -69.616  -33.118 0.5000000000
18145  -14.461  -67.583  -31.453 0.6000000238
19118  -17.340  -66.014  -29.099 0.6000000238
19119  -18.113  -65.555  -28.869 0.6000000238
19087  -19.900  -65.449  -27.801 0.6000000238
20098  -20.466  -64.810  -27.903 0.6000000238
21093  -21.754  -63.714  -27.478 0.6000000238
15280  -29.032  -68.984  -32.816 0.4000000060
17174  -15.694  -67.438  -30.526 0.5000000000
18131  -16.030  -66.888  -30.051 0.6000000238
137761  -17.934  -66.482  -28.479 0.6000000238
19088  -20.457  -65.727  -27.300 0.6000000238
19071  -21.298  -65.623  -27.039 0.6000000238
17196  -15.846  -67.822  -30.952 0.6000000238
17175  -16.308  -67.464  -30.167 0.6000000238
17157  -16.793  -67.046  -29.628 0.6000000238
17133  -18.948  -67.455  -27.896 0.6000000238
18100  -19.390  -67.020  -27.469 0.6000000238
17145  -19.876  -68.162  -28.180 0.6000000238
17160  -19.513  -68.125  -29.012 0.6000000238
16179  -23.054  -68.273  -27.464 0.5000000000
17138  -24.163  -67.437  -27.384 0.5000000000
24253  -22.773  -60.981  -35.737 0.6999999881
23230  -22.998  -61.096  -34.304 0.6999999881
25299  -22.184  -59.725  -36.234 0.6999999881
25284  -22.437  -59.674  -35.410 0.6999999881
24254  -22.765  -60.261  -35.210 0.6999999881
25252  -22.882  -59.539  -33.547 0.6999999881
25232  -22.691  -59.032  -32.197 0.6000000238
26342  -22.602  -58.332  -30.975 0.6000000238
27317  -22.549  -57.632  -29.663 0.5000000000
135099  -22.526  -58.927  -30.484 0.6999999881
26318  -22.437  -58.354  -29.196 0.5000000000
125453  -22.387  -58.952  -28.801 0.5000000000
25197  -22.341  -59.174  -28.095 0.5000000000
15349  -28.039  -70.120  -37.787 0.4000000060
15367  -28.826  -69.206  -38.836 0.5000000000
15368  -29.637  -69.370  -38.456 0.5000000000
16348  -29.667  -68.739  -39.186 0.5000000000
16360  -30.628  -68.334  -39.728 0.4000000060
14475  -27.646  -70.644  -36.424 0.4000000060
15350  -28.881  -69.857  -37.958 0.4000000060
23159  -22.036  -62.064  -28.160 0.6000000238
21116  -21.396  -63.334  -28.024 0.6000000238
22131  -21.950  -62.595  -27.842 0.6000000238
21072  -22.171  -64.171  -27.183 0.6000000238
124862  -21.954  -63.088  -27.524 0.6000000238
17124  -21.179  -67.100  -26.924 0.6000000238
18085  -21.663  -66.386  -26.880 0.6000000238
125721  -23.177  -63.277  -26.840 0.6000000238
127662  -19.798  -67.669  -27.583 0.6000000238
20068  -22.538  -64.833  -27.058 0.5000000000
17135  -21.623  -67.780  -27.098 0.6000000238
18086  -22.462  -66.416  -26.891 0.5000000000
136052  -23.492  -67.096  -27.082 0.5000000000
26416  -21.475  -59.080  -36.286 0.6999999881
26398  -22.038  -58.410  -35.402 0.6999999881
27382  -22.840  -57.564  -34.309 0.6999999881
125101  -22.877  -59.036  -34.008 0.6999999881
27372  -22.909  -57.332  -33.571 0.6000000238
26357  -22.779  -57.863  -33.152 0.6999999881
27347  -22.731  -57.590  -31.468 0.4000000060
136505  -21.253  -58.647  -35.778 0.6999999881
132828  -22.234  -57.462  -35.343 0.6999999881
122822  -22.736  -56.780  -34.956 0.6000000238
140750  -23.107  -56.765  -34.135 0.6000000238
28282  -22.756  -57.028  -30.149 0.5000000000
25262  -19.686  -59.258  -34.721 0.6999999881
26396  -20.555  -58.884  -35.376 0.6999999881
28267  -22.698  -56.835  -29.245 0.5000000000
25251  -19.110  -59.214  -34.016 0.6999999881
123619  -22.565  -57.065  -28.329 0.5000000000
26362  -18.686  -58.897  -33.122 0.6000000238
26355  -18.568  -58.344  -32.415 0.6000000238
26341  -18.187  -58.140  -31.804 0.6000000238
27328  -17.707  -57.500  -30.219 0.5000000000
28266  -17.945  -56.695  -29.706 0.5000000000
15351  -29.857  -69.770  -37.743 0.4000000060
15369  -30.407  -69.022  -38.808 0.4000000060
21073  -22.928  -64.003  -27.008 0.6000000238
133413  -23.043  -56.150  -32.895 0.5000000000
27348  -22.849  -56.834  -31.877 0.5000000000
27394  -21.564  -57.152  -35.504 0.6000000238
27395  -22.206  -56.727  -35.497 0.6000000238
28335  -23.170  -56.219  -34.580 0.6000000238
29297  -23.268  -55.986  -33.831 0.6000000238
28308  -23.013  -56.230  -32.067 0.5000000000
27330  -22.903  -56.888  -30.958 0.5000000000
28283  -23.115  -56.235  -30.222 0.5000000000
26374  -20.260  -58.568  -34.601 0.6999999881
28341  -20.798  -56.889  -35.232 0.6000000238
28342  -21.459  -56.173  -35.572 0.6000000238
29305  -23.238  -55.140  -35.082 0.6000000238
139936  -23.392  -54.530  -34.897 0.6000000238
29224  -23.184  -55.402  -28.349 0.5000000000
26364  -19.793  -58.523  -33.878 0.6999999881
28334  -20.201  -56.808  -34.511 0.6000000238
29296  -20.133  -55.268  -34.905 0.6000000238
29302  -20.976  -55.088  -35.717 0.6000000238
31286  -22.697  -53.618  -35.705 0.6000000238
26356  -19.069  -58.274  -32.749 0.6000000238
28333  -19.777  -56.356  -33.845 0.6000000238
29295  -19.666  -55.495  -34.118 0.6000000238
30289  -20.247  -54.424  -35.207 0.6000000238
27361  -19.258  -57.645  -32.501 0.6000000238
29274  -19.144  -56.120  -32.415 0.6000000238
30277  -19.174  -54.884  -33.670 0.6000000238
129226  -19.763  -53.993  -34.759 0.6000000238
28295  -18.630  -57.103  -30.984 0.5000000000
125196  -18.866  -56.209  -31.533 0.5000000000
29284  -18.903  -55.149  -32.858 0.6000000238
30287  -19.228  -53.922  -34.073 0.6000000238
139704  -30.322  -69.478  -38.193 0.4000000060
27298  -16.858  -57.133  -28.899 0.5000000000
29263  -18.480  -56.079  -30.720 0.5000000000
30269  -18.589  -54.572  -32.296 0.6000000238
31265  -18.792  -53.239  -33.560 0.6000000238
29235  -16.938  -55.732  -28.729 0.5000000000
30243  -17.369  -55.223  -29.338 0.5000000000
29250  -18.025  -55.813  -29.899 0.4000000060
30268  -18.184  -54.085  -31.822 0.5000000000
31258  -18.387  -53.230  -32.790 0.6000000238
29275  -23.070  -55.562  -32.232 0.6000000238
29264  -23.454  -55.164  -31.048 0.5000000000
120762  -23.419  -55.563  -30.736 0.5000000000
30270  -23.086  -54.769  -32.427 0.6000000238
30262  -23.138  -54.296  -31.744 0.5000000000
30244  -23.602  -54.789  -29.023 0.5000000000
31277  -23.250  -53.132  -34.871 0.6999999881
122791  -23.042  -53.091  -32.636 0.6999999881
31285  -21.744  -53.298  -35.987 0.6000000238
32250  -22.798  -52.251  -34.747 0.6999999881
31284  -20.954  -53.014  -35.546 0.6000000238
32249  -22.035  -51.978  -35.191 0.6999999881
31275  -19.659  -53.317  -34.646 0.6000000238
32248  -21.054  -52.177  -35.027 0.6999999881
32239  -18.989  -52.640  -33.883 0.6000000238
33225  -19.798  -51.597  -34.341 0.6999999881
30221  -15.242  -55.194  -28.584 0.5000000000
30242  -16.628  -54.868  -29.043 0.5000000000
30253  -17.631  -54.715  -30.137 0.4000000060
31257  -17.990  -53.312  -32.007 0.6000000238
32233  -18.546  -52.410  -33.214 0.6000000238
138158  -15.812  -54.619  -29.036 0.5000000000
31243  -17.184  -53.744  -30.495 0.4000000060
32224  -17.603  -52.585  -31.547 0.5000000000
30255  -23.687  -54.508  -29.744 0.5000000000
30256  -23.644  -54.181  -30.402 0.5000000000
31259  -23.135  -53.919  -32.611 0.6000000238
132229  -22.953  -52.975  -31.638 0.5000000000
32214  -23.703  -52.745  -30.035 0.5000000000
32241  -23.250  -52.411  -33.382 0.6999999881
33229  -23.116  -51.835  -34.016 0.6999999881
34155  -22.106  -50.759  -34.155 0.6000000238
33217  -19.386  -51.092  -33.766 0.6999999881
34154  -21.121  -50.743  -34.226 0.6000000238
32232  -18.034  -52.546  -32.386 0.6000000238
33216  -18.765  -51.458  -33.244 0.6000000238
31232  -15.522  -53.826  -29.563 0.5000000000
32212  -16.796  -52.736  -30.877 0.4000000060
33207  -17.715  -51.913  -31.882 0.6000000238
132129  -14.966  -52.196  -30.616 0.4000000060
32211  -15.840  -52.471  -30.562 0.4000000060
131144  -16.251  -51.877  -31.007 0.5000000000
32223  -17.054  -51.919  -31.311 0.5000000000
32234  -23.025  -52.283  -32.554 0.6000000238
32213  -23.099  -52.349  -30.799 0.5000000000
33209  -23.021  -51.490  -32.406 0.6000000238
33198  -22.845  -51.528  -31.487 0.5000000000
34150  -23.112  -50.788  -32.972 0.6000000238
34149  -22.545  -50.225  -33.402 0.6000000238
34138  -23.073  -50.054  -32.640 0.5000000000
34148  -21.607  -50.073  -33.851 0.6000000238
34146  -19.630  -50.210  -33.524 0.6999999881
35094  -21.107  -49.477  -33.532 0.5000000000
130697  -18.612  -50.932  -32.585 0.6000000238
33197  -18.142  -51.167  -31.929 0.5000000000
141917  -15.538  -51.834  -30.858 0.4000000060
33196  -17.528  -51.251  -31.421 0.5000000000
33090  -7.907  -51.215  -23.590 0.4000000060
33092  -9.362  -51.204  -23.375 0.3000000119
34013  -8.851  -50.141  -23.923 0.4000000060
34119  -22.820  -50.624  -30.231 0.5000000000
34044  -8.541  -49.834  -25.175 0.3000000119
34952  -8.682  -49.730  -24.679 0.4000000060
35085  -22.679  -49.505  -32.918 0.5000000000
34118  -22.680  -49.895  -30.974 0.5000000000
34081  -10.093  -50.568  -27.423 0.3000000119
34982  -9.368  -48.849  -25.957 0.4000000060
36029  -22.306  -48.977  -33.062 0.5000000000
34082  -10.862  -50.417  -28.105 0.3000000119
35093  -20.206  -49.546  -33.317 0.6000000238
35083  -18.917  -49.807  -31.957 0.6999999881
36026  -19.819  -48.926  -32.840 0.6000000238
33195  -16.698  -51.083  -31.109 0.5000000000
35067  -18.516  -49.756  -31.342 0.5000000000
35066  -17.760  -49.996  -30.957 0.4000000060
36004  -18.846  -48.911  -31.011 0.4000000060
31151  -10.616  -53.380  -23.373 0.3000000119
144775  -9.340  -51.937  -23.228 0.3000000119
34015  -10.370  -50.965  -23.564 0.3000000119
34014  -9.409  -50.362  -23.667 0.3000000119
34953  -9.200  -49.081  -24.624 0.4000000060
35069  -22.946  -49.094  -31.719 0.5000000000
34983  -10.187  -48.725  -26.615 0.4000000060
35892  -9.472  -48.498  -25.216 0.4000000060
35989  -22.610  -48.397  -31.303 0.5000000000
34999  -11.156  -49.591  -27.826 0.4000000060
34984  -11.088  -48.883  -27.209 0.4000000060
36020  -21.276  -48.164  -33.119 0.5000000000
37023  -22.355  -47.609  -32.319 0.5000000000
35014  -11.518  -49.942  -28.275 0.4000000060
36019  -20.379  -48.180  -32.897 0.5000000000
35068  -19.052  -49.196  -31.734 0.5000000000
36018  -19.742  -48.164  -32.456 0.5000000000
134920  -15.231  -50.649  -30.824 0.3000000119
35050  -16.330  -49.594  -30.661 0.4000000060
35052  -18.069  -49.188  -30.800 0.4000000060
37002  -19.750  -47.456  -32.073 0.4000000060
30158  -10.512  -54.334  -23.474 0.3000000119
32115  -10.874  -52.615  -23.447 0.3000000119
34029  -10.390  -49.890  -23.861 0.4000000060
142917  -10.724  -49.295  -24.138 0.4000000060
35017  -24.059  -49.891  -28.022 0.4000000060
121638  -10.340  -48.325  -24.616 0.4000000060
35034  -23.267  -49.661  -28.725 0.4000000060
35913  -10.060  -48.127  -25.774 0.4000000060
35894  -10.850  -47.707  -25.453 0.4000000060
35968  -22.300  -48.691  -30.108 0.4000000060
35914  -11.039  -48.019  -26.339 0.4000000060
37022  -21.783  -47.464  -32.745 0.5000000000
35000  -11.878  -49.235  -27.849 0.4000000060
35964  -13.826  -49.288  -29.064 0.3000000119
38084  -21.156  -46.725  -32.473 0.5000000000
35985  -16.598  -48.791  -30.349 0.3000000119
126003  -11.387  -53.251  -23.528 0.3000000119
32116  -11.763  -52.673  -23.744 0.3000000119
33093  -11.212  -51.821  -23.680 0.3000000119
33105  -11.574  -50.794  -23.990 0.4000000060
34030  -11.386  -49.655  -24.158 0.4000000060
35883  -12.528  -48.528  -24.708 0.3000000119
35882  -11.787  -48.147  -24.655 0.4000000060
35001  -24.442  -49.347  -27.363 0.4000000060
130285  -25.624  -49.097  -26.229 0.4000000060
36877  -11.662  -47.673  -25.210 0.4000000060
35969  -22.680  -49.052  -29.226 0.4000000060
124583  -22.269  -47.931  -30.770 0.4000000060
135255  -12.532  -47.886  -27.096 0.3000000119
36986  -22.119  -47.163  -30.772 0.4000000060
35947  -13.280  -48.731  -28.335 0.3000000119
145532  -13.677  -48.029  -28.089 0.3000000119
35965  -14.605  -48.903  -29.315 0.3000000119
35988  -19.046  -48.201  -30.829 0.4000000060
122068  -12.360  -54.609  -23.683 0.3000000119
33106  -12.298  -51.950  -24.135 0.4000000060
127073  -12.707  -51.089  -24.465 0.4000000060
34957  -13.015  -49.455  -24.759 0.4000000060
35922  -26.452  -48.828  -25.815 0.4000000060
35938  -24.910  -48.700  -26.647 0.4000000060
35895  -12.515  -47.817  -25.140 0.4000000060
35936  -23.447  -48.181  -27.871 0.4000000060
36905  -11.690  -47.536  -25.817 0.4000000060
35949  -22.417  -48.347  -29.129 0.4000000060
36943  -22.765  -47.955  -28.379 0.4000000060
36925  -12.634  -47.493  -26.599 0.3000000119
36966  -22.041  -47.831  -29.887 0.4000000060
36940  -14.145  -47.558  -28.258 0.3000000119
38049  -22.102  -46.475  -31.531 0.5000000000
35948  -14.060  -48.399  -28.664 0.3000000119
36962  -15.375  -47.134  -28.981 0.3000000119
38068  -21.587  -45.993  -31.844 0.5000000000
36982  -17.823  -47.723  -30.093 0.3000000119
38066  -20.123  -46.060  -31.719 0.4000000060
35986  -17.492  -48.578  -30.406 0.4000000060
31168  -13.216  -53.388  -24.162 0.3000000119
35896  -13.227  -48.532  -25.054 0.3000000119
140969  -13.300  -47.835  -25.352 0.3000000119
35921  -25.657  -48.371  -26.087 0.4000000060
36888  -12.369  -47.462  -25.692 0.3000000119
35937  -24.135  -48.454  -27.299 0.4000000060
144737  -25.153  -47.926  -26.342 0.3000000119
37963  -13.084  -47.165  -26.489 0.3000000119
143196  -22.560  -47.486  -28.272 0.4000000060
36928  -23.846  -47.580  -27.298 0.4000000060
38003  -14.423  -46.226  -28.109 0.3000000119
38004  -15.019  -46.155  -28.651 0.3000000119
38029  -21.557  -46.051  -30.327 0.4000000060
36963  -16.148  -47.308  -29.590 0.3000000119
38027  -17.254  -46.130  -29.671 0.3000000119
38045  -18.123  -46.698  -29.929 0.3000000119
39156  -20.080  -45.035  -30.684 0.3000000119
37947  -13.629  -46.944  -25.985 0.3000000119
36890  -14.276  -46.800  -25.865 0.3000000119
37964  -13.637  -46.778  -26.401 0.3000000119
125219  -24.988  -47.216  -26.297 0.3000000119
36927  -23.075  -47.340  -27.827 0.4000000060
37989  -24.314  -46.964  -26.799 0.4000000060
39111  -15.049  -45.320  -28.653 0.3000000119
38005  -21.506  -46.682  -28.980 0.4000000060
126650  -22.779  -46.532  -27.569 0.4000000060
38025  -15.755  -46.552  -29.201 0.3000000119
38026  -16.397  -46.390  -29.538 0.3000000119
39139  -21.281  -45.206  -30.686 0.3000000119
39155  -19.340  -45.262  -30.211 0.3000000119
124582  -15.332  -43.765  -28.215 0.3000000119
40066  -15.728  -44.877  -28.976 0.3000000119
37986  -21.907  -46.352  -27.933 0.3000000119
39095  -23.253  -45.949  -27.021 0.3000000119
39135  -16.537  -45.507  -29.453 0.3000000119
124867  -20.958  -45.811  -29.511 0.3000000119
39137  -18.488  -45.011  -29.828 0.3000000119
39157  -20.703  -44.792  -30.908 0.3000000119
41060  -15.453  -42.923  -28.018 0.3000000119
42030  -15.451  -42.377  -27.382 0.3000000119
41081  -17.005  -43.684  -29.256 0.3000000119
138582  -21.212  -46.026  -28.464 0.3000000119
41061  -16.209  -43.060  -28.703 0.3000000119
139773  -16.255  -41.602  -28.248 0.3000000119
36983  -18.819  -47.468  -30.423 0.4000000060
35967  -16.066  -48.270  -29.859 0.3000000119
36964  -17.098  -47.051  -29.772 0.3000000119
12973  -17.606  -72.512  -44.434 0.6000000238
11254  -18.185  -74.275  -44.131 0.5000000000
142367  -16.703  -74.392  -43.593 0.5000000000
11236  -15.787  -74.171  -43.818 0.5000000000
11237  -17.966  -74.701  -43.951 0.5000000000
139972  -20.043  -74.963  -41.790 0.5000000000
14567  -16.932  -70.314  -44.928 0.6999999881
14551  -16.675  -69.821  -44.210 0.6999999881
138506  -16.393  -70.924  -45.317 0.6999999881
10398  -18.845  -75.465  -42.648 0.4000000060
14535  -15.731  -70.185  -43.976 0.6999999881
11256  -21.114  -74.207  -43.959 0.5000000000
12010  -25.366  -73.214  -37.586 0.3000000119
11257  -21.835  -73.842  -43.837 0.5000000000
12979  -23.240  -72.680  -43.929 0.3000000119
16402  -21.538  -68.595  -42.342 0.6000000238
16388  -21.985  -67.899  -42.016 0.5000000000
15412  -17.463  -69.381  -42.725 0.6999999881
11098  -25.098  -74.926  -34.805 0.3000000119
135401  -17.434  -69.154  -41.196 0.6000000238
15411  -16.768  -69.569  -42.344 0.6999999881
12975  -19.855  -73.009  -44.498 0.5000000000
142150  -18.634  -74.634  -44.016 0.5000000000
141955  -15.903  -70.694  -41.113 0.6000000238
12949  -14.944  -71.121  -42.378 0.6999999881
13679  -16.518  -71.559  -39.500 0.5000000000
12026  -25.872  -73.828  -38.225 0.3000000119
143275  -18.038  -71.349  -36.973 0.6000000238
144470  -14.387  -72.895  -40.781 0.5000000000
12093  -25.970  -73.800  -42.451 0.3000000119
13721  -20.672  -71.422  -43.987 0.5000000000
12041  -25.823  -73.984  -39.190 0.3000000119
12037  -14.270  -73.467  -39.741 0.5000000000
17369  -24.557  -66.750  -42.580 0.4000000060
10295  -26.102  -75.308  -33.954 0.3000000119
17257  -23.088  -66.425  -34.577 0.6000000238
18199  -19.194  -65.570  -34.246 0.6999999881
18167  -20.468  -66.387  -32.303 0.6000000238
17201  -20.816  -67.680  -30.765 0.6000000238
16283  -23.351  -68.282  -34.503 0.6000000238
138390  -25.685  -69.790  -36.537 0.5000000000
18322  -27.623  -66.260  -41.996 0.4000000060
15289  -24.440  -69.779  -33.662 0.6000000238
14434  -25.043  -70.200  -34.053 0.5000000000
16236  -23.136  -69.133  -31.805 0.6000000238
15267  -27.543  -69.230  -31.523 0.4000000060
126116  -16.661  -67.566  -31.578 0.6000000238
17198  -17.779  -67.480  -30.491 0.6999999881
128123  -19.762  -63.262  -34.005 0.6000000238
16333  -26.170  -69.309  -38.095 0.4000000060
125103  -27.964  -70.815  -34.888 0.4000000060
17222  -28.748  -67.572  -32.807 0.4000000060
16197  -25.161  -68.296  -28.265 0.4000000060
17235  -15.796  -67.630  -33.192 0.6000000238
22233  -21.838  -62.661  -34.252 0.6000000238
123395  -20.092  -63.391  -31.876 0.6000000238
16358  -28.834  -68.319  -39.649 0.5000000000
21160  -17.615  -63.848  -31.987 0.5000000000
22158  -21.730  -62.607  -29.465 0.6000000238
20157  -16.436  -64.497  -32.401 0.4000000060
144972  -18.002  -67.590  -28.899 0.5000000000
14452  -28.619  -70.535  -34.327 0.5000000000
19104  -19.215  -65.652  -28.010 0.6000000238
18119  -17.320  -66.796  -29.059 0.5000000000
27380  -17.347  -58.154  -34.017 0.6000000238
29236  -17.564  -56.149  -29.155 0.5000000000
125364  -23.441  -55.028  -34.156 0.5000000000
124094  -20.508  -56.016  -35.191 0.6000000238
29303  -21.882  -55.374  -35.888 0.6000000238
30278  -23.313  -54.415  -33.350 0.6000000238
28319  -19.550  -56.920  -32.908 0.6000000238
30222  -16.113  -55.467  -28.573 0.5000000000
130324  -23.287  -53.777  -31.070 0.5000000000
33218  -20.162  -50.819  -34.119 0.6000000238
125225  -16.243  -53.419  -30.069 0.5000000000
34137  -18.982  -50.080  -32.744 0.6000000238
34043  -8.223  -50.405  -24.691 0.3000000119
34139  -23.027  -50.710  -32.154 0.5000000000
34116  -16.055  -50.417  -30.901 0.3000000119
34107  -23.172  -50.521  -29.337 0.4000000060
34106  -22.596  -49.722  -29.874 0.4000000060
35051  -17.219  -49.413  -30.632 0.4000000060
35984  -15.792  -49.045  -30.273 0.3000000119
38083  -20.265  -46.632  -32.248 0.5000000000
35951  -23.744  -49.042  -27.960 0.4000000060
31153  -12.224  -53.563  -23.754 0.3000000119
36939  -13.630  -47.404  -27.658 0.3000000119
36985  -21.944  -46.378  -30.813 0.4000000060
135281  -18.976  -46.556  -30.362 0.3000000119
37984  -13.723  -46.854  -27.088 0.3000000119
39176  -20.547  -45.233  -31.404 0.4000000060
31169  -14.222  -53.570  -24.431 0.3000000119
39110  -14.525  -45.461  -28.051 0.3000000119
144386  -15.420  -44.308  -28.613 0.3000000119
137409  -10.855  -76.100  -36.505 0.5000000000
10323  -11.547  -75.331  -37.359 0.5000000000
10338  -11.641  -75.050  -38.216 0.5000000000
10339  -12.379  -74.616  -38.483 0.4000000060
9499  -10.832  -76.666  -34.914 0.5000000000
125936  -11.786  -75.542  -35.721 0.5000000000
10314  -12.202  -75.098  -36.540 0.5000000000
10324  -12.315  -74.812  -37.569 0.5000000000
11136  -13.196  -74.389  -37.894 0.5000000000
12036  -13.672  -73.859  -39.267 0.4000000060
9500  -11.538  -75.985  -34.816 0.4000000060
10305  -12.405  -75.139  -35.600 0.5000000000
11122  -13.024  -74.580  -36.918 0.5000000000
12020  -14.396  -73.638  -38.801 0.4000000060
10306  -12.961  -74.969  -34.806 0.5000000000
10315  -13.004  -74.731  -35.925 0.5000000000
11109  -13.779  -74.579  -35.225 0.5000000000
11123  -13.857  -74.400  -36.339 0.5000000000
11124  -14.658  -74.054  -36.447 0.5000000000
11987  -14.689  -73.818  -37.258 0.5000000000
12022  -15.670  -73.139  -38.070 0.4000000060
132596  -13.671  -74.648  -34.335 0.5000000000
11125  -15.175  -73.941  -35.806 0.5000000000
11988  -15.420  -73.638  -36.636 0.5000000000
12007  -15.959  -73.209  -37.325 0.5000000000
12807  -14.089  -72.543  -33.077 0.5000000000
11095  -13.862  -74.487  -33.615 0.5000000000
11077  -14.684  -73.445  -32.946 0.5000000000
11097  -15.348  -73.829  -33.905 0.5000000000
11958  -15.548  -73.326  -33.318 0.5000000000
11975  -15.876  -73.641  -35.478 0.5000000000
11966  -16.085  -73.537  -34.177 0.5000000000
11989  -16.328  -73.251  -36.291 0.5000000000
12875  -16.681  -72.767  -37.081 0.5000000000
12808  -15.105  -72.485  -33.252 0.5000000000
13620  -15.575  -71.849  -33.932 0.5000000000
135170  -16.169  -70.070  -35.443 0.5000000000
12809  -15.937  -72.705  -33.386 0.5000000000
14445  -17.314  -70.838  -34.200 0.5000000000
14458  -16.994  -69.959  -34.848 0.5000000000
12826  -17.307  -72.617  -34.228 0.5000000000
12811  -17.292  -72.078  -33.818 0.5000000000
14446  -17.990  -70.889  -34.109 0.5000000000
12843  -17.428  -72.718  -35.127 0.5000000000
12828  -18.149  -71.654  -34.529 0.5000000000
12857  -17.085  -72.795  -36.028 0.5000000000
12876  -17.384  -72.277  -36.772 0.5000000000
124895  -17.652  -71.650  -37.320 0.5000000000
132779  -14.951  -68.184  -34.245 0.5000000000
17234  -15.557  -67.764  -34.065 0.6000000238
15312  -17.270  -69.086  -35.056 0.5000000000
15300  -17.928  -70.071  -34.351 0.5000000000
17270  -17.144  -67.650  -35.046 0.5000000000
15302  -19.107  -69.551  -34.708 0.5000000000
16299  -18.796  -68.740  -35.075 0.5000000000
13646  -18.540  -71.329  -35.740 0.5000000000
14472  -19.022  -70.622  -35.524 0.5000000000
13657  -18.043  -71.741  -36.384 0.5000000000
16265  -13.158  -68.392  -33.443 0.5000000000
16266  -13.926  -68.514  -33.332 0.5000000000
17254  -16.351  -67.378  -34.418 0.6000000238
21268  -19.895  -63.577  -38.104 0.5000000000
21252  -19.935  -63.666  -37.309 0.6000000238
21304  -19.880  -62.864  -39.112 0.5000000000
21269  -20.624  -63.277  -37.695 0.5000000000
21254  -21.264  -63.055  -36.398 0.6000000238
21270  -21.486  -62.913  -37.244 0.6000000238
22295  -20.648  -62.486  -38.822 0.5000000000
23286  -21.838  -61.665  -38.195 0.6000000238
125841  -21.571  -60.342  -38.512 0.5000000000
23273  -22.546  -61.527  -36.653 0.6000000238
24280  -22.296  -60.866  -37.360 0.6000000238
25324  -20.804  -59.681  -38.652 0.5000000000
25312  -22.177  -59.996  -37.180 0.6000000238
24271  -22.541  -60.253  -35.825 0.6000000238
141934  -20.165  -59.137  -38.165 0.5000000000
25298  -21.756  -59.390  -36.846 0.5000000000
25281  -18.992  -58.971  -35.764 0.5000000000
141720  -18.642  -58.993  -35.196 0.6000000238
27368  -16.683  -57.579  -33.717 0.6000000238
27379  -16.775  -57.282  -34.810 0.5000000000
25283  -20.134  -59.189  -35.378 0.6000000238
25297  -21.023  -59.093  -37.009 0.5000000000
26371  -17.965  -58.783  -34.241 0.5000000000
27358  -16.612  -57.689  -32.625 0.6000000238
27369  -17.349  -58.272  -33.021 0.6000000238
27345  -18.209  -57.661  -30.993 0.6000000238
11168  -26.456  -74.858  -39.847 0.3000000119
10369  -27.718  -75.540  -40.508 0.3000000119
11205  -26.420  -74.893  -41.537 0.3000000119
10386  -28.857  -75.135  -40.940 0.3000000119
11223  -26.245  -74.470  -42.017 0.3000000119
11183  -25.744  -74.580  -41.142 0.3000000119
137352  -25.145  -74.014  -40.510 0.3000000119
12021  -15.117  -73.337  -38.459 0.4000000060
13624  -18.435  -70.985  -34.318 0.5000000000
123630  -18.050  -67.840  -35.277 0.5000000000
125500  -19.792  -63.595  -36.367 0.5000000000
11138  -14.036  -73.996  -37.728 0.4000000060
11096  -14.531  -74.300  -34.226 0.5000000000
12794  -13.760  -72.943  -32.565 0.5000000000
11951  -15.017  -72.981  -32.924 0.5000000000
12825  -14.588  -72.143  -33.933 0.5000000000
13634  -15.927  -71.247  -34.663 0.5000000000
13611  -16.668  -72.141  -33.641 0.5000000000
16298  -17.822  -68.430  -35.114 0.5000000000
11184  -26.465  -75.076  -40.833 0.3000000119
11224  -27.520  -74.504  -41.922 0.3000000119
10385  -28.097  -75.318  -41.018 0.3000000119
10368  -27.050  -75.301  -41.083 0.3000000119
10384  -27.029  -74.907  -41.649 0.3000000119
129325  -28.610  -74.767  -41.413 0.3000000119
37988  -23.580  -46.735  -27.236 0.3000000119
8011  -25.996  -78.233  -34.741 0.3000000119
9509  -11.145  -76.043  -35.783 0.5000000000
10292  -13.221  -74.860  -33.666 0.5000000000
10304  -12.166  -75.433  -34.825 0.4000000060
10308  -24.586  -75.190  -35.282 0.3000000119
10396  -16.951  -75.449  -42.914 0.5000000000
10399  -19.680  -75.186  -42.788 0.4000000060
10415  -20.044  -74.927  -43.599 0.5000000000
10420  -14.975  -74.298  -44.300 0.5000000000
10421  -17.371  -74.464  -43.716 0.5000000000
10422  -19.048  -74.877  -43.938 0.5000000000
11086  -14.287  -74.037  -33.160 0.5000000000
11087  -14.939  -73.795  -33.406 0.5000000000
11100  -26.137  -74.815  -34.568 0.3000000119
11110  -14.576  -74.263  -35.508 0.5000000000
11111  -15.305  -73.979  -34.837 0.5000000000
11114  -26.274  -74.453  -35.277 0.3000000119
11137  -13.660  -74.293  -37.184 0.5000000000
11152  -13.078  -74.239  -38.841 0.4000000060
11153  -13.763  -73.983  -38.464 0.4000000060
11202  -23.778  -74.047  -42.292 0.4000000060
11206  -27.804  -74.908  -41.510 0.3000000119
11221  -24.055  -73.932  -42.788 0.4000000060
11242  -24.250  -73.613  -43.022 0.4000000060
11252  -16.500  -73.923  -43.869 0.5000000000
11253  -17.423  -74.112  -43.958 0.5000000000
11255  -19.447  -74.436  -44.106 0.6000000238
11258  -22.361  -73.585  -43.652 0.5000000000
11959  -16.294  -73.063  -33.561 0.5000000000
11967  -16.746  -73.063  -33.954 0.5000000000
11976  -16.807  -73.209  -34.976 0.5000000000
11978  -24.725  -73.780  -35.834 0.3000000119
12005  -14.623  -73.690  -38.035 0.4000000060
12006  -15.253  -73.481  -37.648 0.4000000060
12011  -25.931  -73.745  -37.338 0.3000000119
12054  -14.108  -73.255  -40.552 0.5000000000
12059  -25.769  -74.338  -40.183 0.3000000119
12071  -21.005  -73.884  -40.828 0.4000000060
12074  -23.327  -73.566  -41.477 0.4000000060
12089  -13.026  -72.900  -43.028 0.5000000000
12094  -26.792  -73.481  -42.495 0.3000000119
12103  -22.993  -73.437  -43.481 0.4000000060
12117  -18.440  -73.617  -44.301 0.6000000238
12121  -22.769  -73.154  -43.835 0.5000000000
12123  -23.855  -72.821  -43.648 0.3000000119
12795  -14.449  -72.804  -32.757 0.5000000000
12810  -16.727  -72.613  -33.695 0.5000000000
12827  -17.692  -72.034  -34.207 0.5000000000
12844  -17.822  -72.255  -34.813 0.5000000000
12858  -17.726  -72.337  -35.764 0.5000000000
12859  -24.203  -72.776  -37.247 0.3000000119
12893  -23.252  -72.476  -38.317 0.3000000119
12908  -16.402  -72.214  -38.719 0.5000000000
12913  -24.529  -72.751  -38.676 0.3000000119
12922  -14.771  -72.915  -40.265 0.5000000000
12925  -22.687  -72.575  -39.928 0.4000000060
12935  -14.581  -72.423  -41.116 0.5000000000
12937  -22.998  -72.979  -40.676 0.4000000060
12948  -14.011  -71.757  -43.334 0.6000000238
12950  -26.594  -72.679  -42.694 0.3000000119
12961  -24.435  -72.459  -43.733 0.3000000119
12970  -14.416  -72.305  -44.992 0.5000000000
12976  -20.781  -72.928  -44.348 0.5000000000
13610  -15.984  -72.159  -33.519 0.5000000000
13621  -16.530  -71.519  -33.930 0.5000000000
13622  -17.305  -71.561  -33.918 0.5000000000
13623  -17.827  -71.538  -34.057 0.5000000000
13635  -18.234  -71.822  -35.341 0.5000000000
13636  -18.631  -71.177  -34.926 0.5000000000
13658  -18.474  -71.007  -36.544 0.6999999881
13669  -17.469  -71.338  -38.231 0.6000000238
13678  -15.846  -71.872  -40.050 0.5000000000
13680  -17.201  -70.978  -39.128 0.6000000238
13706  -14.536  -71.241  -44.118 0.6999999881
13707  -14.984  -70.730  -43.533 0.6999999881
13722  -21.517  -71.264  -44.078 0.5000000000
13723  -22.894  -71.262  -44.067 0.4000000060
13732  -15.533  -71.026  -45.324 0.6999999881
13738  -21.222  -72.116  -44.278 0.4000000060
13740  -23.068  -72.021  -44.111 0.4000000060
13741  -23.805  -72.234  -43.954 0.3000000119
14423  -25.084  -70.168  -33.239 0.5000000000
14435  -25.549  -70.428  -33.680 0.5000000000
14438  -28.388  -70.287  -33.536 0.5000000000
14447  -18.743  -70.204  -34.393 0.5000000000
14448  -19.354  -69.907  -34.989 0.6000000238
14451  -27.150  -70.759  -34.644 0.4000000060
14457  -16.481  -70.671  -34.762 0.5000000000
14459  -18.928  -70.564  -34.702 0.5000000000
14462  -27.304  -70.735  -35.517 0.5000000000
14473  -25.906  -70.266  -36.007 0.5000000000
14484  -18.033  -70.907  -37.543 0.6999999881
14485  -18.551  -70.438  -37.087 0.6999999881
14486  -26.961  -70.414  -36.875 0.5000000000
14526  -16.090  -70.091  -41.867 0.6000000238
14536  -16.226  -69.853  -43.063 0.6999999881
14538  -19.773  -69.929  -43.089 0.6000000238
14541  -25.730  -70.118  -42.855 0.3000000119
14553  -18.338  -70.213  -43.778 0.6999999881
14560  -25.239  -70.990  -43.178 0.3000000119
14568  -17.806  -70.705  -44.422 0.6999999881
15218  -24.116  -68.953  -28.623 0.5000000000
15231  -25.336  -69.187  -29.546 0.6000000238
15247  -24.577  -69.461  -30.228 0.6000000238
15275  -23.686  -69.353  -32.503 0.6000000238
15276  -24.449  -69.763  -32.674 0.6000000238
15278  -27.894  -69.557  -32.205 0.5000000000
15301  -18.453  -69.363  -34.617 0.5000000000
15316  -24.980  -69.848  -35.171 0.5000000000
15329  -18.920  -69.831  -36.894 0.6999999881
15352  -30.787  -69.746  -37.543 0.4000000060
15382  -18.028  -68.713  -39.291 0.6000000238
15403  -17.359  -69.241  -41.781 0.6999999881
15415  -20.216  -69.337  -42.617 0.6000000238
15418  -22.698  -68.905  -43.176 0.4000000060
15437  -17.277  -69.640  -43.639 0.6999999881
15439  -22.262  -69.688  -43.370 0.4000000060
16178  -22.137  -68.258  -27.494 0.5000000000
16180  -23.949  -68.187  -27.532 0.5000000000
16194  -22.677  -68.642  -28.026 0.5000000000
16198  -25.851  -68.229  -28.780 0.4000000060
16206  -20.491  -68.231  -29.048 0.6000000238
16208  -22.296  -68.717  -28.872 0.6000000238
16210  -26.486  -68.373  -29.469 0.6000000238
16217  -21.918  -68.556  -29.835 0.6000000238
16220  -27.350  -68.348  -30.503 0.4000000060
16235  -22.389  -68.533  -31.307 0.6000000238
16237  -27.702  -68.456  -31.116 0.6000000238
16248  -14.387  -68.249  -32.253 0.6000000238
16253  -29.280  -68.292  -32.929 0.4000000060
16267  -14.838  -68.249  -33.094 0.6000000238
16281  -14.313  -68.428  -34.473 0.5000000000
16282  -16.015  -67.881  -34.942 0.6000000238
16317  -19.367  -68.348  -36.217 0.6999999881
16330  -19.347  -67.996  -36.995 0.6999999881
16343  -18.643  -67.991  -38.439 0.6999999881
16344  -18.965  -67.513  -37.912 0.6999999881
16346  -26.499  -68.876  -38.867 0.5000000000
16347  -27.315  -69.017  -39.054 0.5000000000
16355  -18.064  -68.308  -39.962 0.6000000238
16359  -29.430  -67.276  -40.642 0.4000000060
16383  -17.844  -68.806  -41.222 0.6000000238
16386  -20.081  -68.254  -41.497 0.6000000238
16400  -19.689  -68.787  -42.054 0.6000000238
16404  -23.126  -68.006  -42.995 0.4000000060
16407  -26.726  -67.950  -42.866 0.4000000060
17125  -22.045  -67.170  -26.802 0.5000000000
17126  -22.856  -67.155  -26.869 0.5000000000
17134  -20.725  -67.695  -27.275 0.6000000238
17136  -22.512  -67.803  -27.037 0.5000000000
17137  -23.360  -67.725  -27.131 0.5000000000
17142  -17.844  -67.180  -28.657 0.5000000000
17143  -18.429  -67.542  -28.478 0.5000000000
17144  -19.066  -67.941  -28.349 0.6000000238
17147  -25.380  -67.870  -28.235 0.5000000000
17158  -17.474  -67.296  -29.188 0.6000000238
17159  -18.628  -67.909  -28.968 0.5000000000
17161  -25.883  -67.593  -28.777 0.4000000060
17176  -17.138  -67.472  -29.871 0.6000000238
17181  -21.697  -68.097  -30.825 0.5000000000
17195  -15.088  -67.741  -31.036 0.6000000238
17202  -27.556  -67.433  -31.479 0.4000000060
17204  -28.469  -67.958  -32.120 0.4000000060
17211  -13.521  -68.287  -32.723 0.5000000000
17212  -14.054  -67.960  -32.051 0.6000000238
17213  -15.058  -68.114  -31.583 0.6000000238
17214  -15.792  -67.960  -31.918 0.6000000238
17219  -22.064  -67.405  -32.385 0.6000000238
17236  -16.699  -66.972  -33.839 0.6999999881
17238  -22.934  -67.201  -34.229 0.6000000238
17239  -28.052  -66.953  -33.278 0.4000000060
17255  -17.076  -66.968  -34.707 0.6000000238
17256  -17.795  -67.064  -35.187 0.5000000000
17326  -25.694  -67.201  -39.741 0.5000000000
17336  -18.967  -67.726  -40.346 0.5000000000
17337  -19.154  -67.186  -39.737 0.6000000238
17341  -23.653  -66.505  -41.527 0.4000000060
17342  -26.053  -66.569  -40.699 0.4000000060
17356  -25.348  -66.150  -42.180 0.4000000060
17358  -29.730  -66.794  -42.076 0.4000000060
17368  -23.575  -67.104  -42.631 0.4000000060
17371  -27.059  -67.110  -42.684 0.4000000060
18101  -20.243  -66.874  -27.167 0.6000000238
18102  -20.937  -66.341  -26.977 0.6000000238
18110  -18.757  -66.580  -27.862 0.6000000238
18118  -16.689  -66.424  -29.520 0.6000000238
18130  -15.315  -67.053  -30.544 0.5000000000
18133  -26.232  -66.863  -30.426 0.5000000000
18146  -18.438  -67.148  -31.255 0.6999999881
18147  -19.447  -66.850  -31.567 0.6999999881
18163  -13.966  -67.320  -31.975 0.6000000238
18164  -14.531  -66.748  -31.546 0.6000000238
18168  -21.500  -66.401  -32.578 0.5000000000
18171  -26.191  -66.397  -32.506 0.4000000060
18172  -26.633  -66.393  -33.056 0.4000000060
18201  -22.263  -65.810  -34.066 0.6000000238
18202  -22.843  -65.929  -34.484 0.6000000238
18215  -19.320  -66.223  -35.811 0.6000000238
18233  -20.243  -65.808  -36.503 0.6000000238
18271  -24.096  -66.671  -38.876 0.5000000000
18272  -24.863  -66.962  -39.354 0.5000000000
18285  -20.413  -66.308  -39.009 0.5000000000
18302  -20.864  -66.721  -39.766 0.5000000000
18303  -21.807  -66.590  -40.025 0.5000000000
18325  -26.931  -65.947  -42.010 0.4000000060
19072  -22.099  -65.628  -26.993 0.6000000238
19086  -19.602  -66.227  -27.489 0.6000000238
19129  -15.670  -66.354  -30.417 0.5000000000
19130  -16.197  -65.943  -30.043 0.5000000000
19131  -16.925  -65.503  -29.772 0.6000000238
19174  -21.338  -65.773  -33.914 0.6000000238
19176  -27.200  -65.687  -33.634 0.4000000060
19186  -21.599  -65.571  -34.625 0.6000000238
19208  -23.028  -65.605  -35.995 0.6000000238
19236  -21.077  -65.473  -36.805 0.6000000238
19237  -22.002  -65.262  -37.137 0.5000000000
19238  -22.710  -65.377  -37.478 0.5000000000
19239  -23.091  -65.677  -37.862 0.5000000000
19240  -23.471  -66.213  -38.356 0.5000000000
19272  -22.162  -65.719  -38.778 0.5000000000
20067  -21.766  -64.891  -27.124 0.6000000238
20083  -21.067  -64.898  -27.336 0.6000000238
20099  -21.111  -64.157  -27.687 0.6000000238
20109  -17.743  -65.130  -29.588 0.6000000238
20110  -18.630  -64.806  -29.465 0.6000000238
20111  -19.568  -64.571  -29.355 0.6000000238
20112  -20.381  -64.294  -29.167 0.6000000238
20127  -18.277  -64.435  -30.208 0.6999999881
20139  -15.792  -65.293  -31.750 0.6000000238
20141  -17.381  -64.258  -31.201 0.6000000238
20158  -16.966  -64.221  -31.812 0.6000000238
20171  -16.973  -64.170  -33.780 0.5000000000
20172  -26.417  -65.091  -32.658 0.4000000060
20186  -17.216  -64.325  -34.540 0.5000000000
20200  -19.019  -63.946  -35.980 0.6000000238
20245  -19.340  -63.907  -38.599 0.5000000000
21074  -23.647  -63.662  -26.964 0.6000000238
21094  -22.500  -63.349  -27.152 0.6000000238
21130  -20.806  -63.806  -29.726 0.6000000238
21131  -21.222  -63.413  -29.098 0.6000000238
21161  -18.150  -63.834  -31.476 0.5000000000
21162  -19.032  -63.546  -31.798 0.6000000238
21185  -17.179  -63.958  -32.551 0.5000000000
21187  -19.540  -63.362  -32.473 0.6000000238
21189  -21.116  -63.118  -32.978 0.6000000238
21204  -17.441  -63.828  -33.287 0.5000000000
21207  -20.398  -63.186  -33.488 0.6000000238
21222  -18.410  -63.591  -34.320 0.5000000000
21224  -20.467  -63.100  -34.188 0.6000000238
21253  -20.648  -63.350  -36.814 0.6000000238
21287  -19.755  -63.400  -38.701 0.5000000000
21288  -20.347  -63.085  -38.433 0.5000000000
21289  -21.151  -62.777  -38.135 0.5000000000
22118  -22.954  -62.630  -26.736 0.6000000238
22132  -22.366  -62.558  -27.253 0.6000000238
22173  -21.794  -62.813  -30.723 0.5000000000
22186  -22.102  -62.588  -31.537 0.5000000000
22220  -21.775  -62.702  -33.356 0.6000000238
22247  -21.954  -62.604  -35.096 0.6999999881
22248  -22.485  -62.187  -35.441 0.6999999881
22263  -21.917  -62.707  -36.433 0.6999999881
22264  -22.178  -62.294  -37.051 0.6000000238
22282  -21.821  -62.306  -37.834 0.6000000238
22296  -21.350  -62.071  -38.543 0.5000000000
23160  -22.289  -61.902  -27.568 0.6000000238
23170  -21.976  -61.944  -28.782 0.6000000238
23178  -22.170  -61.233  -29.030 0.5000000000
23229  -22.795  -61.471  -33.431 0.6999999881
23256  -22.997  -60.852  -34.974 0.6999999881
23287  -22.191  -61.660  -37.587 0.6000000238
23293  -21.364  -61.175  -38.824 0.5000000000
23294  -22.028  -61.021  -38.143 0.5000000000
24175  -22.324  -60.515  -29.374 0.6000000238
24184  -22.502  -60.462  -30.240 0.6000000238
24199  -22.688  -60.913  -31.817 0.6000000238
24221  -22.980  -60.413  -33.652 0.6000000238
24235  -22.982  -60.299  -34.501 0.6999999881
24270  -22.458  -60.564  -36.512 0.6000000238
24279  -22.026  -60.356  -37.859 0.6000000238
25206  -22.453  -59.117  -29.639 0.6999999881
25231  -22.605  -59.199  -31.322 0.6000000238
25246  -22.783  -59.274  -32.876 0.6000000238
25261  -19.166  -59.328  -34.833 0.6999999881
25263  -20.084  -59.127  -34.817 0.6999999881
25264  -22.741  -59.486  -34.671 0.6999999881
25282  -19.678  -59.282  -35.458 0.6000000238
25295  -18.650  -58.607  -36.608 0.5000000000
25309  -20.053  -58.938  -37.311 0.5000000000
25310  -20.760  -59.183  -37.851 0.5000000000
25311  -21.584  -59.623  -37.805 0.5000000000
26343  -22.674  -58.355  -31.869 0.6000000238
26361  -18.053  -58.570  -32.576 0.6000000238
26363  -19.351  -58.772  -33.483 0.6999999881
26372  -18.609  -59.203  -34.431 0.6999999881
26373  -19.713  -59.032  -34.221 0.6999999881
26375  -22.663  -58.507  -34.411 0.6999999881
26397  -21.690  -57.983  -35.570 0.6999999881
26399  -22.377  -58.880  -35.011 0.6999999881
26415  -20.725  -58.991  -36.090 0.6999999881
26417  -21.767  -59.141  -35.979 0.6999999881
27299  -22.474  -57.660  -28.733 0.5000000000
27316  -18.151  -57.223  -30.238 0.5000000000
27329  -22.651  -57.623  -30.566 0.5000000000
27344  -17.585  -57.934  -31.024 0.6000000238
27346  -19.109  -57.053  -31.970 0.6000000238
27359  -17.515  -58.195  -32.066 0.6000000238
27360  -18.743  -57.772  -31.903 0.6000000238
27362  -22.869  -56.948  -32.772 0.5000000000
27370  -19.644  -57.966  -33.223 0.6000000238
27371  -20.074  -57.800  -34.080 0.6999999881
27381  -20.476  -57.594  -34.764 0.6000000238
27393  -20.935  -57.941  -35.348 0.6999999881
27396  -22.452  -57.894  -34.869 0.6999999881
28255  -16.456  -56.913  -28.510 0.5000000000
28256  -17.012  -56.575  -28.716 0.5000000000
28265  -17.452  -56.901  -29.235 0.5000000000
28268  -23.001  -55.991  -29.207 0.5000000000
28281  -18.300  -56.671  -30.241 0.5000000000
28296  -23.156  -56.199  -31.255 0.5000000000
28320  -19.852  -57.169  -33.698 0.6000000238
28321  -23.041  -56.642  -33.422 0.6000000238
28343  -22.432  -56.040  -35.571 0.6000000238
28344  -22.978  -55.832  -35.114 0.6000000238
29221  -14.661  -55.691  -28.183 0.5000000000
29237  -23.429  -55.320  -29.727 0.5000000000
29251  -23.579  -54.900  -30.484 0.5000000000
29285  -19.382  -55.817  -33.292 0.6000000238
29286  -23.209  -55.336  -33.136 0.6000000238
29304  -22.618  -55.223  -35.637 0.6000000238
30252  -16.888  -54.331  -29.723 0.4000000060
30254  -18.081  -55.182  -30.653 0.4000000060
30260  -17.871  -54.232  -31.049 0.5000000000
30261  -18.421  -55.095  -31.453 0.6000000238
30263  -23.428  -54.585  -31.038 0.5000000000
30276  -18.684  -54.124  -33.128 0.6000000238
30288  -19.673  -54.674  -34.455 0.6000000238
30290  -23.497  -54.051  -34.350 0.6000000238
30297  -20.972  -53.947  -35.804 0.6000000238
30298  -21.979  -54.419  -36.130 0.6000000238
30299  -22.932  -54.481  -35.527 0.6000000238
30300  -23.287  -53.940  -35.155 0.6000000238
31154  -13.016  -54.258  -23.856 0.3000000119
31242  -15.195  -53.018  -30.157 0.5000000000
31251  -17.637  -53.314  -31.204 0.5000000000
31252  -23.030  -53.626  -31.929 0.6000000238
31266  -23.363  -53.353  -33.607 0.6999999881
31274  -19.181  -53.119  -34.175 0.6000000238
31276  -20.250  -53.568  -35.235 0.6000000238
32114  -9.906  -52.625  -23.287 0.3000000119
32225  -23.328  -53.109  -30.724 0.5000000000
32240  -19.129  -51.939  -33.857 0.6999999881
32247  -19.543  -52.480  -34.445 0.6000000238
32251  -23.288  -52.544  -34.176 0.6999999881
32258  -21.635  -52.578  -35.571 0.6000000238
32259  -22.396  -52.713  -35.518 0.6999999881
33091  -8.622  -50.758  -23.606 0.3000000119
33185  -15.764  -51.217  -30.997 0.4000000060
33208  -18.229  -51.757  -32.591 0.6000000238
33219  -22.845  -51.089  -33.733 0.6000000238
33220  -23.174  -51.590  -33.214 0.6000000238
33226  -20.651  -51.449  -34.546 0.6999999881
33227  -21.601  -51.367  -34.696 0.6999999881
33228  -22.470  -51.518  -34.454 0.6999999881
34027  -8.369  -50.455  -24.136 0.3000000119
34028  -8.879  -49.782  -24.287 0.4000000060
34031  -12.353  -50.113  -24.412 0.4000000060
34032  -13.204  -50.483  -24.773 0.4000000060
34061  -8.310  -50.474  -25.368 0.3000000119
34063  -9.622  -49.611  -26.754 0.4000000060
34117  -16.947  -50.216  -30.850 0.4000000060
34125  -18.025  -50.543  -31.430 0.5000000000
34126  -18.578  -50.409  -31.917 0.6999999881
34127  -23.028  -49.948  -31.873 0.5000000000
34128  -22.775  -50.731  -31.192 0.5000000000
34145  -18.991  -50.687  -33.255 0.6000000238
34147  -20.622  -50.135  -33.769 0.6000000238
34938  -9.353  -49.618  -24.053 0.4000000060
34954  -10.035  -48.947  -24.265 0.4000000060
34955  -11.038  -48.704  -24.362 0.4000000060
34956  -12.053  -49.066  -24.406 0.4000000060
34968  -8.908  -49.184  -25.255 0.4000000060
34998  -10.493  -49.610  -27.377 0.4000000060
35015  -12.200  -49.949  -28.664 0.4000000060
35033  -15.068  -49.380  -30.030 0.3000000119
35049  -15.513  -49.842  -30.612 0.3000000119
35053  -22.587  -49.133  -30.888 0.5000000000
35084  -19.232  -49.378  -32.474 0.6000000238
35092  -19.552  -49.624  -33.000 0.6000000238
35095  -22.039  -49.454  -33.495 0.6000000238
35880  -9.756  -48.464  -24.738 0.4000000060
35881  -10.939  -47.980  -24.839 0.4000000060
35893  -10.137  -47.990  -25.059 0.4000000060
35920  -24.549  -47.809  -26.785 0.4000000060
35933  -11.851  -48.366  -27.086 0.3000000119
35934  -12.559  -48.570  -27.705 0.4000000060
35935  -13.153  -48.014  -27.634 0.3000000119
35946  -12.616  -49.238  -28.264 0.3000000119
35950  -23.081  -48.707  -28.530 0.4000000060
35966  -15.340  -48.570  -29.626 0.3000000119
35987  -18.405  -48.379  -30.541 0.4000000060
36005  -19.351  -48.365  -31.591 0.4000000060
36006  -22.784  -48.219  -32.085 0.5000000000
36021  -22.228  -48.272  -32.803 0.5000000000
36027  -20.678  -48.855  -33.219 0.6000000238
36028  -21.631  -48.811  -33.377 0.5000000000
36889  -13.028  -47.348  -25.643 0.3000000119
36906  -12.443  -47.346  -26.100 0.4000000060
36924  -12.027  -47.737  -26.452 0.4000000060
36926  -13.114  -47.441  -27.070 0.3000000119
36941  -14.652  -46.945  -28.419 0.3000000119
36942  -22.092  -47.539  -28.917 0.4000000060
36961  -14.855  -47.923  -28.899 0.3000000119
36965  -21.815  -46.957  -29.937 0.4000000060
36981  -16.847  -47.957  -30.028 0.3000000119
36984  -19.404  -47.550  -31.196 0.4000000060
37003  -22.046  -46.851  -32.201 0.5000000000
37004  -22.474  -47.444  -31.667 0.4000000060
37020  -20.280  -47.406  -32.627 0.5000000000
37021  -20.959  -47.558  -32.869 0.5000000000
37946  -12.966  -47.058  -25.994 0.3000000119
37985  -14.267  -46.153  -27.550 0.3000000119
37987  -22.294  -47.045  -28.166 0.4000000060
38002  -14.095  -46.799  -27.849 0.3000000119
38028  -18.026  -45.819  -29.751 0.3000000119
38046  -18.759  -45.863  -30.112 0.3000000119
38047  -19.679  -45.817  -30.744 0.3000000119
38048  -21.680  -45.744  -31.183 0.4000000060
38067  -20.837  -45.794  -31.974 0.5000000000
39093  -21.551  -45.562  -27.692 0.3000000119
39134  -15.746  -45.800  -29.104 0.3000000119
39158  -21.162  -45.116  -31.364 0.4000000060
40065  -14.938  -44.640  -28.252 0.3000000119
40086  -16.738  -44.606  -29.376 0.3000000119
42050  -15.880  -42.234  -28.200 0.3000000119
42051  -16.644  -42.116  -28.707 0.3000000119
42922  -15.629  -41.401  -27.004 0.3000000119
42936  -15.773  -41.505  -27.700 0.3000000119
42958  -16.192  -40.944  -27.948 0.3000000119
122020  -20.211  -59.114  -36.194 0.6000000238
122185  -22.334  -59.709  -28.855 0.6000000238
122228  -20.998  -60.449  -39.160 0.5000000000
122820  -24.823  -69.827  -31.878 0.6999999881
123656  -22.836  -58.179  -33.807 0.6999999881
124158  -18.950  -63.366  -33.744 0.6000000238
124285  -16.059  -57.306  -28.619 0.5000000000
124621  -21.284  -63.275  -30.830 0.5000000000
125237  -21.013  -63.296  -32.121 0.5000000000
125319  -22.783  -58.720  -33.419 0.6999999881
125832  -28.045  -70.769  -35.650 0.4000000060
126022  -21.214  -67.122  -40.496 0.5000000000
126071  -14.187  -74.130  -37.004 0.5000000000
126159  -22.709  -61.735  -35.836 0.6999999881
126270  -20.251  -52.770  -34.973 0.6000000238
126497  -20.949  -44.784  -30.784 0.3000000119
126770  -25.860  -68.734  -29.202 0.6000000238
126966  -20.465  -68.073  -27.711 0.6000000238
127310  -16.038  -44.050  -28.913 0.3000000119
127547  -19.726  -66.219  -36.240 0.6000000238
127561  -20.264  -74.562  -43.942 0.5000000000
127704  -22.497  -58.330  -30.090 0.6999999881
127772  -22.324  -62.277  -32.167 0.6000000238
128208  -23.193  -55.029  -31.597 0.5000000000
128419  -22.379  -58.405  -28.307 0.5000000000
128639  -17.512  -57.905  -35.011 0.5000000000
128653  -20.978  -70.757  -43.660 0.4000000060
128718  -18.518  -65.864  -28.291 0.6000000238
128859  -11.365  -75.627  -36.535 0.5000000000
129071  -22.756  -48.910  -32.494 0.5000000000
129401  -18.381  -53.809  -32.416 0.6000000238
129619  -18.115  -58.535  -35.150 0.6000000238
129720  -17.951  -58.802  -33.397 0.6000000238
129939  -22.721  -58.453  -32.716 0.6999999881
130098  -10.198  -51.863  -23.382 0.3000000119
130247  -17.179  -66.709  -34.200 0.6999999881
130594  -18.477  -59.163  -33.754 0.6000000238
130860  -23.049  -49.473  -32.328 0.5000000000
131499  -19.327  -65.640  -35.225 0.6000000238
131775  -25.147  -74.277  -35.105 0.3000000119
131779  -22.743  -57.625  -32.390 0.6999999881
132438  -20.004  -55.975  -34.565 0.6000000238
132851  -18.833  -66.005  -33.177 0.6999999881
133090  -21.551  -64.336  -27.333 0.6000000238
133809  -15.582  -47.851  -29.373 0.3000000119
134282  -22.138  -73.827  -43.611 0.5000000000
134468  -22.425  -62.226  -36.227 0.6999999881
134858  -22.013  -62.288  -30.097 0.6000000238
134915  -22.961  -59.744  -34.088 0.6999999881
135107  -27.510  -70.123  -32.654 0.5000000000
135213  -23.251  -55.645  -31.459 0.5000000000
135512  -19.338  -73.700  -44.340 0.6000000238
135563  -17.452  -74.936  -43.509 0.5000000000
136006  -19.417  -46.735  -31.005 0.3000000119
136138  -19.311  -67.672  -36.106 0.6000000238
136315  -27.614  -70.425  -33.286 0.5000000000
136546  -25.905  -65.864  -32.661 0.4000000060
137447  -16.635  -57.340  -29.212 0.5000000000
137600  -17.734  -57.171  -29.780 0.5000000000
139137  -13.752  -47.354  -25.614 0.3000000119
139176  -25.152  -70.116  -34.703 0.5000000000
139480  -20.230  -52.077  -34.719 0.6000000238
140363  -18.310  -67.088  -28.208 0.6000000238
140532  -27.490  -75.247  -41.149 0.3000000119
141652  -19.405  -48.798  -32.261 0.5000000000
141681  -19.738  -46.824  -31.776 0.4000000060
141757  -17.414  -50.633  -31.143 0.5000000000
141784  -20.070  -63.217  -34.790 0.6000000238
141857  -22.099  -59.189  -35.579 0.6999999881
141912  -14.802  -67.129  -30.980 0.6000000238
141929  -21.690  -58.662  -35.731 0.6999999881
142267  -26.769  -66.949  -31.749 0.5000000000
143291  -20.376  -64.531  -28.547 0.6000000238
143478  -22.822  -66.385  -34.067 0.6000000238
143511  -23.314  -55.652  -34.583 0.6000000238
143603  -19.816  -66.351  -38.457 0.5000000000
143657  -28.106  -68.960  -39.147 0.5000000000
143698  -16.238  -54.195  -29.464 0.5000000000
143720  -14.202  -73.817  -38.258 0.4000000060
143751  -18.826  -55.413  -32.096 0.5000000000
143752  -22.314  -59.856  -28.054 0.5000000000
144054  -26.044  -66.047  -41.371 0.4000000060
144087  -22.877  -52.175  -31.810 0.6000000238
144098  -21.206  -66.796  -32.007 0.6000000238
144750  -14.163  -72.399  -41.667 0.5000000000
145147  -21.491  -74.101  -41.737 0.4000000060
145285  -24.919  -71.744  -43.658 0.3000000119
145561  -17.948  -53.691  -31.532 0.6000000238
145613  -19.361  -67.886  -27.933 0.6000000238
145823  -23.915  -67.925  -36.094 0.6000000238
145836  -24.730  -72.152  -43.779 0.3000000119
