#!ascii label  , from subject sub-v1s0x0050642_ses-1 vox2ras=TkReg
1993
8810  -6.081  -77.963  -40.938 0.5000000000
7273  -2.869  -79.842  -38.246 0.5000000000
136463  -2.948  -79.669  -37.415 0.5000000000
6472  -2.295  -79.831  -36.844 0.5000000000
10406  -6.982  -75.430  -43.150 0.5000000000
9587  -6.915  -76.034  -42.863 0.5000000000
10390  -7.555  -75.659  -42.524 0.5000000000
125123  -7.066  -76.789  -41.355 0.5000000000
10377  -7.987  -75.646  -41.498 0.6000000238
8811  -6.517  -77.528  -40.448 0.5000000000
122459  -0.870  -80.065  -36.127 0.5000000000
7275  -4.117  -79.219  -38.829 0.5000000000
6460  -1.243  -80.071  -35.355 0.5000000000
7263  -4.136  -79.146  -37.841 0.6000000238
7248  -2.562  -79.477  -36.000 0.6000000238
132945  -5.337  -78.407  -37.734 0.6000000238
7249  -3.324  -79.357  -36.646 0.6000000238
7234  -2.896  -79.399  -35.075 0.6999999881
8033  -5.222  -78.401  -36.916 0.6999999881
127958  -3.295  -79.235  -35.738 0.6999999881
8027  -5.188  -78.360  -36.065 0.6999999881
8016  -4.584  -78.685  -35.538 0.6999999881
7235  -3.817  -79.066  -35.017 0.6999999881
11233  -8.033  -74.337  -43.458 0.5000000000
11214  -8.553  -74.592  -42.586 0.6000000238
12085  -8.959  -73.975  -42.992 0.6000000238
11215  -9.229  -74.054  -41.858 0.6000000238
8052  -5.584  -78.382  -39.472 0.5000000000
6445  -1.798  -80.262  -34.679 0.5000000000
5711  -1.712  -81.183  -34.329 0.5000000000
5021  -4.137  -82.193  -34.635 0.6999999881
5702  -3.349  -80.941  -33.756 0.6999999881
5713  -3.690  -81.671  -34.016 0.6999999881
8040  -5.483  -78.384  -38.594 0.6000000238
123762  -6.217  -77.886  -38.964 0.6999999881
6432  -3.842  -80.514  -33.574 0.6999999881
8774  -6.412  -77.651  -37.399 0.6999999881
8763  -6.222  -77.718  -36.592 0.6999999881
7208  -4.737  -79.691  -33.522 0.6999999881
9496  -6.440  -77.525  -35.649 0.6999999881
8017  -5.279  -78.355  -35.060 0.6999999881
8003  -4.683  -78.800  -34.562 0.6999999881
120986  -6.117  -78.889  -33.451 0.6999999881
8753  -6.830  -77.414  -34.693 0.6999999881
8004  -6.237  -78.437  -33.739 0.6999999881
8740  -7.456  -77.433  -33.803 0.6999999881
12110  -8.442  -73.145  -44.152 0.5000000000
138578  -9.012  -72.623  -44.206 0.6000000238
13715  -9.945  -71.550  -44.264 0.6000000238
12946  -9.953  -72.781  -43.016 0.6000000238
12947  -10.580  -72.423  -42.506 0.6000000238
10378  -8.474  -75.046  -41.504 0.6000000238
12087  -10.054  -72.950  -42.082 0.6000000238
9547  -7.608  -76.201  -39.966 0.6000000238
5036  -4.497  -82.357  -35.482 0.6999999881
9546  -7.244  -76.726  -39.290 0.6999999881
135164  -4.542  -81.622  -34.106 0.6999999881
5723  -5.065  -81.899  -35.863 0.6999999881
134421  -5.717  -81.436  -36.426 0.6999999881
126279  -7.743  -76.113  -39.226 0.6999999881
5724  -5.596  -81.529  -35.330 0.6999999881
5743  -6.078  -80.968  -37.219 0.6999999881
9525  -7.158  -76.910  -38.364 0.6999999881
9526  -7.638  -76.315  -38.547 0.6999999881
5704  -4.951  -81.034  -33.702 0.6999999881
6448  -5.686  -80.792  -33.902 0.6999999881
5725  -6.193  -81.019  -35.742 0.6999999881
5734  -6.300  -80.902  -36.527 0.6999999881
9516  -7.040  -77.055  -37.403 0.6999999881
10321  -8.035  -75.926  -37.768 0.6999999881
6434  -5.959  -80.079  -33.522 0.6999999881
6462  -7.089  -80.282  -35.042 0.6999999881
122942  -7.574  -76.535  -35.687 0.6999999881
7210  -6.540  -79.297  -33.451 0.6999999881
6449  -6.502  -80.442  -34.224 0.6999999881
135007  -7.470  -76.864  -34.853 0.6999999881
7987  -6.827  -78.665  -33.354 0.6999999881
7226  -7.584  -79.626  -33.881 0.6999999881
9486  -7.931  -76.759  -34.207 0.6999999881
7988  -7.710  -78.627  -33.242 0.6999999881
9469  -8.260  -77.160  -33.380 0.6999999881
132804  -8.533  -71.734  -44.749 0.5000000000
14566  -9.559  -70.791  -44.596 0.6000000238
15447  -10.237  -70.239  -44.249 0.6000000238
136158  -9.911  -69.815  -44.159 0.5000000000
15434  -11.588  -69.460  -43.629 0.6000000238
15431  -7.886  -69.756  -43.568 0.5000000000
14565  -8.825  -70.839  -44.668 0.5000000000
13717  -11.341  -70.785  -43.459 0.6000000238
15410  -12.673  -69.021  -42.755 0.6000000238
141440  -11.749  -71.132  -42.865 0.6000000238
13705  -12.072  -70.465  -43.134 0.6000000238
11196  -9.322  -73.943  -40.725 0.6000000238
10352  -8.461  -75.054  -39.967 0.6999999881
12051  -9.824  -73.319  -40.610 0.6999999881
10336  -8.524  -75.080  -39.121 0.6999999881
11177  -9.202  -74.074  -39.974 0.6999999881
6496  -6.562  -80.478  -37.824 0.6999999881
129259  -8.570  -75.211  -38.250 0.6999999881
11163  -9.370  -73.921  -39.302 0.6999999881
6484  -7.013  -80.159  -37.163 0.6999999881
6497  -6.939  -80.103  -38.590 0.6999999881
11135  -9.418  -74.147  -37.920 0.6999999881
7251  -7.498  -79.894  -35.745 0.6999999881
7264  -7.477  -79.612  -37.425 0.6999999881
6505  -6.756  -80.216  -39.403 0.6999999881
123610  -8.629  -75.506  -35.885 0.6000000238
7236  -7.667  -79.825  -34.790 0.6999999881
7252  -7.978  -79.242  -36.727 0.6999999881
7265  -7.919  -79.038  -37.732 0.6999999881
7292  -7.708  -79.235  -39.076 0.6999999881
6517  -7.139  -79.821  -40.015 0.6999999881
9498  -8.100  -76.230  -35.112 0.6999999881
7227  -8.366  -79.415  -34.316 0.6999999881
128747  -8.756  -79.059  -35.151 0.6000000238
8019  -8.684  -78.748  -36.179 0.6999999881
8028  -8.446  -78.633  -37.242 0.6999999881
10290  -9.126  -75.552  -34.115 0.6000000238
8724  -7.987  -77.915  -33.096 0.6999999881
7972  -9.019  -78.137  -32.833 0.6999999881
142975  -8.685  -79.014  -33.610 0.6999999881
8741  -9.572  -78.437  -33.766 0.6000000238
8020  -9.205  -78.550  -35.348 0.6000000238
10276  -9.728  -76.016  -32.499 0.6000000238
9453  -9.375  -77.038  -32.589 0.6000000238
8725  -9.594  -78.055  -33.077 0.6000000238
9487  -10.658  -77.186  -33.650 0.5000000000
8754  -9.634  -78.289  -34.634 0.5000000000
145834  -9.961  -77.738  -34.929 0.5000000000
10266  -10.246  -76.020  -32.196 0.6000000238
9456  -11.159  -75.663  -32.172 0.5000000000
9472  -10.739  -76.801  -32.655 0.5000000000
15433  -10.718  -69.543  -43.849 0.6000000238
16395  -10.307  -68.429  -43.012 0.6000000238
17367  -12.124  -68.052  -42.191 0.5000000000
120973  -12.538  -66.696  -41.350 0.6999999881
15432  -9.062  -69.765  -43.971 0.5000000000
17364  -9.538  -67.740  -42.373 0.6000000238
132238  -10.489  -67.724  -42.521 0.6000000238
17362  -7.031  -67.588  -42.348 0.6000000238
16393  -7.777  -68.385  -42.669 0.6000000238
16382  -12.545  -68.532  -41.864 0.4000000060
17348  -8.866  -67.094  -41.834 0.6000000238
14534  -12.927  -69.648  -42.373 0.5000000000
13695  -12.299  -71.031  -42.255 0.6000000238
13694  -11.830  -71.742  -41.548 0.6000000238
134838  -10.075  -73.149  -39.988 0.6999999881
12920  -10.460  -72.795  -40.580 0.6000000238
12035  -9.974  -73.309  -39.201 0.6999999881
11120  -9.512  -74.283  -37.041 0.6000000238
12003  -9.955  -73.615  -37.689 0.6000000238
10303  -9.198  -75.134  -35.092 0.6000000238
8029  -9.007  -78.154  -36.924 0.6000000238
8035  -8.779  -78.137  -37.807 0.6000000238
8041  -8.558  -78.288  -38.694 0.6999999881
140924  -8.135  -78.753  -39.413 0.6999999881
8067  -8.028  -78.880  -40.273 0.6999999881
11093  -9.660  -74.859  -34.201 0.6000000238
8765  -10.121  -77.184  -35.831 0.6000000238
7305  -7.559  -79.414  -40.624 0.6999999881
11083  -10.774  -74.829  -32.379 0.6000000238
9499  -10.832  -76.666  -34.914 0.4000000060
9508  -10.648  -76.503  -36.014 0.4000000060
8776  -9.856  -77.172  -36.922 0.5000000000
8775  -9.380  -77.560  -37.557 0.6000000238
8053  -9.009  -77.717  -39.160 0.6000000238
8068  -8.425  -78.406  -40.724 0.6000000238
11073  -11.333  -75.031  -32.196 0.5000000000
10278  -11.874  -75.233  -32.304 0.5000000000
10291  -11.962  -75.683  -33.003 0.5000000000
9488  -11.393  -76.440  -33.497 0.5000000000
9518  -10.892  -75.897  -37.207 0.4000000060
142810  -10.045  -76.605  -38.381 0.6000000238
144735  -13.498  -65.597  -41.153 0.6000000238
18324  -11.816  -67.273  -42.135 0.6000000238
18283  -14.996  -65.938  -40.035 0.6000000238
17349  -10.130  -66.988  -42.049 0.6000000238
19285  -11.333  -66.082  -41.445 0.5000000000
129785  -12.490  -64.651  -40.461 0.6000000238
20255  -11.947  -64.197  -39.809 0.6000000238
18298  -12.345  -67.211  -40.954 0.6000000238
18314  -8.200  -66.557  -41.294 0.6999999881
20261  -10.757  -65.007  -40.154 0.6000000238
20254  -11.029  -64.270  -39.629 0.6000000238
16369  -12.119  -68.364  -41.098 0.5000000000
18281  -12.788  -66.824  -40.134 0.6000000238
18296  -7.707  -66.054  -40.797 0.6000000238
20253  -10.074  -64.480  -39.630 0.6999999881
14524  -13.354  -69.836  -41.511 0.5000000000
20259  -8.910  -65.246  -40.146 0.6999999881
13687  -12.715  -71.240  -41.181 0.6000000238
142555  -7.988  -64.432  -39.386 0.6000000238
12904  -10.595  -72.820  -39.625 0.6000000238
13686  -11.894  -71.908  -40.636 0.6000000238
13675  -11.957  -72.040  -39.769 0.6000000238
12885  -10.668  -72.872  -38.658 0.6000000238
11985  -10.103  -73.713  -36.835 0.6000000238
11121  -10.574  -73.511  -36.093 0.6000000238
12823  -12.632  -72.671  -34.214 0.6000000238
11094  -10.303  -74.123  -34.288 0.6000000238
137884  -13.070  -72.783  -33.027 0.6000000238
11084  -11.448  -74.259  -32.372 0.6000000238
8783  -9.545  -77.173  -38.560 0.6000000238
8800  -9.494  -77.042  -39.707 0.6000000238
8799  -8.823  -77.815  -40.153 0.6000000238
139348  -12.557  -73.923  -32.332 0.5000000000
10279  -12.603  -74.986  -32.886 0.5000000000
129222  -12.538  -75.364  -33.815 0.5000000000
8825  -9.133  -77.281  -41.949 0.6000000238
9529  -10.999  -75.657  -38.044 0.4000000060
9548  -10.038  -76.211  -39.659 0.6000000238
19289  -13.915  -65.165  -41.005 0.6000000238
136467  -15.217  -64.486  -40.608 0.5000000000
19283  -15.871  -64.703  -40.430 0.6000000238
19270  -16.362  -65.365  -39.755 0.5000000000
20263  -13.208  -65.076  -41.053 0.6000000238
21298  -14.931  -63.380  -40.083 0.6000000238
18301  -14.899  -65.557  -40.340 0.5000000000
19269  -15.498  -65.447  -40.144 0.5000000000
124772  -14.961  -66.149  -39.482 0.5000000000
142610  -13.472  -63.620  -40.261 0.5000000000
20264  -13.593  -64.349  -40.715 0.6000000238
21297  -13.045  -63.271  -39.648 0.5000000000
18282  -14.096  -66.252  -39.910 0.6000000238
21293  -9.458  -63.814  -39.254 0.6999999881
21294  -10.397  -63.849  -39.175 0.6000000238
21282  -9.938  -63.251  -38.710 0.6000000238
14515  -13.681  -70.016  -40.671 0.5000000000
21291  -7.377  -63.935  -38.953 0.5000000000
21292  -8.416  -63.832  -39.159 0.6999999881
143481  -12.549  -71.578  -40.268 0.5000000000
12906  -12.093  -72.109  -38.921 0.5000000000
12871  -10.984  -72.788  -37.830 0.6000000238
12855  -12.707  -72.544  -36.207 0.6000000238
11974  -11.340  -73.123  -35.517 0.5000000000
12840  -13.129  -72.460  -35.138 0.6000000238
12822  -11.841  -73.011  -34.545 0.6000000238
11949  -13.607  -73.325  -32.555 0.5000000000
10337  -11.085  -75.349  -38.849 0.5000000000
137312  -11.164  -75.025  -39.514 0.5000000000
9565  -10.273  -75.695  -40.426 0.6000000238
9575  -9.569  -76.596  -41.665 0.6000000238
21300  -16.895  -63.283  -40.206 0.6000000238
20266  -16.647  -64.582  -40.141 0.6000000238
126998  -16.407  -62.579  -39.853 0.6000000238
122683  -16.324  -66.088  -38.959 0.5000000000
130959  -13.892  -63.150  -39.879 0.6000000238
21286  -13.469  -62.769  -39.062 0.6999999881
18266  -14.347  -66.391  -38.968 0.6000000238
22291  -12.254  -62.742  -38.099 0.6000000238
21285  -12.651  -63.026  -38.825 0.6000000238
18265  -13.229  -66.677  -39.192 0.6000000238
22288  -9.392  -62.585  -38.168 0.6000000238
22278  -11.833  -62.347  -37.491 0.6000000238
126045  -12.861  -68.823  -40.462 0.5000000000
13676  -12.771  -71.592  -39.510 0.5000000000
21280  -6.817  -63.446  -38.296 0.5000000000
133888  -7.785  -63.274  -38.543 0.6000000238
133930  -11.607  -72.535  -37.731 0.5000000000
12874  -13.233  -72.202  -36.988 0.6000000238
12873  -12.231  -72.478  -37.191 0.5000000000
12841  -14.058  -72.029  -34.942 0.5000000000
12824  -13.567  -72.348  -33.953 0.5000000000
10353  -11.650  -74.594  -39.888 0.6000000238
10365  -10.897  -74.990  -40.329 0.6000000238
22299  -17.399  -62.561  -39.933 0.6000000238
21301  -17.818  -63.346  -39.934 0.5000000000
123600  -17.981  -64.119  -39.518 0.5000000000
23295  -16.802  -61.868  -39.462 0.6999999881
19253  -17.624  -65.456  -38.646 0.5000000000
22293  -14.780  -61.954  -38.745 0.6999999881
22294  -15.836  -61.929  -39.177 0.6000000238
19234  -17.613  -65.736  -37.662 0.5000000000
22292  -13.110  -62.612  -38.166 0.6000000238
18268  -16.150  -66.312  -38.001 0.5000000000
18247  -13.962  -66.413  -37.429 0.6000000238
23282  -12.262  -61.934  -36.945 0.6999999881
131382  -12.326  -66.886  -38.313 0.6000000238
23281  -11.433  -61.880  -37.029 0.6000000238
16339  -11.701  -68.236  -39.335 0.6000000238
23279  -8.997  -61.307  -37.029 0.6999999881
22276  -9.915  -62.003  -37.440 0.6999999881
135354  -13.988  -70.175  -39.807 0.5000000000
16353  -13.512  -69.030  -39.747 0.5000000000
21267  -7.102  -62.644  -37.918 0.6000000238
123733  -13.612  -71.019  -39.292 0.5000000000
125915  -6.728  -62.014  -37.072 0.5000000000
13667  -13.831  -71.092  -38.546 0.6000000238
13654  -13.005  -71.693  -38.549 0.5000000000
22273  -6.625  -62.940  -37.025 0.6000000238
141430  -12.847  -72.058  -37.727 0.5000000000
12856  -13.641  -72.228  -36.038 0.6000000238
12842  -15.092  -71.576  -35.073 0.5000000000
23297  -18.525  -61.753  -39.724 0.6999999881
22300  -18.455  -62.934  -39.800 0.5000000000
20258  -18.755  -64.111  -39.084 0.5000000000
24288  -17.660  -60.564  -38.646 0.8000000119
23291  -18.075  -61.163  -39.246 0.6999999881
20244  -18.819  -64.484  -38.402 0.5000000000
19235  -18.261  -65.111  -38.057 0.5000000000
24276  -15.385  -60.216  -37.683 0.6999999881
24286  -15.835  -60.719  -38.234 0.6999999881
23289  -16.301  -61.296  -38.796 0.8000000119
22281  -14.177  -61.845  -37.833 0.6999999881
19221  -18.180  -65.244  -37.006 0.5000000000
23271  -13.407  -61.228  -36.582 0.6999999881
23283  -13.807  -61.637  -37.119 0.6999999881
18248  -15.133  -66.358  -37.533 0.6000000238
19233  -16.793  -66.120  -37.348 0.5000000000
142196  -11.319  -60.785  -36.540 0.6000000238
129989  -11.790  -61.392  -36.650 0.6000000238
18245  -11.775  -67.204  -37.573 0.6000000238
24264  -10.496  -60.477  -36.536 0.6999999881
23269  -10.972  -61.287  -36.759 0.6999999881
16354  -13.744  -69.012  -38.876 0.6000000238
16340  -12.033  -68.593  -38.853 0.6000000238
142181  -8.261  -60.857  -36.670 0.6000000238
144732  -14.140  -69.229  -38.450 0.6000000238
13655  -13.707  -71.508  -37.733 0.6000000238
126568  -6.643  -63.247  -36.403 0.6000000238
13656  -14.521  -70.891  -37.264 0.6000000238
13644  -14.864  -71.156  -36.308 0.5000000000
24289  -18.491  -60.529  -38.858 0.6000000238
24292  -18.924  -61.067  -39.594 0.5000000000
22301  -19.611  -62.281  -39.585 0.5000000000
20229  -19.363  -64.098  -37.829 0.5000000000
24277  -16.299  -59.984  -37.935 0.8000000119
20216  -18.619  -64.574  -36.468 0.5000000000
24269  -14.943  -59.760  -37.047 0.6999999881
122422  -14.445  -66.250  -36.823 0.6000000238
20155  -9.546  -64.339  -32.636 0.6000000238
129879  -13.084  -59.995  -36.019 0.8000000119
21202  -9.451  -63.097  -33.330 0.6000000238
25289  -11.156  -59.878  -36.295 0.6999999881
25280  -12.693  -59.260  -35.779 0.8000000119
18246  -12.695  -66.625  -37.399 0.6000000238
21200  -7.932  -64.229  -33.951 0.6000000238
24263  -9.588  -60.277  -36.339 0.6000000238
16341  -13.004  -68.722  -38.488 0.6000000238
16327  -12.985  -68.651  -37.681 0.6000000238
22232  -7.215  -62.228  -34.866 0.6000000238
22245  -6.783  -62.073  -35.622 0.6000000238
24250  -7.273  -60.655  -35.945 0.6000000238
135816  -14.443  -69.286  -37.698 0.6000000238
16328  -14.101  -68.786  -37.390 0.6000000238
23253  -6.698  -61.657  -36.307 0.5000000000
14482  -15.112  -70.304  -36.727 0.5000000000
14470  -15.569  -69.848  -36.160 0.5000000000
15328  -15.352  -69.278  -36.253 0.5000000000
24291  -20.272  -60.301  -39.375 0.5000000000
22303  -20.748  -61.767  -39.218 0.5000000000
25321  -18.143  -60.009  -38.348 0.6000000238
25323  -19.786  -59.673  -38.655 0.5000000000
25305  -15.817  -59.419  -37.441 0.8000000119
127075  -17.683  -59.012  -37.538 0.6999999881
25293  -15.442  -58.977  -36.892 0.8000000119
25292  -14.371  -59.582  -36.395 0.8000000119
127093  -16.264  -65.775  -36.404 0.6000000238
20199  -18.321  -64.335  -35.582 0.5000000000
124340  -11.247  -63.632  -31.303 0.6000000238
26410  -14.192  -58.728  -36.047 0.8000000119
134613  -16.035  -65.202  -35.489 0.5000000000
22219  -10.565  -61.986  -33.241 0.6999999881
21183  -11.186  -63.174  -32.095 0.6000000238
25279  -11.588  -59.116  -35.768 0.8000000119
18228  -12.072  -67.033  -36.502 0.6000000238
18230  -14.409  -66.003  -36.099 0.6000000238
19219  -15.272  -65.618  -35.851 0.6000000238
23226  -9.240  -61.468  -33.728 0.6000000238
16292  -11.787  -68.123  -36.135 0.6000000238
17288  -11.486  -67.680  -37.032 0.6000000238
18214  -13.631  -66.147  -35.541 0.6000000238
21220  -7.951  -62.426  -34.241 0.6000000238
24252  -8.818  -59.890  -35.706 0.6000000238
25278  -10.425  -59.018  -35.590 0.5000000000
16294  -12.788  -68.511  -35.662 0.6000000238
24232  -7.473  -60.734  -35.170 0.6000000238
15327  -14.882  -69.004  -36.962 0.6000000238
16314  -14.194  -68.672  -36.523 0.6000000238
16315  -15.147  -68.780  -36.184 0.5000000000
16296  -15.419  -68.384  -35.313 0.5000000000
16316  -15.954  -68.960  -35.497 0.5000000000
16297  -16.666  -68.344  -35.174 0.5000000000
144217  -18.805  -58.819  -37.557 0.6000000238
26424  -17.439  -58.454  -37.032 0.6999999881
22157  -10.723  -63.223  -29.734 0.6000000238
21158  -11.407  -63.552  -30.635 0.6000000238
121803  -14.910  -58.741  -36.498 0.8000000119
20198  -17.542  -64.652  -35.268 0.5000000000
22185  -12.070  -62.474  -31.291 0.6000000238
26393  -14.921  -57.949  -36.122 0.8000000119
20185  -16.458  -64.534  -34.248 0.5000000000
22201  -12.049  -62.345  -32.052 0.6999999881
27388  -13.436  -57.375  -35.468 0.8000000119
19201  -14.465  -65.730  -35.337 0.6000000238
19184  -15.868  -64.911  -34.659 0.6000000238
23227  -10.516  -60.833  -33.378 0.8000000119
26391  -11.995  -58.314  -35.344 0.6999999881
18212  -12.129  -67.368  -35.535 0.6000000238
18196  -13.550  -66.434  -34.081 0.6000000238
24218  -9.591  -59.672  -33.715 0.6999999881
24234  -8.781  -59.621  -34.387 0.6999999881
25277  -9.361  -59.027  -35.074 0.6000000238
17252  -12.126  -67.972  -34.926 0.6000000238
18179  -13.244  -67.182  -33.170 0.6000000238
132912  -8.151  -60.830  -34.362 0.6000000238
17233  -12.903  -67.965  -33.349 0.5000000000
16280  -13.356  -68.608  -34.100 0.5000000000
26425  -18.319  -58.613  -37.216 0.6000000238
26414  -19.097  -58.734  -37.245 0.5000000000
21127  -9.021  -63.275  -29.191 0.6000000238
26413  -17.903  -58.209  -36.559 0.6999999881
21140  -9.820  -62.965  -29.800 0.6000000238
26412  -17.043  -57.817  -36.434 0.6999999881
26394  -17.684  -57.880  -35.870 0.6000000238
22171  -11.450  -62.823  -30.395 0.6000000238
22170  -10.671  -62.417  -30.319 0.6000000238
27404  -16.450  -57.397  -36.051 0.6000000238
143723  -16.248  -56.854  -35.009 0.6999999881
24212  -12.383  -60.816  -32.161 0.8000000119
124598  -14.179  -56.965  -35.552 0.6999999881
28332  -16.042  -56.761  -34.395 0.6000000238
23228  -11.990  -60.857  -32.827 0.8000000119
27377  -12.645  -56.830  -34.929 0.8000000119
28329  -13.177  -56.100  -34.495 0.6999999881
25249  -9.994  -59.006  -33.437 0.6999999881
26359  -9.519  -58.456  -33.926 0.6999999881
27376  -10.683  -57.086  -34.192 0.6000000238
126673  -11.613  -56.734  -34.433 0.8000000119
22156  -7.920  -63.036  -29.903 0.6000000238
128444  -9.321  -62.509  -30.615 0.6000000238
23188  -10.953  -61.753  -30.794 0.6999999881
28318  -16.145  -56.981  -33.461 0.6000000238
23202  -11.638  -61.286  -31.147 0.6999999881
25230  -11.793  -60.062  -31.587 0.6999999881
29283  -14.907  -56.193  -33.750 0.6999999881
29282  -14.387  -55.969  -33.305 0.6000000238
25244  -12.107  -60.110  -31.989 0.8000000119
126205  -10.780  -58.493  -32.263 0.6000000238
27356  -10.480  -57.639  -32.740 0.5000000000
29281  -13.455  -55.655  -33.234 0.6999999881
139264  -13.913  -55.830  -32.605 0.6999999881
129332  -15.292  -56.716  -32.213 0.6000000238
25250  -11.195  -59.413  -32.493 0.8000000119
28314  -11.026  -56.308  -32.688 0.6000000238
28327  -11.154  -56.430  -33.637 0.6000000238
21126  -7.013  -63.148  -29.209 0.6000000238
22167  -6.768  -62.329  -31.044 0.6000000238
23199  -8.176  -61.675  -31.626 0.6999999881
134735  -8.287  -62.604  -30.777 0.6000000238
22184  -9.818  -61.957  -30.985 0.6999999881
23201  -10.349  -61.204  -31.146 0.6999999881
24197  -11.330  -60.511  -31.255 0.6999999881
25229  -10.730  -59.658  -31.188 0.6000000238
129232  -15.797  -56.824  -32.826 0.6000000238
25243  -11.209  -59.367  -31.768 0.6000000238
28304  -11.254  -56.549  -31.924 0.6000000238
27342  -16.634  -57.653  -30.899 0.5000000000
137225  -15.239  -56.919  -30.906 0.6000000238
27327  -16.876  -57.491  -30.019 0.5000000000
27315  -17.248  -57.295  -29.539 0.5000000000
144442  -13.952  -56.904  -30.321 0.6000000238
27314  -15.996  -57.444  -29.259 0.5000000000
23186  -5.072  -62.012  -30.853 0.6000000238
22166  -6.005  -62.414  -30.507 0.6000000238
22182  -7.645  -62.139  -31.403 0.6999999881
23198  -6.713  -61.705  -31.642 0.6999999881
24195  -8.220  -60.957  -31.831 0.6999999881
132211  -9.280  -60.906  -31.467 0.6999999881
128005  -8.831  -60.151  -31.536 0.6000000238
24196  -10.052  -60.406  -31.169 0.5000000000
26329  -10.461  -58.736  -30.136 0.6999999881
131181  -10.553  -58.231  -29.433 0.6000000238
26340  -11.097  -58.241  -30.586 0.6000000238
27323  -11.605  -57.555  -30.288 0.6000000238
27309  -11.746  -57.623  -29.204 0.6000000238
28278  -13.228  -56.504  -30.676 0.6000000238
27325  -13.365  -57.228  -29.573 0.5000000000
27296  -14.644  -57.619  -28.219 0.5000000000
28254  -15.780  -56.929  -28.174 0.5000000000
24183  -2.220  -60.356  -30.821 0.6999999881
25216  -3.062  -59.390  -31.031 0.6999999881
26325  -2.693  -59.273  -30.302 0.6999999881
123509  -4.481  -61.473  -31.442 0.6000000238
24193  -3.516  -60.339  -31.772 0.6999999881
26326  -3.552  -58.952  -30.489 0.6999999881
27291  -4.035  -58.502  -29.307 0.6999999881
27292  -4.595  -57.634  -28.653 0.6000000238
23197  -5.222  -61.412  -31.694 0.6999999881
24207  -4.123  -59.934  -32.129 0.6999999881
145284  -4.100  -59.138  -31.811 0.6999999881
27306  -4.139  -58.432  -29.989 0.6999999881
24209  -6.273  -60.195  -32.497 0.6999999881
24208  -4.871  -59.884  -32.402 0.6999999881
26327  -4.343  -58.502  -30.806 0.6999999881
25242  -8.136  -59.430  -31.884 0.6999999881
25227  -8.847  -59.334  -31.255 0.6000000238
25217  -9.462  -59.048  -30.572 0.6000000238
27308  -10.632  -57.705  -28.898 0.6000000238
28264  -10.513  -56.795  -28.924 0.6000000238
26330  -11.070  -58.201  -29.631 0.6000000238
26317  -11.058  -58.024  -28.943 0.6000000238
28252  -12.119  -57.215  -28.111 0.6000000238
143164  -12.192  -57.394  -28.238 0.5000000000
28253  -12.886  -57.031  -27.758 0.6000000238
29206  -12.826  -56.212  -27.859 0.6000000238
27311  -13.160  -57.516  -28.571 0.5000000000
27281  -13.678  -57.307  -27.798 0.5000000000
29207  -13.629  -56.725  -27.693 0.5000000000
24182  -1.681  -60.026  -30.307 0.6999999881
26314  -3.208  -58.952  -29.718 0.6999999881
26303  -3.302  -58.855  -29.070 0.6000000238
27280  -4.501  -58.257  -28.107 0.6000000238
28237  -4.785  -57.176  -27.679 0.6000000238
28227  -4.871  -56.414  -26.953 0.4000000060
28273  -5.284  -57.186  -29.821 0.6000000238
27307  -4.675  -57.717  -29.482 0.5000000000
28249  -4.870  -56.466  -28.183 0.5000000000
29205  -5.138  -55.278  -27.112 0.4000000060
29191  -5.486  -55.153  -25.798 0.5000000000
24210  -7.161  -60.594  -32.225 0.6999999881
127624  -5.603  -59.811  -32.598 0.8000000119
27335  -5.287  -58.108  -32.174 0.6999999881
28261  -5.685  -56.448  -29.475 0.5000000000
28250  -5.385  -56.030  -28.645 0.4000000060
30212  -5.604  -54.882  -27.548 0.4000000060
30197  -5.455  -54.656  -26.788 0.4000000060
31202  -6.220  -53.618  -26.554 0.4000000060
25241  -6.870  -59.761  -32.528 0.8000000119
26351  -6.301  -58.034  -32.891 0.8000000119
26350  -5.638  -58.323  -32.736 0.8000000119
27336  -5.966  -57.150  -31.766 0.8000000119
28262  -6.442  -56.084  -30.241 0.6000000238
132088  -6.202  -55.625  -29.356 0.5000000000
125952  -6.379  -54.450  -28.294 0.4000000060
30198  -6.065  -54.002  -27.310 0.4000000060
142074  -7.412  -59.382  -32.347 0.6999999881
129816  -8.303  -58.822  -31.750 0.8000000119
27339  -8.634  -57.566  -31.512 0.6999999881
27340  -9.098  -57.093  -30.892 0.5000000000
140619  -7.140  -54.221  -28.930 0.5000000000
30199  -7.040  -53.795  -28.227 0.4000000060
31203  -7.076  -53.335  -27.193 0.4000000060
27321  -9.259  -58.267  -30.497 0.6000000238
133491  -10.028  -57.284  -29.381 0.5000000000
28263  -9.887  -56.111  -29.623 0.5000000000
124625  -10.985  -56.395  -28.517 0.6000000238
121830  -11.647  -56.526  -28.191 0.6000000238
29219  -12.008  -55.788  -28.101 0.6000000238
26313  -2.361  -59.185  -29.720 0.6000000238
26302  -2.450  -58.995  -29.057 0.5000000000
26304  -3.939  -58.718  -28.490 0.5000000000
26293  -4.472  -59.042  -27.722 0.4000000060
26294  -5.019  -58.623  -27.463 0.5000000000
137810  -5.106  -57.367  -26.870 0.5000000000
124435  -5.215  -56.149  -26.353 0.5000000000
122627  -5.666  -56.266  -25.696 0.5000000000
30184  -5.903  -54.552  -25.065 0.5000000000
30173  -7.098  -54.333  -24.157 0.5000000000
30183  -5.736  -54.250  -25.801 0.5000000000
31167  -6.968  -53.418  -23.957 0.5000000000
28303  -6.621  -56.919  -32.177 0.6999999881
29246  -7.234  -55.813  -31.169 0.6000000238
29247  -8.047  -55.179  -31.309 0.5000000000
29231  -7.238  -55.108  -30.298 0.5000000000
31181  -6.607  -53.165  -25.238 0.5000000000
32128  -7.184  -52.534  -23.899 0.5000000000
125655  -7.635  -58.723  -32.298 0.8000000119
27355  -7.493  -57.299  -32.577 0.6999999881
28289  -8.512  -56.390  -31.871 0.6000000238
30236  -7.668  -54.326  -29.751 0.5000000000
30213  -7.849  -53.900  -29.044 0.4000000060
31204  -8.430  -53.230  -27.253 0.5000000000
32155  -7.171  -52.594  -25.440 0.4000000060
32140  -6.989  -52.513  -24.601 0.5000000000
29249  -9.326  -55.396  -30.520 0.5000000000
29233  -9.686  -55.131  -29.699 0.5000000000
30237  -8.605  -54.095  -29.872 0.6000000238
30214  -8.807  -53.993  -28.805 0.5000000000
31217  -9.129  -53.673  -27.937 0.5000000000
31189  -8.862  -52.747  -26.792 0.5000000000
29234  -10.420  -55.718  -29.022 0.5000000000
30239  -10.229  -54.834  -28.931 0.5000000000
30215  -9.788  -54.150  -28.547 0.5000000000
31218  -10.080  -53.576  -27.899 0.5000000000
29218  -11.158  -55.481  -28.463 0.6000000238
30217  -11.531  -54.622  -28.376 0.6000000238
26291  -2.244  -58.793  -28.197 0.5000000000
25186  -4.036  -59.343  -27.185 0.5000000000
25187  -4.571  -59.436  -27.190 0.5000000000
25175  -5.153  -59.720  -26.634 0.4000000060
26280  -5.447  -59.414  -26.806 0.4000000060
26279  -3.441  -58.765  -27.032 0.5000000000
25174  -4.647  -59.617  -26.770 0.4000000060
27270  -5.591  -58.603  -26.834 0.5000000000
27263  -5.789  -57.593  -26.161 0.6000000238
28215  -6.552  -57.164  -25.449 0.5000000000
29186  -6.075  -55.638  -25.172 0.5000000000
140796  -7.474  -55.390  -24.445 0.4000000060
30174  -8.000  -54.765  -24.023 0.4000000060
30156  -8.473  -54.253  -23.666 0.4000000060
26271  -4.522  -59.361  -25.859 0.4000000060
25164  -5.628  -60.010  -25.988 0.4000000060
25176  -5.757  -59.827  -26.286 0.4000000060
26281  -6.175  -59.310  -26.261 0.5000000000
27264  -6.658  -58.567  -25.768 0.5000000000
28216  -7.579  -57.413  -25.113 0.5000000000
26272  -6.882  -59.472  -25.438 0.4000000060
26273  -7.547  -59.468  -24.970 0.4000000060
27265  -7.566  -58.680  -25.269 0.5000000000
27253  -8.357  -58.093  -24.851 0.4000000060
28217  -8.147  -56.687  -24.723 0.4000000060
29188  -8.352  -55.665  -24.356 0.4000000060
29173  -9.040  -55.189  -24.045 0.4000000060
26254  -4.764  -59.143  -24.994 0.4000000060
26255  -5.627  -59.670  -24.715 0.4000000060
25148  -6.090  -60.050  -25.314 0.4000000060
27233  -5.773  -58.165  -23.441 0.4000000060
26232  -6.154  -59.326  -24.005 0.4000000060
25149  -6.909  -59.814  -24.988 0.4000000060
25135  -7.649  -59.461  -24.480 0.4000000060
26274  -8.147  -59.001  -24.660 0.5000000000
133728  -9.079  -57.539  -24.614 0.4000000060
122668  -9.068  -56.395  -24.444 0.4000000060
26234  -8.293  -58.816  -23.984 0.4000000060
26258  -10.023  -58.237  -24.113 0.4000000060
27254  -10.576  -57.803  -24.322 0.4000000060
28218  -9.832  -57.161  -24.451 0.4000000060
29189  -9.868  -56.088  -24.216 0.4000000060
28202  -4.849  -57.345  -23.586 0.4000000060
28178  -5.457  -56.902  -23.102 0.3000000119
27234  -6.985  -58.826  -23.492 0.3000000119
27235  -8.024  -58.743  -23.427 0.4000000060
29157  -6.045  -55.732  -22.307 0.4000000060
137563  -5.996  -56.495  -22.683 0.3000000119
27210  -7.410  -57.814  -22.919 0.3000000119
125512  -9.275  -57.411  -22.446 0.5000000000
26218  -9.755  -58.474  -22.990 0.4000000060
26237  -11.139  -58.383  -23.494 0.4000000060
27255  -11.472  -57.945  -24.158 0.4000000060
121253  -12.417  -56.653  -23.769 0.3000000119
28157  -9.175  -56.470  -22.091 0.5000000000
123333  -9.997  -56.314  -21.957 0.5000000000
27213  -11.177  -58.186  -22.552 0.4000000060
26219  -11.546  -58.384  -22.998 0.4000000060
27237  -12.586  -58.030  -23.310 0.3000000119
29156  -5.347  -55.925  -22.751 0.4000000060
133416  -6.567  -54.633  -21.592 0.4000000060
29132  -6.830  -55.450  -21.864 0.4000000060
29158  -7.478  -56.108  -22.109 0.5000000000
29133  -8.244  -56.249  -22.101 0.5000000000
30129  -7.303  -54.719  -21.434 0.4000000060
133025  -8.691  -55.523  -21.700 0.5000000000
121450  -9.165  -54.826  -21.364 0.5000000000
29134  -9.606  -55.586  -21.671 0.4000000060
131168  -11.399  -56.562  -21.700 0.4000000060
27215  -12.739  -58.041  -22.812 0.3000000119
143826  -8.858  -54.396  -21.081 0.3000000119
30112  -9.464  -54.199  -20.853 0.3000000119
30131  -10.056  -54.851  -21.275 0.3000000119
30148  -5.333  -55.111  -22.404 0.4000000060
31104  -6.970  -53.356  -20.922 0.3000000119
121419  -7.800  -53.257  -20.610 0.4000000060
29136  -11.818  -55.796  -21.244 0.3000000119
137456  -6.354  -53.415  -21.326 0.3000000119
33063  -7.134  -51.648  -20.152 0.3000000119
135356  -11.242  -68.130  -42.860 0.6000000238
133193  -11.976  -66.551  -41.776 0.5000000000
122325  -13.952  -56.374  -31.091 0.6000000238
28291  -12.568  -56.134  -31.275 0.6000000238
6482  -2.276  -80.114  -37.774 0.5000000000
7250  -4.085  -79.109  -36.998 0.6000000238
9562  -7.057  -76.909  -40.412 0.5000000000
124653  -3.984  -79.073  -36.080 0.6999999881
6447  -3.210  -80.156  -33.839 0.6999999881
7225  -4.195  -79.244  -34.073 0.6999999881
9506  -7.408  -76.644  -36.539 0.6999999881
7986  -5.516  -78.656  -34.022 0.6999999881
8018  -6.091  -78.007  -34.621 0.6999999881
12933  -10.571  -72.641  -41.546 0.5000000000
5715  -6.011  -81.027  -34.757 0.6999999881
10322  -8.569  -75.311  -37.496 0.6999999881
9507  -7.982  -76.111  -36.193 0.6999999881
6450  -7.153  -80.021  -34.278 0.6999999881
10302  -8.702  -75.724  -34.862 0.6999999881
16396  -11.910  -68.471  -43.082 0.6000000238
7237  -8.142  -79.433  -35.606 0.6999999881
122126  -9.899  -74.076  -36.126 0.6000000238
132523  -10.166  -74.717  -33.181 0.6000000238
8711  -10.232  -76.996  -32.320 0.5000000000
18315  -9.261  -66.451  -41.385 0.6999999881
11107  -9.767  -74.468  -35.222 0.6000000238
8042  -9.038  -77.755  -38.360 0.6000000238
135809  -8.586  -78.206  -39.483 0.6000000238
11955  -10.815  -74.087  -33.050 0.5000000000
11085  -13.434  -74.353  -32.822 0.5000000000
9528  -10.431  -76.037  -38.760 0.5000000000
19279  -10.508  -65.631  -40.771 0.6000000238
18297  -8.606  -66.103  -40.916 0.6999999881
17321  -11.588  -68.074  -39.836 0.6000000238
12872  -11.350  -72.762  -37.121 0.5000000000
11973  -10.766  -73.572  -35.006 0.5000000000
11956  -11.602  -73.536  -32.974 0.6000000238
11964  -11.550  -73.273  -33.933 0.5000000000
136629  -12.974  -73.369  -32.422 0.5000000000
8813  -9.258  -77.173  -40.865 0.6000000238
9549  -10.628  -75.543  -39.573 0.6000000238
11164  -12.383  -74.418  -39.351 0.5000000000
22279  -12.702  -62.333  -37.469 0.6000000238
19204  -17.028  -65.256  -35.777 0.5000000000
20154  -8.740  -64.464  -33.280 0.6000000238
21235  -6.994  -63.733  -35.109 0.6000000238
15346  -14.661  -69.998  -37.559 0.6000000238
22217  -8.839  -62.434  -33.757 0.6000000238
26392  -13.273  -58.449  -35.651 0.8000000119
139067  -8.315  -61.727  -34.120 0.6000000238
18194  -12.416  -67.311  -34.747 0.6000000238
25259  -8.536  -59.470  -34.901 0.6000000238
131064  -12.894  -68.578  -34.693 0.6000000238
27378  -13.726  -56.520  -35.134 0.8000000119
19183  -15.138  -65.277  -34.035 0.6000000238
141690  -10.988  -57.708  -34.869 0.6000000238
26389  -9.402  -58.459  -34.462 0.6999999881
27366  -10.080  -57.561  -33.679 0.6000000238
27341  -11.311  -57.330  -31.305 0.6000000238
28306  -13.065  -55.712  -32.173 0.6999999881
28290  -11.824  -56.655  -31.215 0.6000000238
27313  -15.215  -57.594  -28.739 0.5000000000
26328  -9.947  -58.623  -29.862 0.5000000000
28277  -12.391  -56.941  -30.154 0.6000000238
28240  -14.946  -57.000  -27.837 0.5000000000
122469  -2.898  -60.745  -31.253 0.6999999881
23196  -3.714  -61.148  -31.469 0.6000000238
26336  -3.866  -59.036  -31.270 0.6999999881
26349  -5.076  -58.695  -32.380 0.8000000119
130164  -5.566  -57.322  -30.884 0.6000000238
29216  -5.210  -55.636  -27.831 0.5000000000
28260  -5.070  -56.881  -28.974 0.5000000000
124029  -7.738  -52.859  -26.398 0.5000000000
123238  -3.151  -58.799  -28.415 0.5000000000
129957  -6.465  -53.979  -24.513 0.5000000000
29259  -7.849  -55.714  -31.894 0.6000000238
29248  -8.824  -54.977  -31.230 0.6000000238
30200  -10.903  -53.751  -28.032 0.5000000000
25162  -4.317  -59.388  -26.612 0.5000000000
29187  -6.975  -56.168  -24.877 0.5000000000
26231  -5.058  -58.596  -24.101 0.4000000060
26256  -6.439  -59.847  -24.668 0.4000000060
28179  -6.400  -57.447  -22.995 0.3000000119
26233  -7.075  -59.628  -24.260 0.4000000060
26257  -8.990  -58.315  -24.289 0.5000000000
138295  -9.733  -57.921  -24.418 0.4000000060
27236  -8.834  -58.443  -23.294 0.4000000060
26235  -9.387  -58.398  -23.641 0.4000000060
130643  -11.231  -57.365  -24.251 0.4000000060
28203  -11.407  -56.495  -24.019 0.4000000060
121705  -6.832  -56.561  -22.439 0.3000000119
141104  -7.804  -56.981  -22.455 0.5000000000
28180  -8.632  -57.198  -22.440 0.4000000060
28181  -9.957  -57.235  -22.307 0.5000000000
27211  -9.086  -58.064  -22.757 0.4000000060
28220  -11.989  -57.454  -24.029 0.4000000060
29135  -10.643  -55.765  -21.586 0.5000000000
28158  -10.703  -56.821  -21.980 0.4000000060
27199  -11.617  -57.600  -22.076 0.4000000060
121422  -7.785  -55.445  -21.725 0.5000000000
31123  -7.608  -54.015  -21.025 0.5000000000
30130  -8.275  -54.676  -21.309 0.4000000060
30132  -11.000  -54.918  -20.967 0.4000000060
31105  -8.545  -53.908  -20.777 0.4000000060
32072  -7.088  -52.585  -20.553 0.3000000119
32073  -7.944  -52.452  -20.218 0.3000000119
124742  -8.665  -53.083  -20.326 0.3000000119
5810  -7.737  -81.689  -44.254 0.5000000000
124242  -8.379  -82.001  -44.046 0.5000000000
5122  -9.943  -82.350  -42.753 0.5000000000
124813  -9.447  -82.025  -43.387 0.5000000000
5100  -10.503  -82.679  -41.929 0.5000000000
5802  -9.893  -81.348  -43.316 0.5000000000
5778  -10.887  -82.100  -41.437 0.6000000238
5809  -6.991  -81.382  -44.261 0.5000000000
5811  -8.511  -81.076  -44.274 0.5000000000
6556  -9.410  -80.648  -44.056 0.5000000000
6557  -10.154  -80.319  -43.620 0.5000000000
5779  -11.260  -81.629  -40.933 0.6000000238
6543  -10.541  -80.909  -42.673 0.6000000238
5790  -10.423  -81.822  -42.211 0.6000000238
5808  -6.297  -81.500  -44.102 0.4000000060
5090  -3.866  -81.859  -40.316 0.4000000060
5765  -4.709  -81.419  -40.617 0.4000000060
129900  -4.196  -81.589  -42.247 0.5000000000
5788  -4.736  -81.446  -43.014 0.5000000000
5799  -4.640  -81.872  -43.313 0.5000000000
5789  -5.521  -80.903  -43.020 0.5000000000
6527  -5.928  -80.669  -41.988 0.5000000000
6561  -5.854  -81.361  -43.905 0.5000000000
6554  -6.122  -80.717  -43.746 0.5000000000
5768  -12.202  -81.269  -39.967 0.6000000238
5769  -12.964  -81.332  -40.201 0.6000000238
6555  -6.870  -80.232  -44.060 0.5000000000
7357  -7.625  -79.914  -44.177 0.5000000000
7350  -7.330  -79.715  -43.694 0.5000000000
5767  -11.584  -81.280  -40.434 0.6000000238
6563  -8.852  -80.098  -44.229 0.5000000000
7360  -10.396  -79.408  -43.682 0.6000000238
6544  -11.060  -80.514  -42.020 0.6000000238
6519  -12.426  -80.386  -39.440 0.6000000238
7333  -11.392  -79.661  -42.485 0.6000000238
7320  -11.956  -79.553  -40.705 0.6000000238
7306  -12.290  -79.709  -39.723 0.6999999881
7334  -11.931  -79.313  -41.891 0.6000000238
8069  -12.569  -78.957  -40.300 0.6999999881
5751  -4.401  -81.839  -38.437 0.6000000238
5752  -5.153  -81.422  -38.270 0.6000000238
5753  -5.851  -80.955  -38.077 0.6000000238
126795  -4.127  -81.854  -39.312 0.5000000000
138842  -5.351  -81.081  -39.921 0.5000000000
6504  -6.124  -80.651  -39.598 0.6000000238
5777  -5.101  -81.155  -42.133 0.5000000000
6515  -5.984  -80.688  -40.345 0.5000000000
6528  -6.308  -80.467  -41.032 0.5000000000
6542  -6.340  -80.383  -42.907 0.5000000000
7317  -6.700  -80.122  -41.873 0.5000000000
7332  -7.044  -79.784  -42.845 0.5000000000
6520  -13.777  -81.188  -40.691 0.6999999881
128720  -13.516  -80.770  -39.626 0.6000000238
6509  -13.949  -80.191  -39.038 0.8000000119
8110  -8.725  -78.973  -43.867 0.5000000000
7359  -9.173  -79.323  -43.979 0.5000000000
127905  -10.009  -78.859  -43.821 0.6000000238
6507  -12.870  -80.276  -38.947 0.6999999881
6499  -13.584  -79.937  -38.638 0.6999999881
6558  -10.844  -79.991  -43.121 0.6000000238
124256  -13.180  -78.393  -39.816 0.6999999881
8112  -11.588  -78.412  -43.419 0.6000000238
129953  -12.316  -78.660  -42.357 0.6000000238
144463  -12.830  -77.605  -43.181 0.6999999881
8826  -13.583  -77.553  -41.583 0.6999999881
8814  -13.655  -77.655  -40.413 0.6000000238
5060  -4.033  -82.402  -37.737 0.5000000000
5742  -5.442  -81.451  -37.404 0.6000000238
124018  -6.321  -80.572  -38.748 0.6000000238
6516  -6.574  -80.309  -40.205 0.6000000238
7304  -6.980  -79.947  -40.891 0.6000000238
7318  -7.453  -79.465  -41.745 0.5000000000
8081  -7.974  -78.908  -41.145 0.6000000238
7321  -14.877  -80.185  -41.260 0.6999999881
8096  -7.774  -79.123  -42.977 0.5000000000
8082  -8.401  -78.401  -41.651 0.5000000000
7294  -14.805  -79.729  -39.258 0.5000000000
7323  -16.040  -79.323  -41.192 0.6000000238
122560  -8.383  -78.810  -43.442 0.6000000238
8849  -10.135  -78.132  -43.714 0.5000000000
7279  -14.147  -79.447  -38.507 0.6000000238
8114  -10.598  -78.206  -43.705 0.5000000000
8055  -13.351  -78.762  -38.838 0.6999999881
8043  -13.886  -78.906  -38.522 0.6000000238
8113  -11.644  -77.753  -43.701 0.5000000000
135977  -13.893  -77.813  -39.276 0.6000000238
8815  -14.207  -77.182  -40.000 0.6000000238
8851  -11.741  -76.980  -44.021 0.5000000000
9605  -13.088  -76.918  -43.752 0.6000000238
8838  -14.071  -76.893  -42.127 0.5000000000
10410  -14.457  -75.477  -43.768 0.5000000000
9592  -15.217  -75.825  -42.045 0.5000000000
128662  -4.160  -82.744  -36.109 0.6000000238
5733  -4.989  -81.875  -36.756 0.6000000238
5035  -3.833  -82.734  -35.234 0.4000000060
8812  -8.796  -77.837  -41.239 0.5000000000
7295  -15.629  -79.162  -39.142 0.6000000238
8835  -9.212  -77.600  -42.940 0.5000000000
7280  -14.994  -78.996  -38.531 0.5000000000
8848  -10.312  -77.504  -43.633 0.5000000000
8044  -14.510  -78.598  -38.484 0.5000000000
8787  -15.619  -77.613  -38.490 0.5000000000
8057  -16.387  -78.688  -39.043 0.5000000000
9604  -10.993  -76.361  -43.779 0.5000000000
143141  -14.356  -77.701  -38.826 0.5000000000
142922  -15.038  -76.650  -39.635 0.5000000000
10416  -12.037  -75.854  -44.355 0.6000000238
11248  -12.172  -75.289  -44.416 0.6000000238
9577  -14.692  -76.407  -41.511 0.5000000000
9578  -15.336  -76.155  -40.958 0.6000000238
10418  -13.234  -75.265  -44.786 0.6000000238
129236  -13.852  -74.988  -44.930 0.5000000000
5020  -3.216  -82.400  -34.495 0.4000000060
9588  -9.612  -76.888  -42.693 0.5000000000
8788  -16.402  -77.605  -38.547 0.5000000000
9603  -10.297  -76.711  -43.413 0.5000000000
10393  -10.863  -75.146  -42.910 0.5000000000
122997  -16.142  -76.592  -39.475 0.5000000000
9551  -17.106  -76.811  -39.043 0.5000000000
9552  -18.051  -76.391  -38.770 0.5000000000
10340  -18.848  -75.886  -38.583 0.5000000000
11154  -20.155  -74.561  -38.145 0.5000000000
11234  -11.655  -74.790  -43.647 0.6000000238
11235  -12.311  -74.348  -44.261 0.6000000238
129533  -16.138  -76.301  -40.478 0.5000000000
12111  -12.982  -74.281  -44.897 0.6000000238
9593  -17.194  -75.940  -42.236 0.5000000000
130590  -14.145  -73.203  -44.993 0.5000000000
11260  -14.515  -73.666  -44.976 0.5000000000
11178  -11.482  -74.434  -40.936 0.5000000000
127866  -16.903  -76.500  -39.909 0.5000000000
9568  -17.672  -76.259  -39.401 0.5000000000
10355  -18.362  -75.807  -39.022 0.5000000000
10356  -18.991  -75.287  -38.762 0.5000000000
11197  -11.534  -74.272  -41.931 0.5000000000
11198  -12.219  -73.831  -41.484 0.6000000238
144856  -17.404  -76.246  -40.399 0.5000000000
11180  -19.284  -74.838  -39.665 0.5000000000
11167  -20.158  -73.959  -38.757 0.5000000000
12023  -20.674  -73.794  -38.213 0.5000000000
12101  -12.827  -73.764  -44.522 0.5000000000
138130  -16.942  -76.332  -41.060 0.5000000000
10397  -18.037  -75.762  -42.467 0.5000000000
11179  -12.436  -74.086  -40.303 0.5000000000
11199  -19.528  -74.986  -40.886 0.5000000000
11181  -19.810  -74.248  -39.335 0.5000000000
12924  -21.984  -72.668  -39.789 0.4000000060
11200  -20.123  -74.446  -40.568 0.4000000060
14564  -7.868  -70.870  -44.502 0.4000000060
20137  -10.420  -64.169  -31.826 0.5000000000
21129  -10.517  -63.879  -29.229 0.5000000000
20108  -10.796  -64.191  -29.468 0.5000000000
21113  -8.041  -63.479  -28.517 0.5000000000
21114  -9.178  -63.807  -28.312 0.5000000000
20138  -10.904  -64.304  -30.839 0.5000000000
23183  -2.434  -61.199  -30.639 0.5000000000
24174  -1.720  -60.792  -30.240 0.5000000000
25196  -1.761  -59.282  -29.383 0.5000000000
10379  -10.542  -75.241  -41.164 0.5000000000
10392  -10.428  -75.474  -42.172 0.5000000000
6530  -11.232  -80.918  -40.953 0.6000000238
6564  -9.650  -79.747  -43.975 0.6000000238
7319  -11.444  -80.098  -41.264 0.6000000238
7361  -10.630  -78.729  -43.698 0.6000000238
8084  -12.941  -78.127  -42.256 0.6999999881
6495  -5.604  -80.985  -38.955 0.6000000238
8834  -8.965  -78.307  -43.393 0.5000000000
8836  -12.315  -77.338  -43.734 0.6000000238
8837  -13.441  -77.363  -42.724 0.6000000238
9590  -13.834  -76.782  -43.154 0.6000000238
7322  -15.498  -79.722  -41.508 0.6999999881
9602  -9.823  -77.307  -43.345 0.5000000000
133113  -10.995  -77.064  -43.848 0.5000000000
9609  -12.973  -76.052  -44.441 0.6000000238
9591  -14.482  -76.135  -42.789 0.5000000000
9579  -16.183  -75.925  -41.678 0.5000000000
142581  -15.309  -77.210  -38.763 0.5000000000
125583  -16.087  -77.063  -38.830 0.5000000000
10409  -11.367  -75.615  -43.830 0.5000000000
11259  -13.983  -73.907  -45.071 0.5000000000
10380  -10.931  -74.770  -41.822 0.5000000000
12088  -12.539  -73.518  -43.570 0.5000000000
11217  -11.882  -73.963  -42.857 0.5000000000
139881  -18.688  -75.389  -39.534 0.5000000000
9580  -17.663  -76.082  -41.407 0.5000000000
10367  -18.898  -75.363  -40.595 0.5000000000
12039  -20.821  -73.355  -38.945 0.5000000000
10382  -19.289  -75.353  -41.749 0.4000000060
135298  -21.341  -73.121  -40.032 0.4000000060
8102  -19.477  -78.588  -42.674 0.5000000000
8088  -19.106  -78.260  -42.313 0.6000000238
8073  -18.733  -78.314  -41.123 0.6000000238
8087  -18.127  -78.531  -42.221 0.6000000238
7339  -17.783  -79.091  -42.920 0.4000000060
8060  -19.139  -77.999  -39.966 0.4000000060
8802  -17.955  -77.822  -38.738 0.4000000060
8059  -18.306  -78.302  -39.636 0.5000000000
8072  -17.671  -78.646  -40.856 0.6000000238
8071  -16.927  -78.869  -40.037 0.5000000000
8047  -16.670  -78.124  -38.715 0.4000000060
145655  -17.353  -78.736  -42.155 0.5000000000
8085  -16.211  -79.295  -42.052 0.6000000238
7335  -15.134  -80.196  -41.971 0.6000000238
6545  -14.811  -80.888  -42.020 0.6000000238
5791  -14.226  -81.612  -42.033 0.6000000238
5781  -13.392  -81.875  -41.348 0.6000000238
129929  -13.697  -82.279  -42.067 0.6000000238
5780  -12.433  -81.937  -40.767 0.5000000000
5102  -11.896  -82.695  -41.302 0.5000000000
5101  -11.145  -82.872  -41.461 0.4000000060
4421  -10.738  -83.576  -41.816 0.5000000000
12909  -21.550  -72.834  -39.106 0.3000000119
5110  -9.289  -82.904  -43.132 0.4000000060
20184  -15.861  -64.821  -33.984 0.4000000060
20156  -15.700  -65.082  -32.708 0.4000000060
19172  -15.014  -65.587  -33.036 0.5000000000
29220  -13.714  -55.658  -28.114 0.5000000000
30218  -12.598  -54.996  -28.359 0.5000000000
30219  -13.517  -54.493  -28.836 0.5000000000
31220  -12.744  -53.896  -29.058 0.4000000060
141086  -11.022  -53.309  -27.957 0.4000000060
33184  -14.998  -51.428  -30.861 0.4000000060
31206  -10.507  -53.123  -27.730 0.4000000060
32172  -10.806  -52.648  -27.968 0.4000000060
32189  -11.788  -52.356  -29.174 0.4000000060
31205  -9.798  -52.971  -27.326 0.4000000060
32171  -10.194  -52.407  -27.485 0.4000000060
34104  -13.609  -51.174  -30.357 0.4000000060
32170  -9.543  -52.294  -26.896 0.4000000060
33148  -9.873  -51.547  -27.179 0.4000000060
35016  -13.047  -49.630  -28.847 0.4000000060
32157  -8.836  -51.991  -26.290 0.4000000060
141550  -9.316  -51.558  -26.623 0.4000000060
32156  -7.984  -52.229  -25.963 0.4000000060
33130  -8.708  -50.946  -26.136 0.4000000060
137549  -8.379  -53.321  -23.337 0.3000000119
32112  -7.820  -52.209  -23.345 0.4000000060
29174  -10.065  -55.160  -23.806 0.3000000119
30157  -9.333  -54.257  -23.519 0.3000000119
137211  -8.850  -52.489  -23.181 0.3000000119
31150  -9.572  -53.397  -23.309 0.3000000119
32202  -14.137  -52.709  -30.287 0.4000000060
33182  -13.582  -52.059  -30.407 0.4000000060
31229  -12.788  -53.180  -29.619 0.4000000060
31230  -13.558  -53.511  -29.595 0.4000000060
33172  -12.227  -51.658  -29.609 0.4000000060
33163  -11.595  -51.431  -29.050 0.4000000060
34105  -14.121  -50.438  -30.220 0.4000000060
34094  -12.113  -50.783  -29.278 0.4000000060
34093  -11.535  -50.602  -28.703 0.4000000060
33162  -11.085  -51.200  -28.532 0.4000000060
6466  -25.036  -80.498  -35.777 0.3000000119
6477  -25.361  -80.050  -36.417 0.3000000119
6464  -22.988  -80.252  -36.128 0.4000000060
6488  -23.955  -80.118  -37.251 0.3000000119
6489  -24.432  -79.799  -37.473 0.4000000060
7269  -22.381  -79.629  -38.035 0.3000000119
7270  -23.563  -79.713  -37.947 0.3000000119
122432  -24.186  -79.380  -38.099 0.4000000060
7268  -21.280  -79.646  -37.858 0.3000000119
7283  -22.777  -79.451  -38.813 0.3000000119
7284  -23.561  -79.297  -38.681 0.3000000119
7282  -21.664  -79.610  -38.770 0.3000000119
7298  -22.962  -79.210  -39.463 0.3000000119
7296  -21.040  -79.858  -39.342 0.3000000119
7297  -21.993  -79.464  -39.672 0.3000000119
138441  -22.510  -79.186  -40.156 0.3000000119
6511  -21.079  -79.902  -40.192 0.3000000119
7310  -21.759  -79.158  -41.271 0.3000000119
127902  -20.628  -82.160  -38.615 0.3000000119
5755  -20.254  -81.245  -39.128 0.3000000119
141279  -20.560  -80.688  -40.153 0.3000000119
6523  -21.264  -79.734  -40.956 0.3000000119
6535  -21.233  -79.403  -41.600 0.3000000119
5760  -20.409  -81.426  -39.781 0.4000000060
7271  -24.858  -79.231  -37.677 0.3000000119
7257  -22.015  -79.834  -36.417 0.4000000060
7285  -24.099  -78.979  -38.622 0.4000000060
132506  -21.895  -79.690  -37.286 0.3000000119
7299  -23.569  -78.820  -39.221 0.4000000060
7281  -20.737  -79.851  -38.427 0.3000000119
7312  -22.991  -78.606  -40.067 0.4000000060
7311  -22.371  -78.873  -40.802 0.4000000060
5754  -19.789  -80.765  -38.178 0.3000000119
7326  -21.956  -78.444  -41.451 0.4000000060
5066  -20.324  -82.142  -37.636 0.3000000119
5065  -19.415  -81.517  -37.431 0.4000000060
7324  -20.792  -79.142  -42.169 0.4000000060
6534  -20.616  -79.929  -41.450 0.3000000119
5053  -20.662  -82.394  -36.585 0.3000000119
7259  -25.354  -79.474  -36.831 0.3000000119
8036  -25.332  -78.906  -37.179 0.3000000119
8030  -25.706  -79.000  -36.544 0.3000000119
8777  -25.016  -78.211  -37.709 0.3000000119
8794  -24.477  -77.635  -38.515 0.3000000119
7229  -21.548  -79.393  -34.887 0.4000000060
145854  -24.333  -78.096  -38.775 0.3000000119
8793  -24.033  -76.935  -39.101 0.3000000119
7267  -20.360  -79.728  -37.559 0.3000000119
7256  -21.020  -79.580  -36.860 0.4000000060
8061  -23.609  -78.107  -39.570 0.4000000060
8806  -23.592  -77.291  -39.664 0.3000000119
8076  -23.108  -77.693  -40.253 0.4000000060
8820  -23.042  -76.886  -40.163 0.4000000060
6486  -19.944  -80.137  -37.991 0.3000000119
6463  -18.647  -80.331  -36.099 0.3000000119
8829  -21.978  -77.725  -41.411 0.4000000060
8818  -21.875  -77.121  -41.043 0.4000000060
5744  -19.213  -81.003  -37.570 0.3000000119
5729  -18.965  -81.537  -35.876 0.3000000119
8828  -21.306  -77.540  -41.710 0.4000000060
8817  -21.038  -77.129  -40.873 0.5000000000
5737  -18.888  -81.206  -36.814 0.3000000119
8090  -20.742  -77.883  -42.252 0.4000000060
8816  -20.518  -77.558  -41.683 0.4000000060
8074  -19.660  -77.835  -41.478 0.5000000000
5041  -22.042  -82.725  -35.535 0.3000000119
8767  -25.387  -78.250  -36.846 0.3000000119
126064  -25.677  -78.317  -36.152 0.3000000119
8022  -20.502  -79.064  -35.164 0.4000000060
9556  -23.426  -76.539  -39.491 0.4000000060
9554  -21.943  -76.005  -39.579 0.4000000060
7239  -19.133  -79.461  -35.723 0.4000000060
8805  -21.520  -76.583  -40.167 0.4000000060
8804  -20.493  -76.778  -39.527 0.5000000000
123607  -19.697  -76.980  -39.008 0.4000000060
6451  -18.525  -80.370  -35.395 0.3000000119
8803  -20.013  -77.411  -40.226 0.4000000060
141030  -19.344  -81.661  -34.739 0.3000000119
137568  -18.611  -77.834  -39.037 0.4000000060
9531  -17.732  -77.106  -38.644 0.4000000060
124619  -19.851  -82.194  -35.684 0.3000000119
5040  -21.057  -82.501  -35.587 0.3000000119
132686  -22.542  -82.887  -34.987 0.3000000119
9538  -24.248  -76.634  -38.348 0.3000000119
9537  -23.656  -76.174  -38.760 0.3000000119
124803  -23.130  -75.955  -39.092 0.3000000119
7238  -18.695  -79.817  -35.528 0.4000000060
9535  -21.286  -75.499  -38.567 0.5000000000
9533  -19.417  -75.914  -38.313 0.4000000060
6452  -18.777  -80.790  -34.326 0.4000000060
8791  -19.114  -76.737  -38.533 0.4000000060
127780  -21.292  -81.700  -32.809 0.3000000119
5705  -19.474  -81.210  -33.758 0.3000000119
5718  -20.083  -81.935  -33.921 0.3000000119
5012  -21.395  -82.360  -33.695 0.3000000119
5028  -23.083  -83.209  -34.423 0.3000000119
5013  -22.202  -82.717  -33.907 0.3000000119
9536  -22.405  -75.596  -38.923 0.4000000060
9534  -20.206  -75.648  -38.190 0.4000000060
5699  -22.017  -81.859  -32.448 0.3000000119
5688  -22.364  -81.224  -31.700 0.3000000119
5707  -21.578  -82.136  -33.129 0.3000000119
4989  -22.748  -82.215  -32.376 0.3000000119
5002  -22.307  -82.482  -33.029 0.3000000119
5690  -23.523  -81.783  -30.568 0.3000000119
4979  -23.995  -82.433  -30.545 0.3000000119
139782  -23.500  -82.355  -31.562 0.3000000119
4990  -24.424  -83.222  -31.235 0.3000000119
5003  -23.241  -82.781  -32.666 0.3000000119
10327  -22.218  -74.366  -37.666 0.3000000119
10326  -21.223  -74.425  -37.927 0.4000000060
127837  -24.027  -82.615  -29.960 0.3000000119
4281  -24.214  -83.628  -29.529 0.3000000119
11126  -23.529  -73.685  -36.749 0.3000000119
11141  -22.623  -73.699  -37.351 0.3000000119
11140  -21.682  -73.784  -37.693 0.3000000119
11991  -23.795  -73.025  -36.870 0.3000000119
11990  -23.072  -73.129  -37.341 0.3000000119
12877  -22.591  -72.786  -37.890 0.3000000119
33103  -7.242  -51.895  -24.178 0.5000000000
131645  -7.847  -50.974  -24.890 0.4000000060
121014  -11.940  -54.015  -28.563 0.4000000060
7336  -15.848  -79.761  -42.148 0.6000000238
8086  -16.719  -78.946  -41.426 0.5000000000
8789  -17.159  -77.696  -38.669 0.4000000060
129326  -19.524  -75.266  -38.296 0.4000000060
10341  -20.009  -75.186  -38.016 0.4000000060
11139  -20.855  -74.130  -37.967 0.4000000060
12024  -21.276  -73.230  -38.367 0.3000000119
30241  -14.955  -54.372  -29.145 0.5000000000
31231  -14.586  -53.578  -29.672 0.4000000060
34115  -14.459  -50.927  -30.679 0.4000000060
6487  -22.972  -80.080  -37.162 0.3000000119
6500  -20.363  -80.356  -38.881 0.3000000119
5745  -19.850  -81.391  -38.151 0.3000000119
7242  -22.199  -79.916  -35.430 0.4000000060
8091  -21.421  -78.073  -42.012 0.4000000060
7240  -20.021  -79.345  -35.917 0.4000000060
7254  -19.386  -79.707  -36.455 0.3000000119
6474  -18.980  -80.241  -36.779 0.3000000119
9569  -22.363  -76.676  -40.334 0.4000000060
5026  -20.352  -82.290  -34.700 0.3000000119
8792  -19.846  -76.360  -38.504 0.4000000060
5027  -21.447  -82.566  -34.586 0.3000000119
10343  -21.800  -74.925  -38.185 0.4000000060
5697  -19.853  -80.697  -32.944 0.3000000119
5014  -23.063  -82.984  -33.535 0.3000000119
4980  -24.338  -83.061  -30.412 0.3000000119
5112  -12.601  -83.350  -41.828 0.5000000000
4433  -13.296  -83.298  -42.030 0.5000000000
5114  -13.840  -82.583  -42.084 0.5000000000
5803  -15.320  -80.857  -42.013 0.5000000000
7355  -16.654  -79.677  -42.426 0.4000000060
12052  -12.906  -73.686  -40.872 0.4000000060
8101  -18.428  -78.687  -42.805 0.5000000000
131789  -19.584  -79.088  -42.843 0.3000000119
5107  -19.698  -81.213  -40.804 0.3000000119
7341  -20.193  -78.772  -42.626 0.4000000060
123615  -20.238  -80.638  -40.907 0.3000000119
6437  -19.011  -80.321  -33.578 0.3000000119
7213  -18.794  -79.394  -33.632 0.3000000119
7991  -18.705  -79.037  -34.470 0.3000000119
7243  -23.149  -80.319  -35.226 0.3000000119
7973  -19.117  -78.557  -32.957 0.3000000119
8007  -19.126  -78.456  -34.524 0.3000000119
8021  -19.528  -78.959  -35.192 0.3000000119
8010  -21.954  -79.119  -34.172 0.3000000119
8743  -19.076  -77.832  -33.989 0.3000000119
8745  -20.519  -77.708  -34.289 0.3000000119
8008  -19.991  -78.346  -34.720 0.3000000119
7993  -21.497  -78.102  -33.993 0.3000000119
7230  -22.491  -79.804  -34.599 0.3000000119
7231  -23.383  -80.217  -34.403 0.3000000119
8728  -20.139  -77.016  -33.796 0.3000000119
7214  -22.824  -79.579  -33.876 0.3000000119
5111  -10.029  -83.283  -42.417 0.3000000119
7356  -17.226  -79.574  -42.746 0.5000000000
6559  -16.077  -80.332  -42.191 0.4000000060
134712  -14.357  -81.901  -42.064 0.5000000000
6533  -19.758  -80.463  -41.651 0.3000000119
35032  -14.333  -49.744  -29.766 0.3000000119
35031  -13.493  -50.218  -29.627 0.3000000119
34062  -8.823  -49.808  -25.955 0.3000000119
4422  -11.705  -83.779  -41.697 0.4000000060
3758  -13.485  -84.676  -41.513 0.4000000060
143979  -17.521  -86.005  -38.001 0.4000000060
135887  -16.383  -85.177  -39.176 0.4000000060
127295  -15.915  -84.127  -40.394 0.4000000060
4436  -15.717  -82.860  -41.286 0.4000000060
5793  -16.028  -81.581  -41.840 0.4000000060
3774  -14.841  -83.935  -41.175 0.4000000060
4435  -14.789  -83.031  -41.585 0.4000000060
133830  -15.483  -82.239  -41.630 0.4000000060
2579  -19.177  -86.403  -35.873 0.3000000119
2618  -18.013  -86.027  -37.885 0.4000000060
3733  -17.522  -84.501  -39.504 0.4000000060
3773  -14.049  -83.832  -41.688 0.4000000060
131519  -16.675  -85.441  -38.668 0.4000000060
3746  -15.675  -84.721  -40.089 0.4000000060
2610  -18.435  -86.245  -37.103 0.3000000119
3113  -17.500  -85.636  -38.421 0.4000000060
3142  -16.677  -84.717  -39.556 0.4000000060
145422  -15.268  -83.296  -41.195 0.4000000060
3761  -16.475  -83.646  -40.503 0.4000000060
5116  -16.455  -82.228  -41.434 0.4000000060
2598  -19.550  -86.252  -36.182 0.3000000119
2611  -19.258  -86.159  -36.930 0.3000000119
3128  -17.975  -85.093  -39.033 0.3000000119
3114  -18.413  -85.552  -38.400 0.3000000119
4426  -17.754  -82.749  -40.703 0.3000000119
5118  -17.820  -81.548  -41.654 0.3000000119
4425  -17.177  -83.171  -40.634 0.3000000119
5796  -18.456  -81.106  -41.968 0.3000000119
127465  -18.546  -80.227  -42.588 0.3000000119
5795  -17.791  -80.745  -42.377 0.3000000119
5117  -17.257  -81.925  -41.457 0.3000000119
5806  -17.076  -80.798  -42.313 0.3000000119
5805  -16.395  -80.855  -42.128 0.3000000119
1978  -16.869  -87.144  -24.275 0.3000000119
140546  -16.750  -86.621  -25.460 0.3000000119
6405  -22.852  -80.070  -29.975 0.3000000119
2971  -16.341  -84.939  -27.152 0.3000000119
3599  -17.066  -84.107  -28.340 0.3000000119
4962  -18.968  -82.575  -29.639 0.3000000119
4963  -20.061  -82.492  -29.397 0.3000000119
5665  -21.053  -81.869  -28.900 0.3000000119
5645  -21.166  -80.914  -28.725 0.3000000119
6369  -22.019  -80.487  -28.681 0.3000000119
6391  -22.622  -79.767  -29.194 0.3000000119
139085  -17.725  -83.112  -29.262 0.3000000119
4961  -18.072  -82.592  -29.573 0.3000000119
5663  -19.266  -81.793  -29.579 0.3000000119
141404  -19.501  -81.064  -29.334 0.3000000119
6390  -20.285  -80.534  -28.831 0.3000000119
125769  -17.876  -83.911  -39.855 0.3000000119
2458  -16.811  -86.277  -26.160 0.3000000119
3614  -18.998  -83.968  -29.084 0.3000000119
2983  -17.340  -84.943  -27.791 0.3000000119
125857  -17.076  -85.469  -27.226 0.3000000119
3600  -18.403  -84.598  -28.479 0.3000000119
4288  -18.546  -83.250  -29.430 0.3000000119
135478  -18.346  -81.896  -29.688 0.3000000119
1969  -16.650  -87.110  -23.658 0.3000000119
2608  -17.041  -85.919  -38.074 0.4000000060
2619  -18.845  -85.927  -37.682 0.3000000119
2965  -16.508  -85.581  -26.699 0.3000000119
3127  -17.106  -85.145  -39.070 0.4000000060
3141  -15.829  -85.091  -39.628 0.4000000060
3747  -16.286  -84.389  -40.034 0.4000000060
3748  -17.140  -83.950  -40.087 0.4000000060
3760  -15.304  -84.428  -40.534 0.4000000060
3772  -13.323  -83.921  -41.960 0.4000000060
4277  -17.925  -83.760  -28.965 0.3000000119
4287  -16.870  -83.229  -28.706 0.3000000119
4289  -19.491  -83.333  -29.450 0.3000000119
4341  -23.841  -83.374  -33.261 0.3000000119
4360  -3.495  -83.146  -35.865 0.4000000060
4417  -17.810  -83.350  -40.254 0.3000000119
4423  -15.733  -83.577  -40.866 0.4000000060
4424  -16.518  -82.998  -41.005 0.4000000060
4434  -13.947  -83.135  -42.015 0.5000000000
4965  -23.947  -82.946  -29.703 0.3000000119
5011  -20.756  -82.292  -33.997 0.3000000119
5045  -4.394  -82.398  -36.899 0.6000000238
5091  -11.775  -81.837  -40.656 0.6000000238
5103  -12.831  -82.598  -41.619 0.5000000000
5104  -17.196  -82.559  -41.087 0.3000000119
5113  -13.314  -82.851  -42.042 0.6000000238
5115  -14.646  -82.274  -41.923 0.5000000000
5120  -4.665  -82.290  -43.345 0.5000000000
5123  -15.057  -81.505  -41.976 0.5000000000
5124  -15.377  -81.714  -41.841 0.5000000000
5129  -7.808  -82.585  -43.990 0.5000000000
5130  -8.942  -82.154  -43.743 0.5000000000
5661  -17.544  -81.183  -29.537 0.3000000119
5664  -20.207  -81.468  -29.173 0.3000000119
5689  -23.072  -81.423  -31.088 0.3000000119
5698  -20.694  -81.284  -32.817 0.3000000119
5703  -4.160  -81.077  -33.656 0.6999999881
5706  -20.818  -81.940  -33.367 0.3000000119
5712  -2.766  -81.521  -34.086 0.4000000060
5714  -4.894  -81.901  -34.922 0.6999999881
5717  -18.605  -80.988  -35.182 0.3000000119
5728  -18.588  -80.909  -36.011 0.3000000119
5736  -18.912  -80.740  -37.105 0.3000000119
5741  -4.708  -81.858  -37.585 0.6000000238
5759  -12.872  -80.720  -39.448 0.6000000238
5766  -5.465  -80.966  -41.041 0.5000000000
5792  -14.758  -81.335  -41.993 0.6000000238
5794  -16.774  -81.453  -41.819 0.3000000119
5800  -5.319  -81.367  -43.551 0.5000000000
5801  -9.209  -81.481  -43.929 0.5000000000
5804  -15.705  -81.098  -41.978 0.4000000060
5807  -5.256  -81.828  -43.610 0.5000000000
6370  -22.567  -80.423  -28.962 0.3000000119
6433  -4.609  -80.433  -33.482 0.6999999881
6435  -6.846  -79.802  -33.684 0.6999999881
6436  -18.580  -79.982  -34.190 0.3000000119
6446  -2.528  -80.600  -34.113 0.5000000000
6461  -6.585  -80.713  -35.181 0.6999999881
6471  -1.688  -79.795  -36.054 0.5000000000
6473  -6.848  -80.427  -36.144 0.6999999881
6475  -23.742  -80.309  -36.677 0.3000000119
6476  -24.617  -80.253  -36.732 0.3000000119
6483  -6.581  -80.606  -36.994 0.6999999881
6485  -19.321  -80.489  -37.471 0.3000000119
6498  -13.151  -79.987  -38.699 0.6999999881
6506  -7.282  -79.710  -39.213 0.6999999881
6508  -13.294  -80.343  -38.946 0.6000000238
6510  -20.589  -80.559  -39.718 0.3000000119
6518  -11.785  -80.506  -40.235 0.6000000238
6521  -14.365  -80.504  -40.131 0.6999999881
6522  -20.650  -80.328  -40.620 0.3000000119
6529  -10.866  -81.339  -41.611 0.6000000238
6531  -14.114  -81.296  -41.671 0.6000000238
6532  -14.501  -80.721  -41.436 0.6000000238
6546  -15.570  -80.267  -42.056 0.4000000060
6547  -17.334  -80.167  -42.673 0.3000000119
6548  -17.878  -79.763  -42.866 0.3000000119
6549  -19.320  -79.841  -42.513 0.3000000119
6550  -20.088  -79.534  -42.330 0.4000000060
6560  -16.781  -80.164  -42.479 0.4000000060
6562  -8.039  -80.342  -44.330 0.5000000000
7207  -3.944  -79.875  -33.649 0.6999999881
7209  -5.572  -79.411  -33.476 0.6999999881
7211  -8.059  -79.161  -33.450 0.6999999881
7212  -18.610  -79.330  -34.188 0.3000000119
7222  -2.062  -79.709  -35.212 0.6000000238
7223  -2.576  -79.816  -34.469 0.6999999881
7224  -3.371  -79.484  -34.274 0.6999999881
7228  -18.571  -79.717  -34.777 0.3000000119
7241  -21.126  -79.484  -35.801 0.4000000060
7253  -18.894  -79.904  -36.135 0.4000000060
7255  -20.116  -79.597  -36.747 0.3000000119
7258  -25.008  -79.827  -37.072 0.3000000119
7262  -3.586  -79.352  -37.424 0.5000000000
7266  -19.615  -79.973  -37.209 0.3000000119
7276  -7.475  -79.501  -38.368 0.6999999881
7277  -8.008  -78.883  -38.560 0.6999999881
7278  -13.460  -79.480  -38.615 0.6999999881
7291  -7.652  -79.317  -39.772 0.6999999881
7293  -12.839  -79.694  -38.962 0.6999999881
7307  -15.013  -79.949  -40.499 0.6999999881
7308  -15.554  -79.549  -40.250 0.6000000238
7309  -16.257  -79.169  -40.118 0.5000000000
7325  -21.390  -78.776  -41.911 0.4000000060
7337  -16.524  -79.433  -42.309 0.6000000238
7338  -17.110  -79.185  -42.639 0.5000000000
7340  -18.712  -79.205  -42.955 0.3000000119
7342  -20.816  -78.434  -42.353 0.4000000060
7349  -6.721  -80.124  -43.608 0.5000000000
7351  -8.005  -79.300  -43.852 0.5000000000
7352  -11.151  -79.064  -43.412 0.6000000238
7353  -11.871  -78.938  -42.900 0.6000000238
7354  -16.143  -79.838  -42.223 0.4000000060
7358  -8.390  -79.657  -44.118 0.5000000000
7971  -8.446  -78.183  -33.016 0.6999999881
7985  -4.917  -79.132  -33.891 0.6999999881
7989  -8.521  -78.639  -33.152 0.6999999881
7990  -9.107  -78.592  -33.330 0.6999999881
7992  -18.853  -78.588  -33.893 0.3000000119
8005  -9.133  -78.894  -34.252 0.6000000238
8006  -18.837  -79.201  -35.037 0.4000000060
8009  -20.981  -78.656  -34.562 0.3000000119
8026  -4.621  -78.708  -36.508 0.6999999881
8032  -4.692  -78.745  -37.385 0.6000000238
8034  -8.324  -78.570  -38.017 0.6999999881
8039  -4.771  -78.771  -38.252 0.6000000238
8045  -15.243  -78.267  -38.458 0.5000000000
8046  -16.001  -78.151  -38.518 0.5000000000
8048  -24.509  -78.542  -38.383 0.3000000119
8051  -4.907  -78.752  -39.123 0.6000000238
8054  -12.792  -79.115  -39.428 0.6999999881
8056  -15.637  -78.632  -38.642 0.5000000000
8058  -17.336  -78.372  -39.212 0.4000000060
8062  -24.054  -78.406  -38.949 0.3000000119
8070  -13.081  -78.250  -40.975 0.6999999881
8075  -22.548  -78.095  -40.859 0.4000000060
8083  -12.455  -78.793  -41.420 0.6000000238
8089  -19.998  -77.946  -42.341 0.4000000060
8097  -8.432  -78.453  -42.697 0.6000000238
8098  -12.268  -78.160  -43.184 0.6000000238
8099  -16.879  -79.012  -42.426 0.6000000238
8100  -17.573  -78.822  -42.713 0.5000000000
8103  -20.246  -78.267  -42.475 0.4000000060
8111  -9.467  -78.586  -43.773 0.5000000000
8115  -11.087  -78.267  -43.664 0.5000000000
8709  -8.835  -77.594  -32.840 0.6999999881
8710  -9.598  -77.432  -32.597 0.5000000000
8723  -7.328  -78.158  -33.336 0.6999999881
8726  -10.182  -77.464  -32.871 0.6000000238
8739  -6.747  -77.986  -33.820 0.6999999881
8742  -10.087  -77.913  -33.844 0.5000000000
8744  -19.660  -77.708  -34.176 0.3000000119
8752  -5.795  -77.978  -35.765 0.6999999881
8755  -10.342  -77.349  -34.638 0.5000000000
8762  -5.658  -78.126  -36.534 0.6999999881
8764  -9.612  -77.939  -35.598 0.6000000238
8773  -5.825  -78.078  -37.206 0.6999999881
8782  -6.626  -77.491  -38.174 0.6999999881
8784  -9.917  -76.881  -37.703 0.6000000238
8785  -14.116  -78.237  -38.629 0.6000000238
8786  -14.817  -77.780  -38.553 0.5000000000
8790  -18.472  -77.244  -38.627 0.4000000060
8797  -6.137  -77.967  -39.963 0.5000000000
8798  -6.679  -77.400  -39.652 0.5000000000
8801  -14.700  -77.132  -39.230 0.5000000000
8807  -24.073  -77.746  -39.124 0.3000000119
8819  -22.547  -77.317  -40.781 0.4000000060
8823  -6.580  -77.346  -41.359 0.5000000000
8824  -8.772  -77.902  -42.235 0.5000000000
8827  -14.167  -77.019  -40.976 0.6000000238
8847  -9.664  -77.891  -43.579 0.5000000000
8850  -11.113  -77.625  -43.749 0.5000000000
8852  -12.428  -76.675  -44.127 0.6000000238
9454  -9.911  -76.651  -32.302 0.5000000000
9455  -10.612  -76.292  -32.189 0.5000000000
9470  -8.913  -76.811  -32.964 0.6999999881
9471  -9.426  -76.545  -32.611 0.6000000238
9473  -11.306  -76.067  -32.458 0.5000000000
9497  -7.072  -77.015  -35.668 0.6999999881
9505  -6.812  -77.240  -36.488 0.6999999881
9517  -10.385  -76.578  -36.885 0.5000000000
9527  -9.914  -76.628  -39.010 0.6000000238
9530  -16.879  -77.242  -38.699 0.5000000000
9532  -18.592  -76.552  -38.609 0.4000000060
9550  -15.414  -76.752  -39.230 0.5000000000
9553  -20.826  -76.137  -38.904 0.5000000000
9555  -22.772  -76.254  -39.695 0.4000000060
9563  -7.535  -76.281  -40.944 0.6000000238
9564  -9.733  -76.413  -40.599 0.6000000238
9566  -14.759  -76.615  -40.281 0.6000000238
9567  -15.427  -76.423  -39.965 0.5000000000
9573  -6.798  -76.948  -42.020 0.5000000000
9574  -7.265  -76.373  -42.086 0.5000000000
9576  -10.050  -75.910  -41.396 0.6000000238
9586  -6.343  -76.612  -42.780 0.5000000000
9589  -9.999  -76.175  -42.472 0.5000000000
9606  -13.761  -76.212  -43.924 0.5000000000
9607  -11.601  -76.395  -44.084 0.6000000238
9608  -12.232  -76.217  -44.289 0.6000000238
9610  -13.728  -75.487  -44.576 0.5000000000
10267  -10.731  -75.577  -32.142 0.6000000238
10275  -9.207  -76.091  -33.206 0.6000000238
10277  -10.185  -75.411  -32.457 0.6000000238
10289  -8.556  -76.295  -33.964 0.6000000238
10312  -7.876  -76.168  -36.948 0.6999999881
10313  -9.334  -74.760  -36.066 0.6000000238
10325  -20.506  -74.663  -38.042 0.4000000060
10342  -20.759  -75.082  -38.132 0.4000000060
10351  -8.084  -75.630  -39.575 0.6999999881
10354  -11.705  -74.824  -39.039 0.5000000000
10364  -8.039  -75.651  -40.441 0.6000000238
10366  -18.108  -75.807  -40.215 0.5000000000
10381  -18.475  -75.697  -41.573 0.4000000060
10391  -8.236  -75.173  -42.217 0.6000000238
10407  -7.824  -75.085  -43.010 0.5000000000
10408  -10.580  -75.868  -43.201 0.5000000000
10417  -12.595  -75.584  -44.555 0.6000000238
10419  -14.342  -74.893  -44.503 0.5000000000
11074  -11.988  -74.442  -32.275 0.5000000000
11075  -12.570  -74.439  -32.445 0.5000000000
11076  -13.917  -73.643  -32.707 0.5000000000
11082  -9.618  -75.392  -33.231 0.6000000238
11108  -10.257  -73.940  -35.378 0.6000000238
11119  -8.879  -75.020  -36.854 0.6000000238
11134  -9.005  -74.731  -37.706 0.6999999881
11150  -9.066  -74.472  -38.629 0.6999999881
11151  -9.624  -73.762  -38.520 0.6999999881
11162  -8.918  -74.511  -39.557 0.6999999881
11166  -19.574  -74.665  -38.615 0.5000000000
11176  -8.860  -74.518  -40.357 0.6999999881
11195  -8.853  -74.556  -41.172 0.6000000238
11216  -11.301  -74.606  -42.749 0.5000000000
11232  -7.115  -74.740  -43.502 0.5000000000
11249  -12.802  -74.943  -44.848 0.6000000238
11250  -13.522  -74.528  -45.030 0.5000000000
11251  -14.325  -74.328  -44.837 0.5000000000
11948  -12.180  -73.779  -32.340 0.6000000238
11950  -14.251  -73.144  -32.659 0.5000000000
11957  -12.409  -73.291  -32.726 0.6000000238
11963  -10.997  -73.587  -33.962 0.5000000000
11965  -12.155  -73.035  -33.489 0.6000000238
11986  -11.100  -73.034  -36.457 0.5000000000
12004  -10.624  -73.190  -37.147 0.6000000238
12008  -21.186  -73.612  -37.948 0.4000000060
12009  -21.791  -73.226  -37.948 0.3000000119
12019  -10.126  -73.327  -38.402 0.6000000238
12050  -9.607  -73.590  -39.960 0.6999999881
12055  -20.452  -73.734  -39.702 0.5000000000
12067  -9.620  -73.540  -41.226 0.6999999881
12068  -10.025  -73.100  -41.272 0.6999999881
12069  -13.480  -73.372  -41.029 0.4000000060
12086  -9.544  -73.404  -42.539 0.6000000238
12099  -8.506  -73.690  -43.645 0.6000000238
12100  -9.194  -73.179  -43.520 0.6000000238
12102  -13.070  -73.081  -44.247 0.5000000000
12112  -13.420  -73.633  -44.983 0.5000000000
12113  -14.854  -72.931  -45.032 0.5000000000
12839  -12.219  -72.758  -35.355 0.6000000238
12854  -11.794  -72.772  -36.329 0.5000000000
12886  -11.448  -72.489  -38.408 0.5000000000
12887  -12.182  -72.244  -38.091 0.5000000000
12891  -21.966  -72.788  -38.457 0.3000000119
12905  -11.213  -72.400  -40.134 0.6000000238
12910  -22.280  -72.532  -39.178 0.3000000119
12921  -11.185  -72.303  -41.043 0.6000000238
12934  -11.201  -72.146  -41.977 0.5000000000
12956  -9.636  -72.354  -43.875 0.6000000238
12957  -10.364  -72.037  -43.448 0.6000000238
12968  -8.405  -72.390  -44.528 0.5000000000
13633  -14.412  -71.804  -35.897 0.6000000238
13643  -14.097  -71.706  -36.763 0.6000000238
13645  -15.660  -70.671  -35.672 0.5000000000
13668  -14.254  -70.593  -38.087 0.6000000238
13677  -13.362  -70.895  -40.300 0.5000000000
13703  -11.139  -71.687  -42.955 0.6000000238
13704  -11.657  -71.589  -42.306 0.6000000238
13716  -10.634  -71.190  -43.821 0.6000000238
13728  -7.356  -71.400  -44.584 0.4000000060
13729  -9.020  -71.262  -44.772 0.5000000000
13730  -9.568  -71.197  -44.640 0.6000000238
13731  -10.118  -70.824  -44.412 0.6000000238
14471  -16.159  -69.480  -35.517 0.5000000000
14483  -15.006  -69.562  -36.941 0.5000000000
14494  -14.299  -69.760  -38.334 0.6000000238
14504  -14.135  -70.351  -38.917 0.5000000000
14514  -13.389  -70.511  -41.154 0.5000000000
14523  -13.003  -70.448  -41.896 0.5000000000
14533  -12.601  -70.231  -42.631 0.6000000238
14548  -10.811  -70.399  -44.024 0.6000000238
14549  -11.564  -70.021  -43.677 0.6000000238
14550  -12.321  -69.607  -43.198 0.6000000238
15379  -13.717  -69.503  -40.132 0.5000000000
15380  -14.070  -69.469  -39.210 0.6000000238
15392  -13.428  -69.414  -40.963 0.5000000000
15401  -13.060  -69.119  -41.929 0.5000000000
15435  -12.177  -68.918  -43.307 0.6000000238
15445  -8.451  -70.348  -44.242 0.5000000000
15446  -9.418  -70.326  -44.415 0.5000000000
16279  -12.584  -68.366  -34.080 0.6000000238
16293  -12.023  -68.180  -35.608 0.6000000238
16295  -14.139  -68.546  -35.394 0.6000000238
16311  -11.604  -68.106  -36.662 0.6000000238
16312  -12.035  -68.312  -36.281 0.6000000238
16313  -12.978  -68.563  -36.782 0.6000000238
16325  -11.505  -68.119  -37.512 0.6000000238
16326  -11.958  -68.397  -37.134 0.6000000238
16342  -13.920  -68.865  -38.144 0.6000000238
16352  -11.825  -68.358  -40.198 0.6000000238
16370  -13.048  -68.880  -41.222 0.5000000000
16394  -9.050  -68.455  -42.778 0.6000000238
16397  -12.305  -68.536  -42.799 0.6000000238
16415  -8.478  -69.151  -43.175 0.5000000000
16416  -9.775  -69.180  -43.534 0.6000000238
16417  -11.338  -68.848  -43.437 0.6000000238
17253  -12.441  -67.893  -34.113 0.5000000000
17269  -11.806  -67.831  -36.062 0.6000000238
17300  -11.433  -67.780  -37.972 0.6000000238
17311  -11.581  -68.168  -38.435 0.6000000238
17312  -11.473  -67.839  -39.023 0.6000000238
17322  -11.752  -67.622  -40.015 0.6000000238
17335  -11.743  -68.033  -40.667 0.6000000238
17347  -7.604  -67.061  -41.771 0.6999999881
17350  -11.988  -67.694  -41.616 0.4000000060
17363  -8.325  -67.737  -42.241 0.6000000238
17365  -11.182  -67.422  -42.387 0.6000000238
17366  -11.816  -68.014  -42.573 0.6000000238
18195  -12.739  -67.260  -33.913 0.6000000238
18213  -12.685  -66.699  -35.583 0.6000000238
18229  -13.350  -66.361  -36.473 0.6000000238
18231  -15.271  -66.086  -36.629 0.6000000238
18249  -15.981  -66.261  -37.158 0.6000000238
18264  -12.036  -67.206  -39.193 0.6000000238
18267  -15.341  -66.286  -38.678 0.6000000238
18284  -15.633  -65.939  -39.558 0.5000000000
18299  -13.329  -66.290  -40.784 0.6999999881
18300  -14.332  -65.838  -40.433 0.5000000000
18313  -7.001  -66.426  -41.252 0.6000000238
18316  -11.188  -66.710  -41.946 0.5000000000
18317  -12.529  -66.341  -41.499 0.6000000238
18318  -13.157  -66.054  -41.207 0.6000000238
19117  -10.512  -64.854  -29.466 0.5000000000
19171  -14.173  -66.189  -33.388 0.5000000000
19182  -14.391  -65.735  -34.483 0.6000000238
19202  -15.185  -65.325  -35.014 0.6000000238
19203  -16.679  -64.769  -35.016 0.5000000000
19220  -17.366  -65.657  -36.659 0.5000000000
19252  -17.001  -66.085  -38.311 0.5000000000
19268  -7.950  -65.062  -39.813 0.6000000238
19271  -17.301  -64.870  -39.506 0.5000000000
19277  -8.329  -65.635  -40.435 0.6999999881
19278  -9.392  -65.775  -40.737 0.6999999881
19280  -11.502  -65.475  -40.862 0.6000000238
19281  -12.402  -65.306  -40.995 0.6000000238
19282  -14.466  -65.372  -40.695 0.5000000000
19284  -10.306  -66.246  -41.422 0.6000000238
19286  -12.229  -65.934  -41.468 0.6000000238
19287  -12.958  -65.763  -41.371 0.6000000238
19288  -13.844  -65.725  -40.898 0.5000000000
20096  -10.337  -64.557  -28.842 0.5000000000
20124  -10.956  -64.214  -30.059 0.5000000000
20168  -9.231  -63.779  -33.136 0.6000000238
20169  -15.609  -65.027  -33.467 0.4000000060
20170  -16.250  -64.550  -33.394 0.4000000060
20196  -6.718  -64.062  -35.960 0.6000000238
20215  -17.951  -65.105  -36.030 0.5000000000
20217  -19.239  -64.075  -36.911 0.5000000000
20228  -18.760  -64.607  -37.454 0.5000000000
20243  -6.725  -64.251  -38.686 0.5000000000
20251  -7.111  -64.575  -39.324 0.5000000000
20252  -8.965  -64.565  -39.680 0.6999999881
20256  -12.784  -63.942  -40.199 0.5000000000
20257  -18.194  -64.761  -38.954 0.5000000000
20260  -9.781  -65.158  -40.125 0.6999999881
20262  -11.682  -64.843  -40.261 0.6000000238
20265  -14.513  -64.603  -40.777 0.6000000238
20267  -17.203  -64.024  -40.081 0.6000000238
21115  -9.881  -64.203  -28.456 0.5000000000
21128  -9.950  -63.513  -29.001 0.6000000238
21141  -11.241  -63.542  -29.954 0.6000000238
21142  -11.768  -62.992  -30.666 0.6000000238
21159  -11.863  -63.009  -31.262 0.6000000238
21182  -10.014  -63.564  -32.642 0.6000000238
21201  -8.501  -63.393  -33.727 0.6000000238
21203  -10.418  -62.823  -32.952 0.6999999881
21218  -6.974  -62.862  -35.127 0.6000000238
21234  -6.752  -63.056  -35.753 0.6000000238
21251  -6.588  -63.792  -36.857 0.6000000238
21281  -8.888  -63.175  -38.740 0.6999999881
21283  -10.929  -63.400  -38.690 0.6000000238
21284  -11.839  -63.285  -38.652 0.6000000238
21295  -11.498  -63.805  -39.171 0.6000000238
21296  -12.278  -63.607  -39.347 0.5000000000
21299  -15.983  -63.290  -40.267 0.6000000238
21302  -18.593  -63.533  -39.518 0.5000000000
21303  -19.267  -63.488  -39.131 0.5000000000
21305  -14.204  -63.783  -40.485 0.6000000238
21306  -15.597  -63.964  -40.596 0.5000000000
21307  -16.394  -63.967  -40.410 0.6000000238
22155  -6.869  -62.745  -30.202 0.6000000238
22168  -7.482  -62.615  -30.749 0.6000000238
22169  -8.844  -62.947  -30.145 0.6000000238
22172  -12.005  -62.490  -30.891 0.6000000238
22183  -8.676  -62.123  -31.257 0.6999999881
22200  -11.308  -62.451  -32.684 0.6999999881
22218  -9.701  -62.386  -33.426 0.6000000238
22246  -7.053  -61.467  -35.227 0.6000000238
22261  -6.654  -62.446  -36.387 0.5000000000
22262  -13.080  -61.871  -36.945 0.6999999881
22274  -7.609  -61.988  -37.458 0.5000000000
22275  -8.738  -61.959  -37.588 0.6999999881
22277  -10.959  -62.282  -37.499 0.6000000238
22280  -13.492  -62.167  -37.571 0.6000000238
22287  -8.245  -62.597  -38.101 0.6000000238
22289  -10.435  -62.723  -38.101 0.6000000238
22290  -11.377  -62.809  -38.073 0.6000000238
22297  -14.366  -62.597  -39.354 0.6000000238
22298  -15.391  -62.604  -39.620 0.6000000238
22302  -20.214  -62.209  -39.338 0.5000000000
23187  -5.952  -61.909  -31.295 0.6999999881
23189  -11.607  -62.098  -30.847 0.6000000238
23200  -9.038  -61.514  -31.423 0.6999999881
23203  -12.108  -61.701  -31.550 0.8000000119
23213  -5.541  -60.638  -32.269 0.6999999881
23214  -6.524  -61.007  -32.153 0.6999999881
23215  -7.411  -61.383  -31.893 0.6999999881
23216  -11.695  -61.710  -32.870 0.8000000119
23217  -12.300  -61.493  -32.350 0.8000000119
23240  -7.600  -61.527  -34.650 0.6000000238
23241  -8.909  -60.263  -34.004 0.6000000238
23254  -6.921  -61.198  -35.823 0.6000000238
23265  -6.839  -61.158  -36.478 0.5000000000
23266  -7.448  -60.874  -36.554 0.6000000238
23267  -8.902  -60.571  -36.468 0.6000000238
23268  -9.961  -61.133  -36.799 0.6999999881
23270  -12.604  -61.378  -36.546 0.6000000238
23272  -14.105  -60.987  -36.805 0.6999999881
23277  -7.112  -61.310  -37.015 0.6000000238
23278  -8.024  -61.369  -37.067 0.6000000238
23280  -10.681  -61.753  -37.096 0.6999999881
23284  -14.437  -61.317  -37.419 0.6999999881
23285  -15.035  -60.942  -37.881 0.6999999881
23288  -15.392  -61.369  -38.502 0.6999999881
23290  -17.199  -61.199  -39.064 0.6999999881
23292  -20.600  -61.019  -39.576 0.5000000000
23296  -17.688  -61.811  -39.606 0.6999999881
23298  -19.327  -61.677  -39.809 0.5000000000
23299  -20.079  -61.639  -39.705 0.5000000000
24192  -2.874  -59.980  -31.278 0.6999999881
24194  -4.422  -60.716  -32.020 0.6999999881
24198  -12.138  -60.686  -31.618 0.6999999881
24211  -7.750  -60.087  -32.105 0.6999999881
24219  -11.151  -60.000  -33.077 0.8000000119
24220  -12.095  -60.237  -32.536 0.8000000119
24233  -8.154  -60.016  -34.688 0.6000000238
24251  -7.979  -60.177  -35.379 0.6000000238
24262  -8.029  -60.477  -36.088 0.6000000238
24265  -12.037  -60.710  -36.401 0.6000000238
24266  -12.891  -60.671  -36.252 0.8000000119
24267  -13.722  -60.381  -36.316 0.6999999881
24268  -14.691  -60.611  -37.235 0.6999999881
24278  -17.375  -59.810  -38.044 0.6000000238
24287  -16.757  -60.590  -38.461 0.8000000119
24290  -19.340  -60.389  -39.150 0.6000000238
24293  -19.777  -60.962  -39.850 0.5000000000
25147  -5.266  -59.901  -25.522 0.4000000060
25163  -4.946  -59.865  -26.260 0.4000000060
25165  -6.249  -59.907  -25.713 0.4000000060
25188  -4.957  -59.392  -27.223 0.4000000060
25204  -1.379  -59.730  -29.665 0.5000000000
25205  -1.960  -59.480  -30.065 0.6999999881
25215  -2.334  -59.720  -30.692 0.6999999881
25218  -10.038  -59.205  -30.436 0.6999999881
25226  -3.669  -59.565  -31.707 0.6999999881
25228  -9.654  -59.687  -30.989 0.6000000238
25238  -4.517  -59.295  -32.180 0.6999999881
25239  -5.395  -59.122  -32.642 0.8000000119
25240  -6.090  -59.374  -32.770 0.8000000119
25260  -9.233  -58.997  -34.313 0.6999999881
25288  -9.917  -59.661  -35.998 0.5000000000
25290  -12.284  -59.945  -36.108 0.8000000119
25291  -13.583  -59.464  -35.981 0.8000000119
25294  -16.404  -58.619  -37.005 0.6999999881
25296  -19.479  -58.950  -36.449 0.5000000000
25306  -16.828  -59.230  -37.498 0.8000000119
25307  -18.378  -59.202  -37.887 0.6000000238
25308  -19.319  -59.022  -37.953 0.6000000238
25322  -18.888  -59.801  -38.468 0.5000000000
26220  -12.219  -58.284  -23.130 0.4000000060
26236  -10.319  -58.441  -23.547 0.4000000060
26238  -11.764  -58.341  -23.427 0.4000000060
26239  -12.126  -58.212  -23.551 0.3000000119
26259  -10.902  -58.241  -24.032 0.4000000060
26260  -11.638  -58.256  -23.853 0.4000000060
26292  -3.174  -58.797  -27.658 0.5000000000
26305  -11.042  -57.857  -28.738 0.6000000238
26315  -10.269  -58.071  -29.314 0.6000000238
26316  -10.688  -58.084  -28.974 0.6000000238
26337  -4.592  -58.688  -31.724 0.6999999881
26338  -8.793  -58.580  -31.225 0.8000000119
26339  -10.852  -58.900  -31.014 0.6000000238
26352  -7.152  -57.963  -32.687 0.8000000119
26353  -8.059  -57.951  -32.178 0.6999999881
26354  -10.938  -58.115  -31.619 0.6000000238
26360  -10.103  -58.277  -33.259 0.6999999881
26369  -9.650  -58.065  -34.111 0.6999999881
26370  -10.173  -57.773  -34.481 0.6000000238
26390  -9.831  -58.362  -34.800 0.6999999881
26395  -18.315  -58.450  -35.946 0.6999999881
26411  -15.845  -58.005  -36.523 0.8000000119
27200  -12.613  -57.794  -22.215 0.3000000119
27212  -9.653  -58.004  -22.628 0.4000000060
27214  -12.077  -58.247  -22.587 0.4000000060
27256  -12.166  -57.998  -23.824 0.3000000119
27282  -14.433  -57.402  -27.896 0.5000000000
27293  -11.600  -57.498  -28.574 0.6000000238
27294  -12.886  -57.423  -28.045 0.5000000000
27295  -13.903  -57.648  -28.138 0.5000000000
27297  -15.191  -57.365  -28.145 0.5000000000
27310  -12.308  -57.399  -28.497 0.5000000000
27312  -14.464  -57.664  -28.600 0.5000000000
27320  -4.854  -57.868  -30.319 0.6000000238
27322  -9.647  -57.806  -29.869 0.5000000000
27324  -12.561  -57.380  -29.126 0.6000000238
27326  -14.604  -57.413  -29.477 0.6000000238
27337  -7.365  -56.670  -32.563 0.6999999881
27338  -8.052  -56.893  -32.370 0.6999999881
27343  -16.964  -57.901  -31.638 0.5000000000
27353  -5.979  -57.578  -32.446 0.8000000119
27354  -6.765  -57.311  -32.685 0.6999999881
27357  -10.829  -57.058  -32.248 0.6000000238
27367  -10.515  -56.923  -33.174 0.6000000238
27387  -11.751  -57.388  -34.918 0.6000000238
27389  -14.888  -57.125  -35.699 0.6999999881
27390  -15.702  -57.262  -35.939 0.6000000238
27391  -16.363  -57.068  -35.457 0.6999999881
27392  -17.059  -57.382  -35.658 0.6000000238
28219  -10.587  -56.819  -24.286 0.4000000060
28238  -12.291  -56.633  -27.889 0.6000000238
28239  -14.243  -57.076  -27.664 0.5000000000
28251  -11.232  -57.258  -28.513 0.6000000238
28274  -5.883  -56.765  -30.252 0.5000000000
28275  -6.430  -56.642  -31.173 0.8000000119
28276  -9.447  -56.606  -30.205 0.5000000000
28279  -14.721  -56.908  -30.572 0.6000000238
28280  -15.723  -57.336  -30.134 0.5000000000
28287  -7.316  -56.264  -32.020 0.6000000238
28288  -7.975  -55.973  -32.565 0.6000000238
28292  -13.342  -56.014  -31.401 0.6000000238
28293  -14.739  -56.587  -31.539 0.6000000238
28294  -15.662  -56.992  -31.264 0.6000000238
28305  -11.869  -55.910  -32.150 0.6000000238
28307  -16.159  -57.244  -31.898 0.6000000238
28315  -11.749  -55.788  -33.217 0.6000000238
28316  -12.743  -55.699  -33.713 0.6999999881
28317  -15.460  -56.548  -33.686 0.6999999881
28328  -12.134  -56.178  -34.173 0.8000000119
28330  -14.143  -56.070  -34.505 0.6999999881
28331  -15.070  -56.301  -34.458 0.6999999881
28339  -14.643  -56.474  -35.182 0.8000000119
28340  -15.633  -56.679  -35.232 0.6999999881
29198  -4.971  -55.731  -26.826 0.4000000060
29199  -5.244  -55.157  -26.525 0.4000000060
29204  -4.881  -56.025  -27.406 0.4000000060
29208  -14.455  -56.473  -27.832 0.5000000000
29217  -5.852  -55.225  -28.459 0.4000000060
29222  -15.417  -56.191  -28.086 0.5000000000
29223  -16.349  -56.342  -28.388 0.5000000000
29232  -9.092  -54.585  -30.427 0.6000000238
29260  -8.382  -55.568  -31.826 0.6000000238
29261  -8.989  -55.878  -31.248 0.6000000238
29262  -13.941  -56.003  -31.855 0.6999999881
29271  -12.501  -55.525  -32.881 0.6999999881
29272  -14.566  -56.201  -32.442 0.6999999881
29273  -15.068  -56.376  -33.067 0.6000000238
29293  -14.036  -55.867  -33.839 0.6999999881
29294  -14.544  -56.024  -34.008 0.6999999881
30128  -5.990  -54.880  -21.939 0.4000000060
30155  -7.670  -53.817  -23.714 0.4000000060
30187  -5.475  -54.614  -26.319 0.4000000060
30188  -5.736  -54.117  -26.420 0.4000000060
30201  -11.336  -53.771  -28.176 0.4000000060
30216  -10.719  -54.328  -28.343 0.5000000000
30220  -14.373  -54.928  -28.694 0.5000000000
30235  -6.725  -54.784  -29.210 0.5000000000
30238  -9.393  -54.466  -29.439 0.5000000000
30240  -14.179  -54.177  -29.241 0.5000000000
30251  -8.356  -54.537  -30.652 0.5000000000
31149  -7.481  -52.996  -23.559 0.5000000000
31166  -6.786  -53.245  -24.530 0.5000000000
31180  -6.224  -53.798  -25.170 0.5000000000
31187  -6.071  -53.632  -25.870 0.4000000060
31188  -6.707  -53.149  -26.098 0.4000000060
31207  -11.435  -53.098  -28.410 0.4000000060
31216  -8.014  -53.548  -28.125 0.4000000060
31219  -12.156  -53.225  -29.179 0.4000000060
32087  -6.254  -52.574  -21.108 0.3000000119
32113  -8.550  -51.596  -23.310 0.3000000119
32141  -7.420  -51.783  -24.913 0.5000000000
32188  -11.180  -52.061  -28.506 0.4000000060
32200  -12.485  -52.530  -29.713 0.4000000060
32201  -13.185  -52.691  -30.088 0.4000000060
33089  -7.494  -51.757  -23.801 0.5000000000
33104  -7.643  -51.135  -24.218 0.5000000000
33129  -8.110  -51.419  -25.587 0.4000000060
33149  -10.555  -51.568  -27.918 0.4000000060
33173  -12.950  -51.867  -30.068 0.4000000060
33183  -14.239  -51.747  -30.679 0.4000000060
34080  -9.384  -50.664  -26.720 0.4000000060
34103  -12.809  -50.991  -29.775 0.4000000060
35030  -12.743  -50.315  -29.232 0.4000000060
35048  -14.770  -50.149  -30.444 0.4000000060
121412  -6.528  -80.923  -44.080 0.4000000060
121972  -7.695  -80.981  -44.355 0.5000000000
122129  -24.707  -77.138  -37.736 0.3000000119
123294  -14.146  -57.805  -35.787 0.8000000119
123369  -13.520  -66.583  -38.247 0.6000000238
123433  -6.533  -54.956  -24.600 0.5000000000
123459  -16.978  -65.676  -39.067 0.5000000000
123601  -5.027  -58.010  -31.267 0.6999999881
123613  -16.437  -86.579  -24.828 0.3000000119
123818  -8.329  -75.673  -36.867 0.6999999881
123913  -11.943  -75.808  -33.974 0.5000000000
123990  -22.306  -73.272  -37.596 0.3000000119
124274  -12.644  -57.713  -35.306 0.8000000119
124407  -19.153  -62.940  -39.545 0.5000000000
124437  -13.897  -62.318  -38.399 0.6000000238
124474  -9.689  -73.387  -41.771 0.6000000238
124579  -19.161  -77.436  -39.062 0.4000000060
124622  -10.450  -76.293  -37.846 0.6000000238
124846  -18.989  -86.322  -36.479 0.3000000119
125105  -18.167  -62.395  -39.837 0.6999999881
125228  -7.998  -78.855  -42.029 0.6000000238
125316  -5.550  -78.408  -40.377 0.5000000000
125648  -7.431  -79.809  -36.587 0.6999999881
126036  -7.098  -79.977  -37.890 0.6999999881
126097  -11.282  -73.311  -34.630 0.5000000000
126588  -13.376  -69.198  -40.463 0.5000000000
126762  -4.861  -81.414  -39.114 0.6000000238
126957  -12.604  -68.684  -42.379 0.4000000060
127391  -11.309  -72.459  -39.243 0.6000000238
127441  -10.795  -58.335  -35.206 0.6000000238
127472  -18.904  -62.355  -39.793 0.6999999881
127603  -13.909  -57.624  -28.797 0.5000000000
128875  -15.116  -65.072  -40.583 0.6000000238
129207  -8.254  -71.345  -44.735 0.5000000000
129813  -9.531  -77.697  -36.519 0.6000000238
130200  -6.737  -58.828  -32.743 0.8000000119
130480  -12.116  -67.049  -41.766 0.6000000238
130520  -5.258  -80.063  -33.440 0.6999999881
130530  -12.388  -68.288  -34.886 0.6000000238
130848  -5.557  -57.626  -31.738 0.6999999881
131073  -5.988  -61.361  -31.858 0.6999999881
131134  -13.540  -55.830  -33.979 0.6999999881
131291  -9.189  -71.857  -44.584 0.6000000238
131478  -6.007  -78.015  -38.018 0.6999999881
131536  -13.092  -66.557  -34.783 0.6000000238
131608  -11.941  -68.494  -38.012 0.6000000238
131616  -7.500  -76.535  -37.880 0.6999999881
131644  -23.597  -83.452  -33.967 0.3000000119
131714  -10.316  -58.140  -22.622 0.5000000000
131959  -13.166  -73.797  -32.495 0.5000000000
132079  -10.457  -73.140  -37.946 0.6000000238
132095  -3.930  -59.080  -27.732 0.5000000000
133357  -8.712  -74.707  -41.861 0.6000000238
134101  -11.684  -67.415  -38.383 0.6000000238
134307  -21.876  -79.420  -40.539 0.3000000119
134765  -5.974  -58.680  -32.898 0.8000000119
134778  -5.322  -81.396  -34.370 0.6999999881
134995  -7.273  -80.590  -44.237 0.5000000000
135053  -8.462  -75.082  -40.808 0.6000000238
135093  -7.711  -59.349  -23.921 0.4000000060
135980  -24.379  -83.313  -30.020 0.3000000119
136136  -8.328  -58.001  -22.849 0.4000000060
136272  -3.472  -79.475  -38.132 0.5000000000
136491  -14.901  -64.035  -40.564 0.5000000000
136492  -5.295  -80.502  -33.546 0.6999999881
136504  -10.693  -58.450  -22.976 0.4000000060
137179  -6.348  -77.235  -42.276 0.5000000000
137599  -12.027  -62.738  -30.987 0.6000000238
137721  -8.395  -78.420  -40.004 0.6000000238
137778  -14.878  -59.276  -36.723 0.8000000119
138644  -14.508  -66.438  -38.160 0.6000000238
138808  -10.639  -77.699  -43.693 0.5000000000
138903  -17.371  -81.348  -41.937 0.3000000119
139307  -21.830  -82.401  -33.414 0.3000000119
139549  -7.573  -76.460  -37.313 0.6999999881
139557  -10.591  -55.942  -24.009 0.4000000060
139718  -7.301  -79.253  -33.399 0.6999999881
139860  -13.825  -66.019  -34.871 0.6000000238
139884  -13.694  -66.990  -32.575 0.6000000238
140572  -6.799  -77.291  -38.889 0.6999999881
140840  -17.660  -86.134  -37.565 0.4000000060
140897  -10.960  -63.842  -39.151 0.6000000238
141006  -10.751  -57.656  -22.297 0.4000000060
141065  -22.760  -81.781  -31.899 0.3000000119
141349  -6.641  -77.432  -36.977 0.6999999881
141729  -8.118  -75.720  -38.751 0.6999999881
141747  -14.376  -60.321  -36.678 0.6999999881
141865  -18.711  -80.708  -36.594 0.3000000119
142121  -20.164  -81.466  -33.342 0.3000000119
142369  -18.524  -80.376  -34.758 0.4000000060
142386  -12.332  -68.663  -39.660 0.5000000000
142436  -9.315  -53.280  -27.414 0.4000000060
142678  -13.002  -64.482  -40.632 0.6000000238
142862  -4.728  -81.360  -41.437 0.4000000060
143176  -4.600  -81.519  -39.842 0.5000000000
143246  -7.101  -78.971  -33.301 0.6999999881
143294  -13.054  -68.820  -39.176 0.6000000238
143341  -2.790  -79.598  -36.740 0.5000000000
143372  -11.807  -55.797  -23.717 0.3000000119
143376  -15.398  -57.497  -29.345 0.5000000000
143449  -12.932  -73.488  -41.494 0.4000000060
143533  -11.243  -75.009  -43.326 0.5000000000
144002  -4.648  -82.282  -36.237 0.6000000238
144055  -10.490  -59.201  -30.668 0.6999999881
144305  -8.823  -78.017  -42.879 0.5000000000
144419  -9.212  -78.208  -36.139 0.6999999881
144704  -10.587  -68.994  -43.534 0.6000000238
144760  -14.741  -61.491  -38.061 0.6999999881
144765  -11.363  -82.230  -41.068 0.6000000238
144934  -17.979  -62.829  -39.937 0.6000000238
145000  -10.915  -74.807  -41.030 0.6000000238
145203  -20.567  -79.482  -36.308 0.4000000060
145213  -7.765  -79.583  -36.190 0.6999999881
145470  -11.019  -69.919  -43.920 0.6000000238
145572  -24.442  -79.068  -38.213 0.4000000060
145707  -8.783  -81.673  -44.072 0.5000000000
