#!ascii label  , from subject sub-v1s0x0050642_ses-1 vox2ras=TkReg
2164
8748  -29.904  -77.876  -34.152 0.1000000015
8757  -29.287  -77.424  -34.389 0.1000000015
10296  -27.304  -75.487  -34.309 0.1000000015
9502  -28.125  -76.123  -34.949 0.1000000015
10309  -27.523  -75.535  -35.388 0.1000000015
9512  -28.704  -77.144  -36.774 0.1000000015
11128  -27.036  -75.000  -36.801 0.1000000015
9539  -28.256  -76.544  -38.148 0.1000000015
9557  -28.265  -76.275  -38.955 0.1000000015
10345  -27.644  -75.861  -38.678 0.1000000015
9558  -28.662  -76.345  -39.045 0.1000000015
10358  -27.770  -75.839  -39.698 0.1000000015
10344  -27.089  -75.438  -39.425 0.1000000015
10369  -27.718  -75.540  -40.508 0.1000000015
11207  -29.288  -74.637  -41.281 0.1000000015
10357  -27.119  -75.522  -40.369 0.1000000015
10385  -28.097  -75.318  -41.018 0.1000000015
9493  -31.197  -77.130  -34.378 0.1000000015
8749  -30.228  -77.889  -34.948 0.1000000015
126959  -30.561  -77.692  -34.974 0.1000000015
139775  -29.261  -77.528  -35.498 0.1000000015
9492  -30.976  -76.533  -34.943 0.1000000015
123182  -30.423  -77.211  -36.066 0.1000000015
8768  -29.185  -77.517  -36.311 0.1000000015
8770  -30.052  -77.317  -36.590 0.1000000015
9521  -28.688  -76.945  -37.588 0.1000000015
9523  -29.472  -76.628  -37.811 0.1000000015
9541  -29.049  -76.631  -38.498 0.1000000015
10359  -28.272  -75.919  -39.695 0.1000000015
12898  -35.404  -72.125  -38.256 0.1000000015
12928  -33.672  -72.244  -40.595 0.1000000015
12061  -33.313  -73.087  -40.068 0.1000000015
124668  -32.750  -73.584  -39.960 0.1000000015
12060  -31.605  -73.737  -40.674 0.1000000015
11208  -30.632  -74.153  -40.945 0.1000000015
11186  -30.289  -74.683  -40.417 0.1000000015
10372  -29.640  -75.278  -40.142 0.1000000015
10386  -28.857  -75.135  -40.940 0.1000000015
10370  -28.411  -75.570  -40.382 0.1000000015
10262  -31.367  -76.151  -31.381 0.1000000015
11079  -30.211  -74.548  -32.348 0.2000000030
10271  -30.722  -75.524  -32.762 0.2000000030
9480  -31.354  -76.975  -33.515 0.1000000015
126353  -30.398  -74.866  -33.183 0.1000000015
10283  -31.174  -76.331  -33.189 0.1000000015
11089  -30.365  -74.745  -33.962 0.1000000015
10297  -30.699  -75.611  -34.496 0.1000000015
17186  -38.612  -68.182  -30.868 0.1000000015
16222  -38.847  -68.763  -30.982 0.1000000015
11103  -30.176  -74.652  -34.976 0.1000000015
133042  -30.146  -75.120  -35.971 0.1000000015
9513  -30.190  -76.803  -36.724 0.1000000015
141622  -38.834  -69.143  -31.390 0.1000000015
15281  -38.604  -69.554  -31.525 0.1000000015
14414  -38.260  -69.857  -31.145 0.1000000015
13614  -36.267  -71.738  -33.224 0.1000000015
12819  -35.905  -72.067  -33.650 0.1000000015
12834  -35.686  -72.139  -34.560 0.1000000015
10318  -30.068  -75.771  -36.836 0.1000000015
138860  -29.754  -76.022  -38.176 0.1000000015
9559  -29.089  -76.272  -39.113 0.1000000015
14427  -37.518  -70.662  -32.201 0.1000000015
13627  -36.555  -71.162  -33.741 0.1000000015
13626  -36.138  -71.724  -34.191 0.1000000015
131755  -34.982  -72.895  -36.094 0.1000000015
11997  -33.284  -73.449  -37.182 0.1000000015
143062  -33.297  -73.757  -38.241 0.1000000015
13637  -35.882  -71.829  -36.039 0.1000000015
12879  -34.948  -72.749  -37.707 0.1000000015
12864  -34.807  -72.934  -36.910 0.1000000015
12014  -33.707  -73.578  -37.703 0.1000000015
11158  -31.719  -74.167  -39.125 0.1000000015
11170  -31.413  -74.247  -39.605 0.1000000015
12896  -33.962  -73.236  -38.984 0.1000000015
12042  -33.297  -73.497  -39.449 0.1000000015
127013  -33.266  -73.755  -38.756 0.1000000015
11187  -31.079  -74.269  -40.244 0.1000000015
11169  -30.332  -74.854  -39.744 0.1000000015
137813  -28.904  -75.909  -39.767 0.1000000015
11068  -30.287  -74.648  -31.357 0.2000000030
10234  -31.995  -75.639  -29.759 0.2000000030
11942  -29.884  -73.820  -31.606 0.1000000015
11088  -30.101  -73.994  -33.267 0.1000000015
19146  -38.699  -65.496  -31.199 0.1000000015
18136  -38.931  -67.234  -31.195 0.1000000015
11102  -30.103  -73.934  -34.261 0.1000000015
11117  -29.937  -74.100  -35.786 0.1000000015
11980  -30.267  -73.286  -35.530 0.1000000015
15253  -38.457  -69.356  -30.850 0.1000000015
13606  -36.984  -71.059  -31.952 0.1000000015
13605  -36.365  -71.627  -32.427 0.1000000015
138836  -29.926  -74.518  -36.694 0.1000000015
124366  -35.872  -71.804  -32.264 0.1000000015
12818  -35.511  -72.305  -33.596 0.1000000015
12849  -34.704  -72.827  -35.388 0.1000000015
12847  -33.159  -72.682  -35.772 0.1000000015
11996  -31.983  -73.214  -37.318 0.1000000015
11145  -30.460  -74.096  -37.955 0.1000000015
122620  -29.877  -75.063  -37.751 0.1000000015
11157  -30.656  -74.674  -39.140 0.1000000015
10360  -29.516  -75.683  -39.449 0.1000000015
11928  -29.845  -72.970  -29.538 0.1000000015
120988  -30.443  -73.321  -28.879 0.1000000015
12786  -29.669  -72.553  -30.756 0.1000000015
11934  -29.726  -73.098  -30.356 0.1000000015
124012  -29.997  -73.594  -29.990 0.1000000015
11044  -30.527  -74.338  -29.896 0.2000000030
11045  -31.481  -74.864  -29.445 0.2000000030
11935  -29.947  -73.933  -30.695 0.2000000030
11035  -31.891  -74.466  -28.788 0.2000000030
11046  -32.398  -75.251  -29.099 0.2000000030
11952  -29.951  -73.570  -32.376 0.1000000015
140388  -29.712  -72.688  -31.314 0.1000000015
12796  -29.979  -72.934  -32.312 0.1000000015
11960  -30.207  -73.287  -33.771 0.1000000015
18150  -38.379  -66.387  -31.017 0.1000000015
17185  -37.232  -67.322  -30.367 0.1000000015
17166  -36.889  -68.140  -30.044 0.1000000015
16212  -36.583  -68.690  -29.821 0.1000000015
11968  -30.231  -73.270  -34.583 0.1000000015
20146  -39.077  -64.597  -31.405 0.1000000015
20145  -38.179  -64.732  -31.066 0.1000000015
16221  -38.234  -68.921  -30.555 0.1000000015
15252  -37.746  -69.448  -30.470 0.1000000015
140876  -36.507  -70.985  -31.327 0.1000000015
13595  -36.036  -71.358  -31.564 0.1000000015
12800  -35.027  -72.202  -32.993 0.1000000015
139393  -33.576  -71.833  -33.647 0.1000000015
12846  -31.984  -72.439  -35.784 0.1000000015
12830  -31.514  -72.298  -34.912 0.1000000015
126636  -39.879  -64.811  -31.612 0.1000000015
12817  -34.909  -72.410  -33.710 0.1000000015
12832  -33.839  -72.577  -34.966 0.1000000015
12862  -32.561  -72.872  -36.547 0.1000000015
12861  -31.348  -72.760  -36.532 0.1000000015
11995  -30.686  -73.362  -37.181 0.1000000015
20147  -39.779  -64.101  -31.607 0.1000000015
21171  -40.661  -63.156  -31.710 0.1000000015
20148  -41.632  -64.340  -32.222 0.1000000015
22191  -41.138  -62.437  -31.674 0.1000000015
122555  -30.057  -70.700  -29.087 0.1000000015
12784  -29.688  -72.204  -29.430 0.1000000015
14394  -30.479  -70.526  -29.710 0.1000000015
129791  -30.003  -71.152  -29.874 0.1000000015
139853  -30.201  -72.220  -27.934 0.1000000015
11922  -31.317  -73.688  -28.471 0.2000000030
14406  -30.609  -70.694  -30.248 0.1000000015
13590  -30.191  -71.730  -31.313 0.1000000015
13589  -29.817  -72.218  -31.146 0.1000000015
11923  -32.291  -74.013  -28.189 0.2000000030
14395  -31.269  -70.166  -30.079 0.1000000015
13582  -30.389  -71.175  -30.708 0.1000000015
22177  -37.533  -62.522  -30.664 0.1000000015
21148  -37.671  -64.040  -30.861 0.1000000015
20131  -36.790  -65.059  -30.417 0.1000000015
19135  -37.119  -65.677  -30.565 0.1000000015
18134  -36.793  -66.490  -30.301 0.1000000015
17184  -36.474  -67.308  -29.953 0.1000000015
14396  -32.188  -69.703  -30.123 0.1000000015
14418  -31.869  -70.727  -31.490 0.1000000015
13599  -30.707  -71.756  -32.185 0.1000000015
12797  -30.341  -72.497  -32.628 0.1000000015
19145  -37.865  -65.581  -30.889 0.1000000015
14400  -36.254  -69.456  -29.994 0.1000000015
14399  -35.659  -69.651  -30.057 0.1000000015
13585  -35.514  -70.991  -31.216 0.1000000015
13601  -32.222  -71.378  -32.867 0.1000000015
13600  -31.393  -71.613  -32.738 0.1000000015
140225  -30.476  -72.827  -34.113 0.1000000015
23194  -37.830  -61.685  -30.542 0.1000000015
15251  -36.934  -69.671  -30.300 0.1000000015
13586  -36.178  -70.801  -30.969 0.1000000015
13584  -34.736  -70.999  -31.465 0.1000000015
13592  -33.776  -71.204  -32.213 0.1000000015
13602  -33.430  -71.488  -32.938 0.1000000015
12815  -32.102  -71.949  -34.212 0.1000000015
12814  -31.088  -72.359  -33.975 0.1000000015
21149  -38.025  -63.195  -30.956 0.1000000015
21169  -38.864  -63.126  -31.274 0.1000000015
22178  -38.496  -62.263  -30.922 0.1000000015
22189  -39.429  -62.417  -31.232 0.1000000015
22190  -40.264  -62.482  -31.437 0.1000000015
23209  -41.650  -61.637  -31.542 0.1000000015
131649  -42.476  -62.978  -32.255 0.1000000015
13574  -29.870  -71.728  -28.259 0.1000000015
15233  -30.732  -70.058  -29.245 0.1000000015
15214  -30.623  -69.499  -27.976 0.1000000015
128921  -30.062  -70.604  -27.708 0.1000000015
11921  -30.664  -72.938  -28.137 0.1000000015
15234  -31.619  -69.575  -29.452 0.1000000015
15221  -31.986  -69.002  -28.861 0.1000000015
11912  -31.634  -73.272  -27.777 0.1000000015
15222  -33.094  -68.766  -28.944 0.1000000015
15235  -32.639  -69.282  -29.586 0.1000000015
137258  -37.202  -63.358  -30.646 0.1000000015
19134  -36.454  -65.699  -30.193 0.1000000015
18124  -36.122  -66.487  -29.882 0.1000000015
15236  -33.803  -69.278  -29.664 0.1000000015
14408  -32.321  -70.230  -30.851 0.1000000015
12778  -32.025  -72.866  -27.083 0.1000000015
11898  -33.039  -73.169  -26.886 0.2000000030
143410  -36.552  -63.456  -30.330 0.1000000015
17165  -36.104  -67.972  -29.528 0.1000000015
15225  -35.667  -68.668  -29.392 0.1000000015
139288  -34.935  -69.825  -30.242 0.1000000015
14398  -34.147  -69.851  -30.362 0.1000000015
14419  -32.988  -70.731  -31.652 0.1000000015
23195  -38.571  -61.427  -30.649 0.1000000015
22179  -39.335  -61.551  -30.881 0.1000000015
143226  -39.637  -60.988  -30.721 0.1000000015
137623  -40.213  -61.145  -30.942 0.1000000015
23208  -40.714  -61.753  -31.338 0.1000000015
24202  -41.178  -60.976  -31.174 0.1000000015
23210  -42.645  -61.575  -31.803 0.1000000015
16183  -32.052  -68.143  -27.561 0.1000000015
15215  -31.331  -68.849  -28.000 0.1000000015
16182  -30.634  -69.230  -27.284 0.1000000015
142728  -32.771  -68.164  -27.884 0.1000000015
15220  -31.027  -69.466  -28.683 0.1000000015
131404  -30.326  -69.969  -27.504 0.1000000015
13564  -30.160  -71.430  -27.454 0.1000000015
16199  -32.437  -68.488  -28.257 0.1000000015
14378  -30.278  -70.510  -27.054 0.1000000015
12777  -30.890  -72.436  -27.338 0.1000000015
16201  -34.413  -68.205  -28.550 0.1000000015
16200  -33.459  -68.256  -28.229 0.1000000015
13555  -30.491  -71.076  -26.596 0.1000000015
22161  -36.248  -62.236  -30.003 0.1000000015
21134  -36.074  -63.045  -30.072 0.1000000015
21133  -35.588  -63.325  -29.687 0.1000000015
129147  -36.015  -63.940  -29.929 0.1000000015
19107  -35.312  -65.554  -29.062 0.1000000015
17164  -35.515  -67.432  -29.123 0.1000000015
17149  -35.545  -68.014  -29.123 0.1000000015
16202  -35.172  -68.218  -28.951 0.1000000015
15223  -34.167  -68.680  -29.002 0.1000000015
13556  -31.096  -71.539  -26.231 0.1000000015
138826  -31.485  -72.179  -26.615 0.1000000015
23193  -36.998  -61.931  -30.343 0.1000000015
130438  -35.917  -67.185  -29.558 0.1000000015
16203  -35.895  -68.480  -29.423 0.1000000015
145476  -34.448  -69.520  -29.967 0.1000000015
12766  -32.486  -72.442  -26.454 0.1000000015
23182  -37.314  -61.124  -30.170 0.1000000015
24188  -38.151  -60.899  -30.338 0.1000000015
24189  -39.082  -60.744  -30.512 0.1000000015
25222  -39.532  -59.910  -30.186 0.1000000015
25224  -40.893  -58.963  -30.156 0.1000000015
24190  -40.784  -60.367  -30.760 0.1000000015
25225  -42.101  -59.023  -30.831 0.1000000015
16171  -32.382  -67.571  -26.982 0.1000000015
122312  -31.612  -67.941  -26.913 0.1000000015
16170  -31.074  -68.149  -26.517 0.1000000015
17128  -32.529  -67.080  -26.484 0.1000000015
16169  -30.631  -68.856  -26.395 0.1000000015
127897  -33.031  -67.830  -27.569 0.1000000015
18089  -33.068  -66.740  -26.620 0.1000000015
15197  -30.461  -69.521  -25.913 0.1000000015
16185  -34.497  -67.766  -28.280 0.1000000015
128910  -33.865  -67.804  -27.791 0.1000000015
14375  -30.457  -70.291  -26.289 0.1000000015
24178  -36.083  -60.933  -29.495 0.1000000015
20116  -35.590  -64.764  -29.498 0.1000000015
18114  -35.073  -66.910  -28.671 0.1000000015
17139  -34.590  -67.154  -28.132 0.1000000015
17129  -34.057  -67.322  -27.548 0.1000000015
13548  -30.835  -70.883  -25.899 0.1000000015
24179  -36.831  -60.483  -29.694 0.1000000015
23180  -35.689  -61.705  -29.511 0.1000000015
22160  -35.586  -62.621  -29.662 0.1000000015
124455  -35.295  -63.921  -29.359 0.1000000015
20102  -34.952  -64.676  -28.790 0.1000000015
139671  -35.095  -66.187  -28.708 0.1000000015
143195  -31.446  -71.305  -25.697 0.1000000015
25211  -37.605  -59.697  -29.579 0.1000000015
25212  -38.436  -59.322  -29.553 0.1000000015
26322  -38.890  -58.700  -29.230 0.1000000015
25213  -39.196  -59.286  -29.708 0.1000000015
26323  -39.733  -58.520  -29.422 0.1000000015
26334  -41.245  -58.218  -30.109 0.1000000015
26333  -40.560  -58.341  -29.695 0.1000000015
135379  -33.360  -66.136  -26.718 0.1000000015
136066  -32.827  -66.182  -26.349 0.1000000015
18088  -32.450  -66.609  -26.143 0.1000000015
16167  -30.818  -68.059  -25.813 0.1000000015
19075  -33.542  -65.322  -26.955 0.1000000015
16166  -30.551  -68.759  -25.439 0.1000000015
20101  -34.455  -64.241  -28.317 0.1000000015
19092  -34.481  -64.983  -28.059 0.1000000015
19091  -34.036  -65.197  -27.476 0.1000000015
18090  -33.698  -66.772  -27.047 0.1000000015
24172  -36.019  -60.194  -29.129 0.1000000015
24171  -35.435  -60.938  -29.125 0.1000000015
21119  -35.090  -63.115  -29.281 0.1000000015
19106  -34.836  -65.598  -28.412 0.1000000015
14366  -30.646  -70.189  -25.494 0.1000000015
25210  -36.766  -59.745  -29.297 0.1000000015
14367  -31.294  -70.782  -25.230 0.1000000015
13549  -32.279  -71.317  -25.297 0.1000000015
25203  -37.156  -59.101  -29.037 0.1000000015
26310  -37.632  -58.399  -28.602 0.1000000015
26311  -38.533  -58.158  -28.728 0.1000000015
27303  -39.097  -57.403  -28.278 0.1000000015
26312  -39.409  -57.916  -28.890 0.1000000015
27290  -39.424  -56.670  -27.998 0.1000000015
28248  -39.683  -56.157  -28.198 0.1000000015
27319  -40.871  -57.557  -29.703 0.1000000015
17119  -31.979  -66.968  -25.964 0.1000000015
17127  -31.642  -67.518  -26.286 0.1000000015
17110  -30.947  -67.139  -24.698 0.1000000015
17117  -30.669  -67.931  -24.849 0.1000000015
25200  -34.693  -59.960  -28.181 0.1000000015
22148  -34.548  -62.833  -28.747 0.1000000015
21097  -34.123  -63.473  -28.133 0.1000000015
20086  -33.690  -64.634  -27.262 0.1000000015
26309  -36.751  -58.657  -28.454 0.1000000015
26308  -35.929  -58.901  -28.283 0.1000000015
25201  -35.542  -59.625  -28.556 0.1000000015
143077  -35.040  -61.559  -29.066 0.1000000015
23173  -34.541  -61.940  -28.675 0.1000000015
133305  -34.721  -63.709  -28.792 0.1000000015
134835  -30.550  -69.446  -25.061 0.1000000015
26300  -37.239  -57.922  -28.006 0.1000000015
27288  -37.896  -57.069  -27.420 0.1000000015
27302  -38.205  -57.655  -28.114 0.1000000015
135864  -38.737  -56.388  -27.118 0.1000000015
27289  -38.866  -56.902  -27.652 0.1000000015
28236  -38.865  -55.684  -26.732 0.1000000015
28247  -39.301  -56.046  -27.467 0.1000000015
29215  -39.459  -55.638  -27.906 0.1000000015
20070  -32.639  -64.328  -26.308 0.1000000015
19057  -32.273  -65.854  -25.869 0.1000000015
18075  -31.862  -66.536  -25.587 0.1000000015
18074  -31.320  -66.552  -24.953 0.1000000015
19045  -31.128  -65.867  -24.535 0.1000000015
21076  -32.919  -63.630  -26.705 0.1000000015
26299  -36.327  -58.230  -27.891 0.1000000015
144346  -35.603  -58.483  -27.824 0.1000000015
27287  -36.781  -57.474  -27.431 0.1000000015
28235  -38.412  -55.510  -26.041 0.1000000015
29214  -39.014  -55.231  -27.212 0.1000000015
30231  -38.739  -54.721  -27.422 0.1000000015
20054  -32.272  -64.901  -25.856 0.1000000015
133135  -31.432  -65.144  -24.877 0.1000000015
142037  -33.153  -62.858  -27.104 0.1000000015
25193  -35.137  -59.057  -28.027 0.1000000015
25192  -34.300  -59.152  -27.506 0.1000000015
24170  -34.704  -60.983  -28.583 0.1000000015
23164  -34.070  -61.549  -28.103 0.1000000015
125961  -33.640  -62.919  -27.681 0.1000000015
27279  -36.391  -56.988  -26.829 0.1000000015
28234  -37.344  -56.212  -26.116 0.1000000015
29203  -38.738  -54.952  -26.256 0.1000000015
30209  -38.290  -54.174  -26.782 0.1000000015
30230  -37.930  -54.556  -27.745 0.1000000015
144012  -32.423  -63.579  -26.221 0.1000000015
23148  -33.225  -61.239  -27.072 0.1000000015
22121  -32.927  -62.020  -26.817 0.1000000015
135930  -32.522  -62.775  -26.427 0.1000000015
26288  -35.001  -57.830  -27.035 0.1000000015
26287  -34.268  -58.198  -26.900 0.1000000015
123760  -34.023  -59.995  -27.645 0.1000000015
24165  -33.585  -60.530  -27.349 0.1000000015
23163  -33.691  -61.210  -27.599 0.1000000015
27278  -35.442  -57.265  -26.692 0.1000000015
30186  -38.092  -54.146  -25.489 0.1000000015
30196  -38.356  -54.001  -26.007 0.1000000015
31197  -36.922  -53.458  -25.754 0.1000000015
30195  -37.656  -53.818  -26.242 0.1000000015
131590  -32.975  -60.369  -26.658 0.1000000015
25183  -33.677  -58.905  -26.896 0.1000000015
25191  -33.560  -59.689  -27.113 0.1000000015
127029  -35.471  -56.090  -25.443 0.1000000015
28225  -36.685  -55.716  -25.434 0.1000000015
131750  -37.874  -54.579  -25.269 0.1000000015
31174  -36.977  -53.499  -25.254 0.1000000015
145355  -36.246  -53.313  -24.930 0.1000000015
27268  -34.963  -56.893  -26.082 0.1000000015
29194  -36.107  -55.161  -24.857 0.1000000015
29190  -36.648  -54.242  -24.654 0.1000000015
30185  -37.497  -54.113  -24.961 0.1000000015
32135  -35.409  -52.788  -24.708 0.1000000015
32123  -35.199  -52.698  -24.240 0.1000000015
30180  -36.136  -53.747  -24.488 0.1000000015
135322  -35.326  -53.483  -24.080 0.1000000015
129128  -28.684  -76.847  -34.631 0.1000000015
9511  -28.164  -76.461  -36.163 0.1000000015
10317  -27.624  -75.722  -36.501 0.1000000015
8769  -29.613  -77.501  -36.444 0.1000000015
10329  -27.708  -75.829  -37.571 0.1000000015
11144  -27.079  -75.037  -37.779 0.1000000015
9522  -29.082  -76.930  -37.735 0.1000000015
8760  -30.797  -77.279  -35.238 0.1000000015
10298  -31.145  -76.432  -34.068 0.1000000015
8759  -30.216  -77.720  -35.758 0.1000000015
10310  -30.536  -76.470  -35.907 0.1000000015
8779  -29.565  -77.141  -37.120 0.1000000015
123761  -29.901  -76.331  -37.494 0.1000000015
12897  -34.662  -72.841  -38.456 0.1000000015
12939  -31.950  -72.514  -41.472 0.1000000015
11188  -31.993  -73.908  -40.021 0.1000000015
12078  -31.303  -73.370  -41.290 0.1000000015
10272  -31.209  -76.254  -32.296 0.1000000015
10282  -30.758  -75.601  -33.618 0.1000000015
10251  -30.872  -75.418  -30.970 0.2000000030
130908  -30.584  -75.677  -35.307 0.1000000015
128584  -38.069  -67.308  -30.774 0.1000000015
144267  -38.098  -69.727  -30.782 0.1000000015
12833  -35.176  -72.538  -34.527 0.1000000015
12865  -35.395  -72.407  -36.488 0.1000000015
11998  -34.123  -73.364  -37.002 0.1000000015
12029  -33.884  -73.538  -38.222 0.1000000015
12848  -34.078  -73.035  -35.749 0.1000000015
11159  -32.485  -73.919  -39.342 0.1000000015
12028  -32.426  -74.005  -38.639 0.1000000015
10330  -29.927  -75.372  -38.622 0.1000000015
12012  -31.523  -73.727  -38.027 0.1000000015
11059  -30.493  -74.728  -30.608 0.2000000030
11060  -31.116  -75.222  -30.159 0.2000000030
11941  -29.693  -73.196  -31.081 0.1000000015
11116  -30.019  -73.806  -35.023 0.1000000015
11129  -30.044  -74.035  -37.223 0.1000000015
13596  -37.018  -70.751  -31.369 0.1000000015
12801  -35.511  -72.148  -32.883 0.1000000015
123899  -34.627  -72.543  -34.538 0.1000000015
12831  -32.632  -72.231  -35.011 0.1000000015
137762  -30.325  -74.688  -38.478 0.1000000015
12789  -30.016  -72.390  -31.820 0.1000000015
15239  -37.005  -69.159  -30.109 0.1000000015
12829  -30.659  -72.720  -34.807 0.1000000015
21168  -38.470  -63.902  -31.223 0.1000000015
13594  -35.413  -71.523  -31.835 0.1000000015
13593  -34.663  -71.464  -32.032 0.1000000015
12799  -34.336  -72.004  -33.324 0.1000000015
13613  -32.683  -71.658  -33.572 0.1000000015
12845  -30.931  -72.613  -35.679 0.1000000015
135270  -40.634  -64.514  -31.806 0.1000000015
122814  -30.287  -70.156  -28.356 0.1000000015
13579  -29.711  -71.540  -29.055 0.1000000015
13578  -29.700  -71.790  -29.798 0.1000000015
14407  -31.189  -70.642  -30.820 0.1000000015
11913  -32.661  -73.585  -27.557 0.2000000030
13591  -30.954  -71.161  -31.451 0.1000000015
14397  -33.141  -69.741  -30.312 0.1000000015
142504  -32.301  -70.860  -31.903 0.1000000015
131057  -31.688  -71.167  -32.145 0.1000000015
12798  -30.930  -72.135  -33.048 0.1000000015
15237  -34.876  -69.227  -29.616 0.1000000015
13583  -34.025  -70.960  -31.702 0.1000000015
14409  -33.767  -70.414  -31.064 0.1000000015
25223  -40.439  -59.748  -30.343 0.1000000015
136037  -41.584  -60.292  -30.943 0.1000000015
24181  -38.510  -60.033  -30.014 0.1000000015
126224  -41.390  -59.567  -30.599 0.1000000015
137393  -34.405  -65.825  -27.757 0.1000000015
19076  -33.914  -66.021  -27.198 0.1000000015
26324  -40.219  -57.678  -29.213 0.1000000015
29230  -39.698  -55.732  -28.539 0.1000000015
22135  -33.508  -62.035  -27.526 0.1000000015
14284  -37.804  -70.168  -16.185 0.5000000000
10082  -39.749  -75.472  -17.032 0.5000000000
139103  -39.691  -75.484  -16.312 0.5000000000
15124  -37.364  -69.509  -16.338 0.5000000000
15125  -38.549  -70.395  -16.458 0.5000000000
14286  -38.960  -71.129  -16.424 0.5000000000
10903  -40.578  -75.172  -16.850 0.5000000000
131785  -36.639  -68.174  -16.553 0.5000000000
16053  -37.005  -68.864  -16.498 0.5000000000
131612  -38.165  -69.647  -16.515 0.5000000000
10892  -40.983  -74.799  -16.762 0.5000000000
16054  -37.859  -68.904  -16.637 0.5000000000
129162  -37.594  -68.117  -16.686 0.5000000000
16055  -38.806  -68.878  -16.676 0.5000000000
128268  -38.592  -68.093  -16.701 0.4000000060
16056  -39.803  -68.775  -16.682 0.4000000060
10111  -41.183  -74.827  -19.244 0.5000000000
10942  -40.908  -74.650  -20.483 0.5000000000
10943  -41.398  -74.142  -20.651 0.5000000000
12710  -41.158  -72.819  -21.106 0.5000000000
12711  -41.512  -73.110  -20.900 0.5000000000
13509  -40.883  -72.225  -20.359 0.4000000060
13493  -40.392  -71.271  -19.760 0.4000000060
11734  -37.865  -73.902  -13.408 0.1000000015
10889  -39.189  -75.404  -15.826 0.5000000000
15120  -36.678  -69.299  -16.100 0.5000000000
15121  -37.115  -69.892  -15.864 0.5000000000
14285  -38.321  -70.914  -16.091 0.5000000000
13461  -38.877  -71.505  -16.144 0.4000000060
10891  -40.396  -75.144  -16.103 0.5000000000
16052  -36.386  -68.754  -16.273 0.5000000000
17002  -36.207  -67.451  -16.542 0.5000000000
122706  -35.306  -65.786  -16.426 0.5000000000
130770  -35.909  -66.556  -16.540 0.5000000000
17003  -37.296  -67.226  -16.648 0.5000000000
129410  -35.685  -64.918  -16.421 0.4000000060
17979  -36.716  -66.127  -16.533 0.3000000119
17004  -38.389  -67.270  -16.663 0.4000000060
128267  -39.436  -68.144  -16.691 0.4000000060
17980  -37.404  -66.285  -16.541 0.3000000119
15127  -41.224  -69.523  -16.621 0.6999999881
131021  -41.723  -70.351  -16.621 0.5000000000
17978  -36.297  -65.505  -16.489 0.3000000119
131270  -37.240  -65.521  -16.473 0.3000000119
17981  -38.255  -66.449  -16.584 0.3000000119
17005  -39.499  -67.239  -16.646 0.4000000060
16057  -40.879  -68.701  -16.591 0.5000000000
13465  -42.815  -71.982  -16.872 0.6000000238
131329  -41.257  -73.981  -16.334 0.6000000238
10084  -40.687  -75.198  -17.505 0.5000000000
125215  -40.671  -75.185  -18.867 0.3000000119
131269  -38.164  -65.630  -16.507 0.3000000119
137867  -39.063  -66.564  -16.608 0.3000000119
122771  -41.806  -67.925  -16.600 0.4000000060
15129  -43.223  -69.408  -16.650 0.5000000000
14289  -43.386  -71.060  -16.834 0.6000000238
12664  -42.836  -72.611  -17.428 0.6000000238
10905  -42.035  -74.062  -18.190 0.5000000000
10921  -42.133  -73.883  -19.063 0.5000000000
17982  -39.966  -66.186  -16.674 0.4000000060
131293  -41.303  -66.955  -16.675 0.4000000060
16058  -42.611  -68.687  -16.625 0.5000000000
134145  -43.844  -70.117  -16.897 0.5000000000
13472  -43.885  -71.537  -17.642 0.5000000000
11776  -43.160  -72.554  -18.045 0.5000000000
11799  -42.252  -73.328  -19.748 0.5000000000
18965  -41.066  -65.739  -17.163 0.4000000060
17984  -41.657  -66.323  -16.994 0.4000000060
17017  -42.850  -67.182  -17.388 0.5000000000
15132  -44.198  -69.501  -17.358 0.5000000000
14294  -44.268  -71.006  -18.779 0.4000000060
12680  -43.241  -72.356  -18.842 0.5000000000
12696  -42.720  -72.487  -19.557 0.5000000000
17990  -42.363  -66.519  -17.474 0.4000000060
17018  -43.560  -67.694  -17.684 0.5000000000
14295  -44.427  -70.386  -18.393 0.5000000000
126857  -42.914  -72.046  -19.707 0.4000000060
125483  -42.381  -72.342  -19.878 0.5000000000
17044  -44.599  -68.433  -19.417 0.5000000000
15154  -43.642  -69.945  -19.781 0.4000000060
14307  -42.429  -70.760  -19.481 0.4000000060
13494  -41.404  -71.813  -19.888 0.4000000060
15155  -44.230  -69.660  -19.554 0.3000000119
134409  -41.566  -70.245  -19.568 0.3000000119
14306  -40.655  -70.288  -19.615 0.3000000119
14305  -39.632  -70.296  -19.746 0.3000000119
11723  -37.511  -73.201  -12.580 0.1000000015
12606  -39.207  -73.277  -11.926 0.1000000015
11724  -38.548  -73.608  -12.602 0.1000000015
132810  -39.837  -74.545  -13.130 0.4000000060
10864  -39.536  -74.856  -13.631 0.4000000060
10879  -38.918  -75.257  -14.959 0.4000000060
10880  -39.652  -75.475  -15.156 0.5000000000
10871  -39.653  -75.203  -14.382 0.4000000060
133494  -40.119  -75.225  -15.162 0.5000000000
10890  -39.936  -75.449  -15.760 0.5000000000
15116  -36.513  -69.527  -15.392 0.5000000000
15117  -37.225  -70.033  -14.919 0.5000000000
14280  -37.670  -70.443  -15.685 0.5000000000
13456  -38.681  -71.512  -15.624 0.4000000060
11743  -40.396  -74.732  -14.949 0.5000000000
17001  -35.298  -67.390  -16.334 0.5000000000
16051  -35.759  -68.256  -16.188 0.5000000000
16038  -36.025  -69.000  -15.806 0.5000000000
16993  -34.433  -67.095  -16.039 0.5000000000
17000  -35.052  -66.645  -16.385 0.5000000000
12648  -40.597  -73.693  -15.693 0.6000000238
143844  -35.159  -65.196  -16.383 0.4000000060
19940  -35.481  -64.056  -16.387 0.2000000030
20959  -35.137  -63.141  -16.368 0.2000000030
144407  -36.288  -64.866  -16.431 0.3000000119
131267  -37.893  -64.822  -16.514 0.3000000119
19944  -39.011  -64.885  -16.630 0.4000000060
20960  -36.189  -63.308  -16.424 0.3000000119
19943  -38.470  -64.087  -16.713 0.3000000119
20961  -37.179  -63.315  -16.524 0.3000000119
138682  -38.925  -63.400  -16.966 0.4000000060
19945  -39.938  -64.565  -16.984 0.4000000060
20963  -39.940  -63.868  -17.343 0.3000000119
18964  -40.483  -65.163  -17.158 0.4000000060
18984  -42.410  -66.162  -18.103 0.4000000060
18002  -42.959  -66.471  -18.648 0.4000000060
19954  -40.400  -64.457  -17.528 0.3000000119
18983  -41.736  -65.569  -18.184 0.3000000119
18013  -43.113  -66.536  -19.408 0.3000000119
17028  -44.029  -67.526  -18.533 0.4000000060
18014  -43.893  -67.198  -20.079 0.3000000119
16125  -44.453  -68.447  -21.131 0.3000000119
15164  -44.031  -69.409  -20.498 0.4000000060
15153  -42.412  -69.924  -19.774 0.3000000119
18022  -44.034  -67.446  -21.200 0.2000000030
17080  -44.380  -68.025  -21.703 0.2000000030
132929  -42.704  -69.184  -20.817 0.3000000119
15152  -41.086  -69.592  -19.865 0.3000000119
16149  -43.320  -68.553  -23.087 0.1000000015
16137  -42.594  -68.911  -22.399 0.2000000030
16107  -41.118  -68.989  -20.337 0.4000000060
17113  -40.933  -68.227  -25.327 0.1000000015
11725  -40.195  -73.415  -12.102 0.1000000015
120671  -39.618  -73.976  -12.613 0.1000000015
11736  -40.377  -73.986  -12.819 0.2000000030
10865  -40.095  -74.688  -13.673 0.4000000060
10872  -40.068  -74.995  -14.429 0.4000000060
15112  -37.666  -69.462  -13.726 0.5000000000
14277  -38.514  -70.924  -14.662 0.4000000060
14278  -39.377  -70.942  -13.952 0.4000000060
12627  -39.812  -72.661  -14.604 0.4000000060
12638  -40.247  -73.685  -14.838 0.5000000000
125712  -40.285  -74.369  -14.208 0.5000000000
16037  -35.359  -68.625  -15.391 0.5000000000
16025  -35.966  -69.073  -14.857 0.5000000000
16026  -36.740  -69.341  -14.305 0.4000000060
18961  -33.736  -65.542  -16.016 0.4000000060
17967  -33.921  -66.440  -15.937 0.4000000060
16994  -34.886  -67.937  -15.796 0.5000000000
19938  -33.560  -64.668  -16.008 0.4000000060
17977  -34.462  -66.202  -16.241 0.5000000000
19939  -34.195  -64.695  -16.216 0.4000000060
20957  -33.699  -63.854  -16.102 0.3000000119
21975  -34.386  -62.432  -16.329 0.2000000030
122363  -36.823  -62.692  -16.523 0.2000000030
23013  -34.538  -61.444  -16.403 0.1000000015
23015  -36.407  -61.554  -16.625 0.3000000119
126674  -36.289  -60.943  -16.739 0.1000000015
122067  -36.954  -62.011  -16.644 0.3000000119
21979  -38.524  -62.748  -17.031 0.3000000119
123501  -37.035  -61.196  -16.942 0.2000000030
23017  -38.194  -62.066  -17.140 0.2000000030
21999  -39.304  -62.769  -17.749 0.2000000030
19966  -40.685  -64.192  -18.355 0.2000000030
18991  -41.692  -65.375  -18.801 0.2000000030
21004  -40.002  -63.530  -19.171 0.2000000030
19005  -41.371  -65.250  -19.699 0.2000000030
19006  -42.296  -66.025  -19.769 0.2000000030
19979  -40.550  -63.990  -18.981 0.2000000030
19004  -40.847  -65.059  -20.721 0.1000000015
144184  -43.459  -67.064  -21.450 0.2000000030
17079  -43.922  -67.634  -22.278 0.2000000030
132649  -40.571  -65.250  -22.616 0.1000000015
142868  -41.784  -66.119  -22.334 0.1000000015
17096  -43.439  -68.046  -23.317 0.1000000015
16148  -42.514  -68.823  -23.633 0.1000000015
18062  -42.044  -66.700  -23.904 0.1000000015
18068  -42.410  -67.510  -24.611 0.1000000015
16158  -42.312  -68.703  -24.402 0.1000000015
18067  -41.905  -67.497  -25.475 0.1000000015
16163  -41.601  -68.136  -25.552 0.1000000015
17130  -40.637  -67.452  -26.428 0.1000000015
133636  -40.237  -66.537  -26.850 0.1000000015
122130  -40.669  -73.115  -12.765 0.3000000119
13434  -41.659  -71.455  -11.157 0.3000000119
13441  -41.415  -71.507  -11.661 0.3000000119
11737  -40.375  -73.816  -13.453 0.3000000119
15110  -40.514  -70.168  -11.949 0.3000000119
13447  -41.130  -71.443  -12.173 0.3000000119
13452  -40.517  -72.506  -13.493 0.5000000000
12628  -40.375  -73.444  -13.997 0.5000000000
16018  -38.090  -68.971  -12.826 0.4000000060
15114  -39.517  -69.822  -12.798 0.5000000000
14273  -39.909  -70.540  -13.162 0.4000000060
13451  -40.067  -71.566  -13.635 0.4000000060
17941  -33.257  -66.587  -14.164 0.4000000060
16968  -34.311  -67.638  -14.200 0.4000000060
16015  -35.491  -68.567  -14.281 0.5000000000
16016  -36.330  -68.753  -13.748 0.5000000000
18926  -32.458  -65.078  -13.632 0.4000000060
18934  -32.601  -65.270  -14.597 0.4000000060
138391  -33.282  -66.678  -14.962 0.4000000060
17952  -33.693  -67.164  -14.628 0.5000000000
140417  -32.613  -63.806  -15.266 0.4000000060
18946  -32.753  -64.676  -15.290 0.4000000060
20924  -31.773  -63.291  -13.855 0.4000000060
21946  -31.916  -62.403  -14.294 0.3000000119
20938  -32.912  -63.233  -15.733 0.3000000119
22992  -32.589  -61.400  -15.368 0.3000000119
21957  -32.916  -62.196  -15.831 0.3000000119
23989  -32.789  -60.450  -15.183 0.3000000119
131894  -33.106  -60.951  -15.767 0.2000000030
25021  -34.491  -59.259  -15.958 0.1000000015
24009  -34.750  -60.290  -16.410 0.1000000015
24011  -36.617  -60.326  -16.936 0.1000000015
24012  -37.357  -60.350  -17.279 0.1000000015
140907  -38.403  -61.829  -17.530 0.2000000030
24037  -37.884  -60.354  -17.748 0.1000000015
22010  -39.262  -62.546  -18.122 0.2000000030
23038  -38.309  -61.210  -17.815 0.2000000030
22034  -38.998  -62.317  -18.818 0.2000000030
21019  -40.116  -63.837  -19.837 0.1000000015
21018  -39.398  -63.159  -20.014 0.1000000015
20021  -40.166  -64.739  -21.838 0.1000000015
20031  -39.637  -64.002  -22.527 0.1000000015
128544  -41.601  -66.599  -25.032 0.1000000015
19039  -40.935  -65.426  -24.628 0.1000000015
19060  -41.247  -66.344  -26.948 0.1000000015
135236  -41.121  -65.664  -27.347 0.1000000015
137940  -40.841  -66.277  -27.180 0.1000000015
20088  -40.872  -64.782  -27.998 0.1000000015
21078  -40.205  -64.014  -27.578 0.1000000015
22123  -39.560  -63.101  -26.876 0.1000000015
23150  -40.413  -62.019  -26.833 0.1000000015
13424  -41.744  -71.467  -10.431 0.3000000119
12569  -41.535  -72.023  -9.960 0.2000000030
14263  -41.293  -70.508  -10.387 0.3000000119
15106  -40.218  -69.744  -11.566 0.4000000060
123727  -39.771  -69.312  -11.090 0.3000000119
17943  -34.619  -67.381  -13.228 0.3000000119
16969  -35.072  -67.985  -13.701 0.4000000060
121217  -36.739  -68.359  -12.822 0.4000000060
16009  -38.646  -68.670  -11.741 0.3000000119
127670  -32.930  -65.745  -13.083 0.3000000119
18928  -33.392  -66.385  -13.324 0.3000000119
16011  -36.952  -68.117  -12.076 0.4000000060
16008  -37.775  -68.334  -11.707 0.4000000060
16005  -38.220  -68.507  -11.113 0.3000000119
20891  -31.672  -62.755  -12.679 0.3000000119
19903  -31.885  -64.137  -13.168 0.3000000119
21910  -31.811  -62.279  -12.301 0.3000000119
138802  -31.724  -62.282  -13.257 0.3000000119
22958  -32.030  -61.391  -13.387 0.3000000119
22980  -32.137  -61.556  -14.610 0.3000000119
23973  -32.708  -60.253  -14.574 0.3000000119
25007  -33.165  -59.612  -14.964 0.2000000030
25008  -33.742  -59.290  -15.446 0.1000000015
26087  -35.182  -58.165  -15.136 0.1000000015
26063  -36.176  -58.141  -14.375 0.1000000015
123422  -35.391  -59.384  -16.384 0.1000000015
27120  -36.924  -57.689  -15.856 0.1000000015
25024  -36.850  -58.840  -16.848 0.1000000015
26144  -37.520  -58.234  -17.025 0.1000000015
25056  -38.064  -59.428  -18.090 0.1000000015
23061  -38.596  -61.255  -19.139 0.2000000030
24058  -38.722  -60.396  -19.653 0.2000000030
23084  -38.707  -61.106  -20.111 0.2000000030
21025  -39.150  -63.023  -21.243 0.1000000015
23085  -38.908  -60.994  -20.817 0.1000000015
22069  -39.247  -62.521  -22.095 0.1000000015
20037  -39.851  -63.998  -23.257 0.1000000015
22083  -39.552  -62.811  -22.713 0.1000000015
21039  -40.071  -63.581  -23.753 0.1000000015
20047  -40.951  -64.928  -25.280 0.1000000015
21047  -40.616  -63.958  -24.653 0.1000000015
20057  -41.435  -65.523  -26.820 0.1000000015
20074  -41.161  -65.289  -27.708 0.1000000015
21098  -41.001  -64.128  -28.157 0.1000000015
20075  -42.021  -64.622  -28.275 0.1000000015
21099  -41.830  -64.286  -28.394 0.1000000015
22124  -40.381  -63.006  -27.507 0.1000000015
22137  -41.339  -63.356  -28.116 0.1000000015
23137  -40.836  -61.287  -26.326 0.1000000015
121468  -41.002  -62.360  -27.425 0.1000000015
24144  -41.324  -60.420  -25.632 0.1000000015
12558  -40.781  -72.506  -8.976 0.2000000030
139594  -40.709  -72.683  -9.572 0.2000000030
12552  -40.395  -72.432  -8.027 0.2000000030
14253  -41.246  -70.723  -9.531 0.3000000119
124126  -40.219  -71.553  -7.564 0.2000000030
14244  -40.991  -70.969  -8.780 0.3000000119
14262  -40.436  -70.027  -9.708 0.3000000119
16965  -35.385  -67.719  -12.807 0.3000000119
16966  -36.137  -68.006  -12.407 0.3000000119
15103  -38.929  -68.903  -10.902 0.3000000119
18919  -33.063  -65.703  -12.348 0.3000000119
18920  -33.443  -66.196  -12.727 0.3000000119
17937  -34.099  -66.715  -12.771 0.3000000119
16962  -35.547  -67.555  -12.115 0.3000000119
16963  -36.207  -67.869  -11.698 0.3000000119
16004  -37.571  -68.323  -10.809 0.3000000119
129307  -31.749  -63.302  -12.150 0.3000000119
19875  -32.610  -64.955  -11.759 0.3000000119
16957  -36.090  -67.840  -10.784 0.3000000119
16003  -36.852  -68.161  -10.397 0.3000000119
15991  -37.436  -68.525  -10.010 0.2000000030
123363  -38.679  -69.060  -9.944 0.2000000030
130656  -32.021  -62.416  -11.478 0.2000000030
22942  -32.321  -61.734  -11.802 0.3000000119
124781  -32.122  -61.532  -12.645 0.3000000119
22959  -32.584  -60.886  -13.220 0.3000000119
23951  -32.803  -60.226  -13.979 0.3000000119
24965  -33.441  -59.571  -14.008 0.2000000030
26060  -33.759  -58.929  -14.876 0.1000000015
141723  -33.975  -60.000  -13.449 0.2000000030
24967  -35.243  -59.231  -13.645 0.1000000015
26037  -35.668  -58.585  -14.007 0.1000000015
26064  -37.791  -58.167  -14.508 0.1000000015
24970  -38.904  -59.657  -14.203 0.1000000015
141158  -40.699  -60.686  -14.023 0.1000000015
27095  -38.074  -57.707  -15.059 0.1000000015
26065  -38.649  -58.195  -14.697 0.1000000015
122529  -40.128  -58.773  -14.584 0.1000000015
24994  -41.552  -59.229  -14.734 0.1000000015
23977  -42.604  -60.426  -14.265 0.1000000015
22981  -43.945  -61.177  -14.022 0.1000000015
27121  -37.696  -57.613  -16.366 0.1000000015
27108  -39.229  -57.402  -15.959 0.1000000015
27110  -40.991  -57.888  -15.816 0.1000000015
26091  -41.577  -58.493  -15.345 0.1000000015
24996  -42.990  -59.887  -14.842 0.1000000015
23992  -43.901  -60.032  -15.147 0.1000000015
26145  -38.146  -58.410  -17.746 0.1000000015
27135  -38.776  -57.798  -17.587 0.1000000015
135302  -38.441  -58.848  -18.314 0.1000000015
139079  -39.175  -59.847  -19.958 0.2000000030
24087  -39.083  -60.427  -20.407 0.1000000015
24102  -39.646  -60.548  -21.234 0.1000000015
22070  -39.718  -62.188  -22.688 0.1000000015
22084  -40.012  -62.778  -23.361 0.1000000015
22097  -40.564  -63.150  -24.187 0.1000000015
21060  -41.184  -64.522  -25.701 0.1000000015
21061  -41.710  -64.644  -26.682 0.1000000015
123968  -42.178  -64.599  -27.564 0.1000000015
20058  -41.668  -65.036  -27.855 0.1000000015
21100  -42.519  -64.118  -28.341 0.1000000015
125811  -42.133  -63.629  -28.385 0.1000000015
22125  -41.933  -62.542  -27.824 0.1000000015
14219  -38.277  -70.552  -5.792 0.2000000030
14234  -39.841  -70.624  -7.437 0.2000000030
14252  -40.719  -70.482  -8.940 0.3000000119
120817  -39.582  -69.412  -10.296 0.3000000119
15058  -37.520  -69.415  -5.842 0.2000000030
14220  -38.935  -70.644  -6.238 0.2000000030
15084  -39.410  -70.150  -7.816 0.2000000030
15095  -39.880  -70.101  -8.780 0.3000000119
15094  -39.281  -69.577  -9.407 0.3000000119
17930  -33.978  -66.353  -11.363 0.3000000119
17931  -34.723  -66.996  -11.141 0.3000000119
16956  -35.325  -67.419  -10.691 0.3000000119
16943  -36.259  -67.963  -9.982 0.3000000119
123493  -32.884  -65.187  -10.903 0.3000000119
17929  -33.500  -65.858  -10.721 0.3000000119
17916  -34.831  -67.022  -10.115 0.3000000119
122641  -35.608  -67.585  -10.013 0.3000000119
20865  -32.471  -63.097  -10.232 0.2000000030
19858  -32.301  -63.833  -10.621 0.3000000119
15975  -37.437  -68.793  -9.210 0.2000000030
15093  -38.303  -69.260  -9.052 0.2000000030
21895  -32.450  -62.469  -10.712 0.2000000030
22929  -33.017  -61.601  -11.327 0.2000000030
22928  -32.984  -61.971  -10.592 0.2000000030
22943  -32.975  -61.180  -12.210 0.3000000119
22930  -33.880  -61.506  -11.646 0.3000000119
126220  -33.408  -60.816  -12.823 0.3000000119
23952  -33.282  -60.313  -13.377 0.2000000030
22944  -34.129  -61.161  -12.372 0.3000000119
22945  -35.206  -61.358  -12.527 0.2000000030
22961  -35.521  -60.995  -13.003 0.2000000030
136768  -37.647  -60.639  -13.877 0.1000000015
27138  -40.855  -57.649  -17.399 0.1000000015
27125  -41.401  -57.793  -16.637 0.1000000015
26114  -42.342  -58.135  -16.615 0.1000000015
25025  -42.929  -58.749  -16.043 0.1000000015
26153  -39.834  -58.168  -18.717 0.1000000015
122304  -40.544  -58.102  -18.726 0.1000000015
26154  -41.109  -57.888  -18.226 0.1000000015
26155  -42.853  -58.559  -18.466 0.1000000015
26173  -39.426  -58.728  -19.160 0.1000000015
26174  -40.294  -58.646  -19.384 0.1000000015
25083  -41.038  -59.041  -19.837 0.1000000015
25084  -41.960  -59.060  -19.603 0.1000000015
25115  -42.572  -59.576  -20.101 0.1000000015
25082  -39.624  -59.252  -19.763 0.1000000015
24088  -40.431  -59.995  -20.978 0.1000000015
24104  -41.897  -60.525  -21.531 0.1000000015
24111  -40.254  -60.829  -21.882 0.1000000015
23108  -41.221  -61.457  -22.778 0.1000000015
23119  -41.467  -62.001  -23.531 0.1000000015
23118  -40.493  -62.013  -23.138 0.1000000015
125036  -40.688  -62.492  -23.751 0.1000000015
22085  -41.272  -62.678  -24.407 0.1000000015
22111  -42.138  -63.902  -26.415 0.1000000015
21079  -42.281  -64.446  -28.143 0.1000000015
141553  -35.827  -69.811  -4.864 0.3000000119
15930  -36.659  -68.809  -5.358 0.3000000119
15946  -37.137  -68.957  -5.748 0.3000000119
15069  -37.790  -69.353  -7.113 0.2000000030
15083  -38.438  -69.618  -8.006 0.2000000030
134680  -36.437  -68.325  -6.487 0.3000000119
15958  -36.502  -68.468  -7.394 0.3000000119
15068  -37.119  -68.869  -7.604 0.3000000119
127341  -39.031  -69.729  -8.628 0.2000000030
18893  -33.046  -65.344  -10.063 0.3000000119
17895  -33.880  -66.379  -9.178 0.3000000119
123828  -35.276  -67.618  -8.487 0.3000000119
15974  -36.712  -68.574  -8.504 0.3000000119
15082  -37.607  -69.093  -8.282 0.2000000030
20852  -32.772  -63.087  -9.363 0.2000000030
18879  -33.187  -65.576  -9.088 0.3000000119
21866  -33.275  -62.719  -9.010 0.2000000030
21867  -33.592  -62.390  -9.291 0.2000000030
21882  -33.606  -62.129  -10.009 0.2000000030
22918  -33.709  -61.828  -10.797 0.2000000030
21896  -34.583  -61.926  -11.110 0.3000000119
21912  -35.866  -61.989  -12.200 0.2000000030
22946  -36.182  -61.733  -12.766 0.2000000030
24113  -42.056  -61.139  -22.288 0.1000000015
22086  -42.294  -62.278  -24.222 0.1000000015
22098  -42.036  -62.957  -25.289 0.1000000015
122239  -34.601  -69.971  -5.608 0.1000000015
15049  -34.317  -69.401  -5.062 0.2000000030
14215  -35.113  -69.874  -5.081 0.3000000119
14207  -36.103  -69.261  -4.844 0.3000000119
15914  -35.607  -68.656  -4.887 0.3000000119
16909  -35.378  -67.783  -5.389 0.3000000119
16926  -34.716  -67.227  -7.985 0.3000000119
16917  -34.749  -67.237  -6.961 0.3000000119
19824  -32.760  -64.663  -8.564 0.3000000119
18860  -33.062  -65.463  -8.035 0.3000000119
136763  -33.468  -66.063  -7.553 0.3000000119
17871  -34.072  -66.699  -7.522 0.3000000119
20823  -32.782  -63.377  -7.558 0.2000000030
144888  -33.614  -62.534  -8.807 0.2000000030
21852  -33.957  -62.457  -8.631 0.1000000015
21883  -34.331  -62.161  -10.246 0.2000000030
20838  -35.140  -63.212  -8.277 0.1000000015
21869  -34.870  -62.577  -9.701 0.2000000030
21884  -35.151  -62.431  -10.556 0.2000000030
20866  -35.637  -62.991  -10.015 0.2000000030
21885  -35.961  -62.818  -10.874 0.3000000119
15913  -34.714  -68.401  -4.600 0.3000000119
16894  -35.105  -68.059  -4.870 0.3000000119
17857  -34.357  -66.885  -5.290 0.3000000119
17864  -34.263  -66.793  -6.367 0.3000000119
18848  -32.704  -64.768  -6.616 0.3000000119
17870  -33.642  -66.286  -6.746 0.3000000119
124035  -32.656  -63.849  -6.726 0.2000000030
21842  -33.572  -62.644  -7.231 0.1000000015
21843  -34.413  -62.775  -8.013 0.1000000015
20825  -35.021  -63.225  -7.139 0.1000000015
20839  -35.820  -63.835  -8.652 0.1000000015
20854  -36.048  -63.692  -9.512 0.1000000015
16892  -33.494  -67.474  -4.074 0.3000000119
16891  -32.628  -67.423  -3.986 0.2000000030
17850  -34.090  -67.156  -4.447 0.3000000119
17863  -33.846  -66.407  -5.751 0.3000000119
17856  -33.877  -66.637  -4.851 0.3000000119
18840  -32.909  -65.380  -5.913 0.3000000119
133108  -33.371  -65.936  -6.124 0.3000000119
20804  -32.660  -63.431  -6.009 0.2000000030
19790  -32.562  -64.423  -5.687 0.2000000030
21794  -33.381  -62.800  -3.992 0.1000000015
21808  -33.329  -62.783  -5.077 0.1000000015
21822  -33.966  -62.764  -5.636 0.1000000015
20805  -34.486  -62.936  -6.290 0.1000000015
20787  -34.797  -63.226  -5.119 0.1000000015
20806  -35.308  -63.649  -5.855 0.1000000015
20826  -35.884  -64.278  -6.563 0.1000000015
129312  -32.855  -66.873  -3.931 0.2000000030
18818  -32.807  -66.253  -4.112 0.2000000030
18832  -33.300  -66.101  -5.055 0.2000000030
19770  -32.249  -64.584  -4.459 0.2000000030
18831  -32.612  -65.435  -4.831 0.2000000030
20773  -32.127  -63.737  -4.021 0.1000000015
20786  -32.523  -63.586  -5.051 0.2000000030
20758  -32.446  -63.003  -3.711 0.1000000015
21809  -34.207  -62.915  -4.427 0.1000000015
20774  -35.218  -63.436  -4.041 0.1000000015
20788  -35.632  -64.022  -4.658 0.1000000015
19791  -36.171  -64.451  -5.419 0.1000000015
19792  -36.735  -64.961  -6.145 0.1000000015
21778  -34.421  -62.427  -3.624 0.1000000015
20759  -35.154  -63.026  -3.686 0.1000000015
20775  -35.850  -63.512  -3.657 0.1000000015
19758  -36.400  -64.264  -4.567 0.1000000015
22822  -34.522  -61.802  -3.668 0.1000000015
22840  -35.414  -61.820  -3.880 0.1000000015
21796  -35.952  -62.661  -3.710 0.1000000015
14287  -39.811  -71.252  -16.571 0.4000000060
15126  -39.433  -70.446  -16.648 0.5000000000
132031  -39.102  -69.645  -16.666 0.5000000000
132030  -40.142  -69.572  -16.703 0.5000000000
133622  -40.502  -70.418  -16.708 0.6000000238
12647  -39.932  -72.559  -16.077 0.5000000000
132868  -39.271  -72.115  -15.396 0.4000000060
10083  -40.260  -75.381  -17.260 0.5000000000
13457  -39.236  -72.032  -15.935 0.4000000060
13464  -41.574  -72.225  -16.664 0.5000000000
11750  -40.530  -74.771  -15.715 0.5000000000
13463  -40.285  -72.120  -16.447 0.6000000238
11761  -41.491  -74.122  -16.862 0.5000000000
10099  -41.070  -75.033  -18.230 0.3000000119
10110  -40.606  -75.037  -19.757 0.5000000000
10096  -39.179  -75.271  -17.674 0.5000000000
11760  -40.854  -74.627  -16.323 0.5000000000
17006  -40.471  -67.771  -16.621 0.4000000060
10920  -41.678  -74.514  -18.741 0.4000000060
11813  -41.789  -73.516  -20.542 0.5000000000
12695  -41.768  -72.534  -20.327 0.4000000060
142824  -40.483  -72.516  -20.941 0.4000000060
13495  -42.365  -71.849  -19.762 0.4000000060
133321  -41.456  -71.015  -19.528 0.4000000060
11735  -39.042  -74.383  -13.196 0.2000000030
14281  -38.117  -70.906  -15.514 0.5000000000
13462  -39.398  -71.795  -16.295 0.4000000060
129079  -41.795  -68.809  -16.524 0.4000000060
126249  -42.336  -71.208  -16.670 0.6000000238
131268  -36.904  -64.723  -16.438 0.3000000119
132529  -39.101  -65.816  -16.585 0.4000000060
130545  -40.469  -66.825  -16.649 0.4000000060
135341  -42.917  -70.250  -16.593 0.6000000238
12650  -42.879  -72.356  -17.174 0.6000000238
12649  -42.047  -72.949  -16.771 0.6000000238
123441  -40.826  -73.110  -16.391 0.6000000238
142200  -41.538  -74.654  -17.938 0.5000000000
17007  -42.208  -67.065  -16.893 0.4000000060
16074  -42.943  -67.952  -16.933 0.4000000060
16059  -43.340  -68.785  -16.821 0.5000000000
12651  -43.487  -71.677  -17.244 0.6000000238
14291  -43.909  -70.987  -17.346 0.5000000000
11775  -42.301  -73.437  -17.613 0.5000000000
11774  -41.581  -74.378  -17.395 0.5000000000
17983  -40.880  -66.232  -16.788 0.4000000060
18963  -39.888  -65.364  -16.765 0.4000000060
14292  -44.291  -70.312  -17.590 0.5000000000
12681  -43.827  -71.763  -18.422 0.4000000060
17989  -41.727  -65.891  -17.606 0.4000000060
18971  -41.007  -65.184  -17.758 0.3000000119
17027  -43.160  -66.866  -18.108 0.5000000000
16076  -44.417  -68.965  -17.841 0.5000000000
16090  -44.599  -68.871  -18.686 0.5000000000
13497  -43.828  -71.372  -19.155 0.4000000060
12697  -43.352  -71.903  -19.266 0.5000000000
17029  -44.490  -68.136  -18.864 0.5000000000
14310  -44.358  -70.330  -19.014 0.4000000060
13496  -43.223  -71.473  -19.464 0.4000000060
14308  -43.344  -70.630  -19.540 0.4000000060
15165  -44.388  -68.987  -20.451 0.4000000060
17043  -44.366  -67.747  -19.581 0.4000000060
16108  -44.552  -69.016  -19.578 0.4000000060
15118  -38.110  -70.141  -14.150 0.5000000000
13454  -39.169  -71.698  -14.705 0.4000000060
16981  -34.192  -67.611  -15.256 0.5000000000
12637  -39.832  -72.701  -15.525 0.5000000000
20958  -34.625  -63.956  -16.315 0.3000000119
142939  -35.687  -62.738  -16.408 0.2000000030
19942  -37.549  -64.045  -16.533 0.3000000119
133845  -39.365  -64.010  -16.958 0.4000000060
122389  -38.058  -63.347  -16.717 0.3000000119
21978  -37.637  -62.550  -16.744 0.3000000119
20978  -39.702  -63.353  -17.591 0.3000000119
20979  -40.250  -63.812  -17.858 0.3000000119
139259  -40.735  -64.440  -17.983 0.3000000119
18992  -42.379  -66.001  -18.738 0.3000000119
18003  -43.678  -66.969  -19.039 0.3000000119
19980  -41.042  -64.676  -18.853 0.2000000030
133170  -43.264  -66.776  -20.467 0.2000000030
16139  -44.235  -68.485  -21.758 0.3000000119
16124  -44.217  -68.935  -21.285 0.4000000060
15162  -41.991  -69.250  -20.200 0.4000000060
16150  -43.925  -68.236  -22.382 0.2000000030
16138  -43.710  -68.830  -22.035 0.3000000119
16122  -41.856  -68.868  -21.044 0.2000000030
18053  -43.338  -67.426  -22.920 0.2000000030
17105  -40.899  -68.421  -24.616 0.1000000015
17122  -41.347  -67.653  -26.156 0.1000000015
15113  -38.634  -69.545  -13.203 0.4000000060
14272  -39.043  -70.266  -13.602 0.5000000000
16982  -34.778  -68.184  -14.821 0.5000000000
140091  -32.981  -65.505  -15.431 0.4000000060
21974  -33.582  -62.795  -16.115 0.3000000119
22993  -33.549  -61.721  -16.164 0.2000000030
23014  -35.595  -61.297  -16.543 0.2000000030
24010  -35.803  -60.281  -16.654 0.1000000015
24008  -33.800  -60.689  -16.142 0.1000000015
21998  -38.757  -62.427  -17.486 0.2000000030
23037  -37.906  -61.267  -17.305 0.2000000030
22000  -39.765  -63.155  -17.970 0.2000000030
22011  -39.580  -62.951  -18.359 0.2000000030
20988  -40.124  -63.537  -18.444 0.2000000030
18020  -41.722  -65.770  -20.769 0.2000000030
22035  -39.574  -63.007  -18.990 0.2000000030
20004  -40.710  -64.499  -19.729 0.1000000015
18021  -42.626  -66.478  -21.022 0.2000000030
20003  -40.126  -64.304  -20.707 0.1000000015
19020  -41.160  -65.627  -21.828 0.1000000015
18036  -42.144  -66.252  -21.798 0.2000000030
18037  -43.089  -66.940  -22.096 0.2000000030
19033  -41.343  -65.957  -22.978 0.1000000015
20032  -40.060  -64.608  -22.980 0.1000000015
18063  -42.954  -67.486  -23.727 0.1000000015
122453  -41.430  -68.690  -24.023 0.1000000015
127081  -41.232  -65.916  -24.012 0.1000000015
16164  -42.374  -68.339  -24.890 0.1000000015
16157  -41.662  -68.572  -24.891 0.1000000015
19049  -41.480  -66.888  -26.207 0.1000000015
18093  -41.194  -67.324  -26.644 0.1000000015
18091  -40.719  -67.027  -26.833 0.1000000015
20073  -40.241  -65.065  -27.453 0.1000000015
11712  -40.579  -72.704  -11.346 0.3000000119
12607  -40.970  -72.354  -12.127 0.3000000119
14254  -41.656  -71.066  -10.066 0.3000000119
12586  -41.553  -71.886  -10.828 0.3000000119
14266  -41.093  -70.421  -11.349 0.3000000119
14267  -41.468  -71.084  -11.545 0.3000000119
12596  -41.054  -72.247  -11.431 0.3000000119
12608  -41.206  -71.844  -12.015 0.3000000119
139387  -40.799  -71.723  -12.940 0.3000000119
14274  -40.633  -70.968  -12.718 0.3000000119
14269  -40.265  -70.280  -12.449 0.3000000119
15109  -39.855  -69.676  -12.189 0.3000000119
16017  -37.236  -68.823  -13.272 0.4000000060
16013  -38.249  -68.659  -12.255 0.4000000060
15108  -38.994  -69.105  -12.418 0.4000000060
18935  -32.894  -66.097  -14.798 0.4000000060
18927  -32.827  -65.900  -13.891 0.4000000060
20937  -32.220  -63.236  -14.751 0.3000000119
122191  -31.928  -61.642  -13.893 0.3000000119
23990  -33.330  -60.061  -15.594 0.2000000030
25022  -35.206  -58.592  -15.843 0.1000000015
132870  -36.260  -59.493  -16.730 0.1000000015
135417  -36.923  -59.646  -17.084 0.1000000015
23045  -38.764  -61.911  -18.395 0.2000000030
25055  -37.489  -59.270  -17.513 0.1000000015
24038  -38.239  -60.354  -18.222 0.2000000030
22033  -38.715  -61.853  -19.846 0.1000000015
138377  -38.996  -62.537  -19.643 0.1000000015
20002  -39.602  -63.658  -20.681 0.1000000015
21038  -39.668  -63.397  -23.016 0.1000000015
19032  -40.628  -65.227  -23.514 0.1000000015
20038  -40.372  -64.449  -23.963 0.1000000015
19048  -41.306  -65.992  -25.949 0.1000000015
20089  -41.583  -64.769  -28.088 0.1000000015
133520  -41.358  -72.006  -9.341 0.2000000030
122792  -41.589  -71.530  -9.746 0.2000000030
15104  -40.480  -69.838  -10.770 0.3000000119
17938  -34.862  -67.231  -12.439 0.3000000119
16970  -35.879  -68.242  -13.237 0.4000000060
19890  -32.498  -65.024  -12.721 0.3000000119
19889  -32.088  -64.340  -12.253 0.3000000119
23974  -33.069  -59.732  -14.455 0.1000000015
26088  -36.065  -57.956  -15.706 0.1000000015
24989  -34.762  -58.644  -14.106 0.1000000015
132999  -36.967  -58.146  -14.362 0.1000000015
27105  -36.701  -57.656  -15.209 0.1000000015
26113  -36.838  -58.105  -16.369 0.1000000015
27106  -37.491  -57.584  -15.499 0.1000000015
27134  -38.181  -57.808  -17.095 0.1000000015
25063  -38.455  -59.526  -18.606 0.1000000015
22060  -38.770  -61.653  -20.690 0.1000000015
22061  -38.920  -62.127  -21.371 0.1000000015
23106  -39.367  -61.770  -22.027 0.1000000015
122628  -40.946  -72.100  -8.577 0.2000000030
12541  -39.998  -72.604  -7.356 0.2000000030
13409  -40.762  -71.547  -8.336 0.2000000030
13416  -41.259  -71.566  -9.100 0.3000000119
14243  -40.311  -70.571  -8.221 0.2000000030
18908  -33.286  -65.743  -11.559 0.3000000119
18909  -33.730  -66.252  -12.139 0.3000000119
132392  -34.454  -66.742  -11.974 0.3000000119
127918  -35.475  -67.503  -11.407 0.3000000119
20879  -32.056  -63.157  -11.063 0.3000000119
19859  -32.454  -64.522  -11.000 0.3000000119
24966  -34.291  -59.264  -13.739 0.1000000015
23953  -34.863  -60.082  -13.287 0.2000000030
23954  -35.982  -60.234  -13.509 0.1000000015
135189  -36.058  -59.211  -13.770 0.1000000015
24990  -37.426  -58.795  -14.169 0.1000000015
24969  -37.973  -59.689  -14.119 0.1000000015
24992  -39.250  -58.856  -14.442 0.1000000015
24971  -39.893  -59.685  -14.223 0.1000000015
23976  -41.412  -59.919  -14.291 0.1000000015
24993  -40.775  -59.394  -14.421 0.1000000015
27096  -38.909  -57.681  -15.262 0.1000000015
26089  -39.626  -57.716  -15.410 0.1000000015
26067  -40.911  -58.680  -14.875 0.1000000015
144195  -40.982  -58.237  -15.268 0.1000000015
24995  -42.155  -59.816  -14.543 0.1000000015
25010  -42.406  -59.157  -15.242 0.1000000015
23978  -43.469  -60.539  -14.463 0.1000000015
23961  -42.963  -61.078  -13.864 0.1000000015
23979  -44.382  -60.736  -14.786 0.1000000015
27122  -38.759  -57.498  -16.703 0.1000000015
27109  -40.087  -57.572  -15.918 0.1000000015
27123  -39.692  -57.458  -16.658 0.1000000015
139814  -41.753  -58.068  -15.999 0.1000000015
27124  -40.538  -57.584  -16.611 0.1000000015
26092  -42.243  -58.469  -15.800 0.1000000015
25011  -43.368  -59.411  -15.570 0.1000000015
22994  -45.249  -61.138  -15.255 0.1000000015
26152  -39.250  -58.337  -18.622 0.1000000015
27151  -40.166  -57.753  -18.024 0.1000000015
25081  -38.868  -59.506  -19.318 0.1000000015
25112  -39.796  -59.780  -20.465 0.1000000015
23107  -40.196  -61.404  -22.440 0.1000000015
21048  -41.271  -63.631  -25.283 0.1000000015
14210  -37.604  -70.053  -5.508 0.2000000030
15059  -38.111  -69.741  -6.321 0.2000000030
14227  -39.401  -70.661  -6.797 0.2000000030
15931  -37.034  -69.222  -5.367 0.3000000119
15070  -38.687  -69.924  -7.059 0.2000000030
126624  -34.160  -66.464  -10.511 0.3000000119
16942  -35.918  -67.995  -9.159 0.3000000119
124768  -32.601  -64.565  -10.301 0.3000000119
17915  -33.656  -66.040  -9.901 0.3000000119
16941  -35.160  -67.380  -9.321 0.3000000119
17896  -34.525  -66.881  -9.298 0.3000000119
15990  -36.759  -68.347  -9.558 0.3000000119
19841  -32.536  -63.808  -9.808 0.3000000119
21881  -33.015  -62.528  -9.897 0.2000000030
19842  -32.734  -64.641  -9.461 0.3000000119
21911  -34.905  -61.635  -11.942 0.3000000119
22960  -34.314  -60.711  -12.926 0.2000000030
22962  -36.479  -61.296  -13.259 0.2000000030
133000  -36.911  -59.712  -13.938 0.1000000015
26146  -41.762  -57.867  -17.494 0.1000000015
26147  -42.657  -58.212  -17.620 0.1000000015
25026  -43.742  -59.035  -16.355 0.1000000015
26175  -41.325  -58.427  -19.079 0.1000000015
122800  -42.015  -58.173  -18.360 0.1000000015
26176  -42.233  -58.632  -18.994 0.1000000015
139291  -40.291  -59.235  -20.006 0.1000000015
25113  -40.741  -59.554  -20.460 0.1000000015
24103  -40.762  -60.388  -21.520 0.1000000015
24112  -41.062  -60.892  -22.138 0.1000000015
23120  -42.067  -61.556  -22.918 0.1000000015
15043  -36.737  -69.327  -5.016 0.3000000119
14208  -36.681  -69.843  -4.947 0.3000000119
15929  -36.029  -68.331  -5.185 0.3000000119
15944  -36.042  -67.994  -5.892 0.3000000119
15973  -35.892  -68.115  -8.044 0.3000000119
15957  -35.904  -68.049  -6.983 0.3000000119
132820  -34.782  -67.178  -8.747 0.3000000119
17877  -33.622  -66.197  -8.339 0.3000000119
16927  -35.291  -67.683  -7.514 0.3000000119
129340  -32.686  -63.822  -8.966 0.3000000119
19823  -32.712  -63.846  -8.219 0.3000000119
20837  -32.937  -63.057  -8.415 0.2000000030
21868  -34.152  -62.356  -9.443 0.2000000030
21897  -35.485  -62.238  -11.451 0.2000000030
21913  -36.836  -62.407  -12.402 0.2000000030
14226  -35.204  -70.499  -5.818 0.1000000015
15928  -34.338  -68.765  -4.561 0.2000000030
15042  -35.152  -69.139  -4.771 0.3000000119
16918  -35.374  -67.658  -6.421 0.3000000119
16908  -34.848  -67.265  -5.834 0.3000000119
19810  -32.705  -64.509  -7.554 0.3000000119
18849  -33.044  -65.539  -6.975 0.3000000119
21841  -33.165  -62.885  -7.655 0.2000000030
21851  -33.500  -62.651  -8.232 0.2000000030
21853  -34.625  -62.698  -8.875 0.1000000015
20853  -35.354  -63.118  -9.175 0.2000000030
15912  -33.930  -68.214  -4.250 0.3000000119
16893  -34.343  -67.771  -4.413 0.3000000119
21820  -32.989  -62.970  -6.736 0.2000000030
123651  -33.909  -62.549  -7.869 0.1000000015
127151  -33.905  -62.650  -6.545 0.1000000015
21821  -33.424  -62.722  -6.191 0.1000000015
21807  -32.929  -63.005  -5.637 0.1000000015
131805  -35.741  -64.000  -7.692 0.1000000015
17849  -33.463  -66.764  -4.191 0.3000000119
21793  -32.765  -63.082  -4.530 0.1000000015
21795  -34.398  -62.733  -3.881 0.1000000015
17848  -32.248  -66.307  -3.976 0.2000000030
18817  -32.123  -65.605  -4.077 0.2000000030
20757  -31.563  -63.609  -3.558 0.1000000015
141802  -35.900  -64.028  -3.998 0.1000000015
145393  -35.536  -63.034  -3.597 0.1000000015
140063  -40.033  -75.323  -20.026 0.3000000119
10119  -38.289  -75.330  -20.980 0.3000000119
10120  -38.963  -75.351  -20.555 0.3000000119
10175  -33.359  -76.011  -24.282 0.2000000030
9372  -31.811  -76.628  -25.679 0.2000000030
10955  -37.349  -75.107  -21.178 0.4000000060
10148  -35.887  -75.685  -22.832 0.3000000119
133114  -39.062  -75.484  -21.187 0.4000000060
10134  -37.064  -75.470  -21.956 0.3000000119
10147  -34.952  -75.414  -22.947 0.3000000119
10122  -40.425  -75.012  -20.668 0.4000000060
10150  -37.569  -75.789  -22.562 0.4000000060
10162  -35.531  -76.128  -23.519 0.3000000119
9362  -33.907  -76.816  -24.783 0.2000000030
10137  -39.617  -75.352  -21.776 0.4000000060
10136  -38.783  -75.620  -21.802 0.4000000060
10163  -36.318  -76.124  -23.394 0.4000000060
10138  -40.296  -74.926  -21.537 0.4000000060
10956  -40.906  -74.349  -21.270 0.4000000060
126608  -37.167  -75.962  -23.290 0.4000000060
9348  -35.033  -76.492  -23.895 0.3000000119
8612  -34.014  -77.073  -25.035 0.3000000119
139346  -39.321  -75.366  -22.586 0.4000000060
144700  -38.007  -75.794  -23.122 0.4000000060
9350  -36.378  -76.131  -23.839 0.3000000119
9363  -34.595  -76.813  -24.684 0.4000000060
11832  -40.907  -73.742  -21.895 0.4000000060
139092  -37.938  -75.699  -23.888 0.4000000060
8614  -35.014  -76.683  -24.824 0.3000000119
11833  -41.312  -73.624  -21.243 0.4000000060
10165  -39.624  -74.731  -23.214 0.4000000060
10164  -38.832  -75.408  -23.392 0.4000000060
9376  -36.511  -76.100  -24.332 0.4000000060
11850  -40.576  -73.441  -22.182 0.4000000060
9375  -36.132  -76.332  -25.101 0.3000000119
12724  -41.054  -73.256  -21.615 0.4000000060
10983  -39.635  -74.123  -23.606 0.4000000060
10176  -38.698  -75.120  -24.183 0.4000000060
132138  -36.792  -75.792  -24.950 0.4000000060
144641  -39.805  -73.811  -23.261 0.4000000060
10993  -39.223  -74.093  -24.120 0.4000000060
10992  -38.785  -74.416  -24.501 0.4000000060
10190  -38.130  -75.012  -24.855 0.4000000060
11886  -38.253  -74.111  -25.084 0.4000000060
134769  -37.256  -75.169  -25.271 0.4000000060
10188  -36.572  -75.520  -25.638 0.3000000119
9388  -35.402  -76.334  -26.498 0.2000000030
12723  -40.520  -72.925  -21.752 0.3000000119
12740  -39.629  -73.484  -23.125 0.4000000060
12734  -40.031  -73.264  -22.455 0.4000000060
12739  -38.845  -73.276  -23.516 0.4000000060
11885  -37.629  -73.880  -25.491 0.4000000060
11004  -37.616  -74.415  -25.551 0.4000000060
9389  -35.954  -75.960  -26.034 0.2000000030
9405  -35.520  -75.546  -26.697 0.2000000030
8673  -34.194  -76.862  -28.203 0.3000000119
12709  -39.670  -72.391  -21.067 0.3000000119
12722  -39.505  -72.719  -21.925 0.3000000119
12733  -39.178  -73.006  -22.736 0.3000000119
11015  -36.965  -74.152  -25.849 0.3000000119
10209  -35.589  -75.034  -26.602 0.2000000030
10197  -36.063  -75.129  -26.198 0.2000000030
9404  -35.064  -75.902  -27.246 0.2000000030
8672  -33.797  -77.313  -28.687 0.2000000030
13508  -39.878  -71.939  -20.356 0.3000000119
11869  -38.091  -73.665  -24.926 0.4000000060
11014  -36.127  -74.542  -26.222 0.1000000015
13507  -38.990  -71.742  -20.558 0.3000000119
12721  -38.533  -72.396  -22.107 0.3000000119
12738  -37.989  -73.024  -23.840 0.2000000030
11884  -36.925  -73.692  -25.722 0.2000000030
10207  -34.478  -75.727  -27.812 0.1000000015
8686  -33.476  -76.939  -29.412 0.2000000030
13538  -36.661  -72.286  -23.841 0.2000000030
12744  -36.822  -72.749  -24.626 0.2000000030
11883  -36.170  -73.478  -25.881 0.1000000015
11028  -35.410  -74.793  -26.686 0.1000000015
9417  -34.054  -76.124  -28.381 0.1000000015
13492  -39.160  -71.112  -20.005 0.2000000030
13520  -38.762  -72.097  -21.254 0.3000000119
131657  -37.746  -72.101  -22.224 0.3000000119
15151  -39.984  -69.573  -19.834 0.2000000030
143060  -38.614  -71.274  -20.338 0.1000000015
13506  -38.150  -71.395  -20.700 0.3000000119
13531  -37.198  -72.109  -22.675 0.2000000030
12755  -36.557  -73.081  -25.386 0.1000000015
11027  -34.791  -74.858  -27.189 0.1000000015
10221  -33.810  -75.739  -28.431 0.1000000015
9432  -33.589  -76.136  -28.861 0.1000000015
14304  -38.679  -70.189  -19.813 0.2000000030
125617  -37.024  -71.650  -21.854 0.2000000030
128479  -36.589  -71.944  -23.127 0.1000000015
12769  -35.327  -73.243  -25.985 0.1000000015
11900  -34.875  -73.739  -26.466 0.1000000015
11038  -34.338  -75.284  -27.747 0.1000000015
10236  -33.303  -76.070  -29.112 0.1000000015
8696  -32.681  -76.967  -30.502 0.1000000015
13505  -37.246  -71.223  -21.002 0.1000000015
13530  -36.589  -71.692  -22.483 0.2000000030
13537  -35.458  -71.650  -23.850 0.1000000015
13552  -35.246  -72.236  -25.095 0.1000000015
11899  -33.982  -73.466  -26.682 0.1000000015
11037  -33.643  -75.096  -28.204 0.1000000015
10220  -33.198  -75.532  -28.804 0.1000000015
9443  -32.594  -76.666  -30.315 0.1000000015
7982  -31.725  -77.801  -32.062 0.1000000015
13545  -35.200  -71.809  -24.456 0.1000000015
11914  -33.599  -73.925  -27.317 0.1000000015
10252  -31.646  -75.936  -30.523 0.1000000015
9450  -31.722  -76.717  -31.706 0.1000000015
20880  -36.741  -63.137  -11.105 0.2000000030
16106  -40.281  -68.952  -20.135 0.2000000030
15150  -39.050  -69.491  -19.797 0.1000000015
14319  -38.295  -70.797  -20.144 0.1000000015
14318  -37.501  -70.723  -20.319 0.1000000015
13529  -35.919  -71.419  -22.686 0.1000000015
14330  -36.418  -71.065  -21.311 0.1000000015
13536  -34.847  -71.335  -23.795 0.1000000015
13551  -34.421  -71.828  -25.008 0.1000000015
10253  -32.398  -76.271  -30.065 0.1000000015
10235  -32.788  -75.912  -29.426 0.1000000015
11025  -33.243  -74.330  -27.958 0.1000000015
12767  -33.469  -72.684  -26.290 0.1000000015
10135  -37.907  -75.615  -21.816 0.3000000119
9347  -34.231  -76.327  -24.147 0.3000000119
10149  -36.758  -75.829  -22.695 0.3000000119
9364  -35.051  -76.567  -24.471 0.3000000119
136661  -40.620  -74.306  -21.983 0.4000000060
9351  -37.060  -75.966  -23.867 0.4000000060
142168  -35.633  -76.419  -24.416 0.3000000119
10972  -40.507  -73.913  -22.453 0.4000000060
11870  -38.730  -73.874  -24.492 0.4000000060
10198  -36.782  -74.707  -25.829 0.2000000030
8658  -34.986  -76.625  -26.986 0.2000000030
12732  -38.114  -72.653  -22.951 0.3000000119
11902  -36.355  -74.029  -26.102 0.2000000030
10208  -35.012  -75.296  -27.160 0.1000000015
12745  -37.735  -73.216  -24.555 0.4000000060
13539  -37.302  -72.463  -23.442 0.2000000030
11013  -35.793  -74.366  -26.376 0.1000000015
8697  -33.099  -76.863  -29.951 0.1000000015
11901  -35.697  -73.913  -26.284 0.1000000015
13519  -37.899  -71.775  -21.517 0.3000000119
12743  -35.944  -72.430  -24.901 0.1000000015
11915  -34.451  -74.251  -27.010 0.1000000015
9444  -32.935  -76.646  -29.959 0.1000000015
14303  -37.833  -70.094  -19.843 0.1000000015
13518  -36.302  -71.381  -22.016 0.1000000015
13546  -35.995  -72.119  -24.186 0.1000000015
12768  -34.419  -72.960  -26.128 0.1000000015
9451  -32.223  -76.929  -31.082 0.1000000015
9465  -31.798  -77.167  -31.924 0.1000000015
14329  -35.703  -70.968  -21.808 0.1000000015
10901  -37.659  -74.513  -17.279 0.3000000119
10917  -36.948  -74.093  -18.410 0.2000000030
11798  -36.332  -73.968  -18.943 0.3000000119
126120  -37.142  -74.236  -18.958 0.2000000030
120977  -38.342  -74.965  -16.561 0.2000000030
11812  -36.060  -74.103  -19.876 0.2000000030
10069  -39.122  -75.332  -16.777 0.4000000060
10918  -37.752  -74.535  -18.312 0.2000000030
10927  -36.942  -74.286  -19.703 0.2000000030
11811  -35.228  -73.829  -20.095 0.1000000015
11831  -34.938  -74.090  -20.845 0.1000000015
10929  -38.463  -74.848  -19.005 0.3000000119
11810  -34.430  -73.610  -20.294 0.1000000015
10939  -36.709  -74.538  -20.539 0.2000000030
11830  -34.209  -73.892  -20.906 0.1000000015
10951  -33.622  -74.329  -22.024 0.1000000015
10952  -34.489  -74.334  -21.606 0.1000000015
10968  -34.312  -74.816  -22.389 0.1000000015
137214  -31.786  -74.392  -23.025 0.1000000015
10950  -32.973  -74.442  -22.496 0.1000000015
143431  -33.631  -74.751  -22.577 0.1000000015
10980  -31.897  -74.779  -23.566 0.1000000015
10981  -32.463  -74.641  -23.069 0.1000000015
10919  -38.606  -74.965  -18.224 0.3000000119
10954  -36.449  -74.854  -21.347 0.2000000030
10938  -35.819  -74.298  -20.710 0.2000000030
10969  -35.232  -74.966  -22.246 0.2000000030
10158  -31.983  -75.202  -24.089 0.1000000015
10991  -31.229  -74.880  -24.081 0.1000000015
10109  -39.219  -75.169  -18.719 0.2000000030
143367  -38.909  -75.083  -19.383 0.3000000119
10159  -32.720  -75.251  -23.729 0.1000000015
10186  -30.561  -75.569  -25.369 0.1000000015
10173  -31.646  -75.494  -24.612 0.1000000015
10941  -38.481  -75.034  -19.947 0.3000000119
10970  -36.176  -75.227  -22.113 0.3000000119
10098  -40.430  -75.312  -18.111 0.2000000030
10161  -34.624  -75.890  -23.569 0.2000000030
10160  -33.695  -75.611  -23.609 0.1000000015
10187  -31.298  -75.846  -25.252 0.1000000015
9361  -33.043  -76.528  -24.890 0.1000000015
139882  -30.060  -76.252  -26.302 0.1000000015
125854  -39.344  -75.271  -19.795 0.2000000030
9387  -31.458  -77.136  -26.268 0.1000000015
9373  -32.732  -77.045  -25.429 0.1000000015
9386  -30.607  -76.895  -26.553 0.1000000015
128399  -40.028  -75.364  -19.032 0.2000000030
8627  -33.110  -77.601  -25.685 0.1000000015
8626  -32.357  -77.518  -25.992 0.1000000015
8643  -32.533  -77.888  -26.239 0.1000000015
8671  -28.074  -77.899  -28.290 0.1000000015
8641  -30.469  -77.610  -27.098 0.1000000015
144527  -31.145  -77.645  -26.725 0.1000000015
8642  -31.872  -78.050  -26.526 0.1000000015
8613  -34.377  -76.705  -24.739 0.3000000119
7135  -29.928  -79.532  -27.662 0.1000000015
10097  -39.829  -75.422  -17.948 0.3000000119
10902  -38.442  -74.940  -17.458 0.3000000119
10174  -32.470  -75.747  -24.441 0.1000000015
9371  -30.803  -76.260  -25.890 0.1000000015
10928  -37.736  -74.570  -19.394 0.2000000030
10940  -37.594  -74.785  -20.318 0.3000000119
10146  -34.054  -75.225  -23.003 0.1000000015
9402  -29.154  -76.854  -27.514 0.1000000015
8655  -28.820  -77.490  -27.883 0.1000000015
7905  -31.180  -78.548  -27.065 0.1000000015
142157  -28.124  -77.018  -28.099 0.1000000015
7919  -30.256  -78.521  -27.428 0.1000000015
8628  -33.551  -77.276  -25.330 0.2000000030
6357  -30.633  -80.133  -27.836 0.1000000015
6374  -30.339  -80.569  -28.322 0.1000000015
6375  -31.095  -80.233  -28.269 0.2000000030
134791  -29.586  -80.890  -29.886 0.1000000015
7907  -32.515  -77.986  -26.439 0.2000000030
7138  -31.961  -79.229  -27.366 0.2000000030
6398  -30.766  -80.558  -29.045 0.2000000030
7158  -31.824  -79.742  -28.156 0.1000000015
124898  -32.271  -79.383  -28.944 0.1000000015
7893  -33.649  -77.302  -25.565 0.2000000030
7126  -32.656  -78.246  -26.666 0.1000000015
140862  -30.374  -80.698  -29.677 0.1000000015
7173  -31.614  -79.925  -29.251 0.1000000015
7894  -34.280  -77.054  -25.432 0.2000000030
7908  -33.231  -77.823  -26.202 0.2000000030
7139  -32.648  -78.723  -27.198 0.1000000015
7922  -33.799  -77.868  -26.689 0.1000000015
7937  -33.341  -78.285  -28.140 0.1000000015
8615  -35.483  -76.708  -25.188 0.2000000030
7909  -34.060  -77.561  -26.032 0.2000000030
8644  -34.896  -77.115  -26.055 0.2000000030
7949  -32.911  -78.478  -29.248 0.1000000015
7938  -33.872  -77.705  -27.652 0.1000000015
8645  -35.480  -76.642  -25.601 0.2000000030
7174  -32.311  -79.108  -29.915 0.1000000015
7892  -33.053  -77.538  -25.800 0.1000000015
7124  -31.577  -78.949  -27.164 0.1000000015
10888  -38.189  -74.898  -15.705 0.2000000030
11787  -36.366  -73.795  -17.939 0.1000000015
12585  -41.086  -72.361  -10.553 0.2000000030
12584  -39.861  -72.717  -10.492 0.1000000015
14218  -37.680  -70.625  -5.472 0.1000000015
10794  -39.766  -74.046  -7.540 0.1000000015
11669  -39.932  -73.533  -8.298 0.1000000015
13403  -39.427  -71.156  -6.496 0.1000000015
11647  -40.411  -72.629  -8.402 0.1000000015
13402  -37.032  -71.945  -5.745 0.2000000030
136114  -38.224  -72.007  -5.627 0.1000000015
9963  -39.171  -75.404  -6.818 0.1000000015
14217  -37.065  -70.512  -5.273 0.2000000030
13392  -38.284  -71.319  -5.630 0.1000000015
124504  -38.757  -72.122  -5.845 0.1000000015
11615  -39.176  -73.449  -6.314 0.1000000015
11616  -39.525  -73.062  -6.713 0.1000000015
10776  -39.653  -74.236  -7.018 0.1000000015
10869  -37.964  -74.628  -14.908 0.2000000030
145517  -39.791  -72.905  -11.365 0.1000000015
11627  -39.756  -73.517  -7.162 0.1000000015
12531  -39.678  -72.283  -6.721 0.1000000015
13393  -38.910  -71.252  -5.957 0.1000000015
14216  -36.300  -70.414  -5.109 0.2000000030
9988  -39.503  -75.282  -8.108 0.1000000015
9978  -39.406  -75.398  -7.574 0.1000000015
12530  -39.165  -72.706  -6.156 0.1000000015
11625  -37.763  -73.263  -5.792 0.1000000015
11749  -37.261  -74.309  -15.585 0.1000000015
11759  -37.464  -74.447  -16.417 0.1000000015
16890  -31.975  -67.069  -4.244 0.1000000015
16900  -32.297  -67.772  -4.499 0.1000000015
15926  -32.719  -68.393  -5.026 0.1000000015
15943  -33.068  -69.004  -5.684 0.1000000015
14232  -33.986  -69.931  -6.812 0.1000000015
15911  -33.056  -68.071  -4.229 0.1000000015
15927  -33.567  -68.760  -4.765 0.1000000015
16906  -31.594  -67.334  -6.183 0.1000000015
15941  -32.079  -67.884  -6.680 0.1000000015
15080  -32.836  -69.275  -8.836 0.1000000015
16899  -31.735  -67.230  -5.063 0.1000000015
16907  -32.111  -67.895  -5.548 0.1000000015
15056  -32.902  -69.094  -6.696 0.1000000015
15067  -33.421  -69.565  -7.267 0.1000000015
14251  -33.798  -70.429  -8.805 0.1000000015
17855  -31.346  -66.480  -4.633 0.1000000015
145530  -31.937  -68.157  -8.699 0.1000000015
17862  -31.214  -66.621  -5.661 0.1000000015
17869  -31.141  -66.714  -6.960 0.1000000015
16916  -31.534  -67.432  -7.330 0.1000000015
15955  -31.991  -67.951  -7.774 0.1000000015
15956  -32.432  -68.548  -7.188 0.1000000015
17847  -31.644  -66.269  -4.076 0.1000000015
18816  -31.177  -65.565  -3.908 0.1000000015
17876  -30.722  -66.492  -8.012 0.1000000015
16915  -31.153  -67.015  -7.901 0.1000000015
16925  -31.297  -67.578  -8.624 0.1000000015
121484  -30.857  -66.046  -6.348 0.1000000015
17861  -30.748  -65.848  -5.113 0.1000000015
17854  -30.952  -65.769  -4.203 0.1000000015
21898  -36.334  -62.580  -11.696 0.1000000015
21915  -38.190  -62.796  -12.885 0.1000000015
18830  -30.546  -65.135  -4.406 0.1000000015
18802  -31.568  -64.683  -3.834 0.1000000015
20867  -36.383  -63.444  -10.334 0.1000000015
21926  -37.000  -62.069  -13.057 0.1000000015
19876  -37.863  -64.098  -10.966 0.1000000015
20907  -39.648  -63.392  -13.107 0.1000000015
21927  -37.787  -62.240  -13.212 0.1000000015
21928  -38.573  -62.462  -13.209 0.1000000015
143837  -30.796  -66.934  -8.609 0.1000000015
16940  -30.928  -67.782  -9.708 0.1000000015
22963  -37.312  -61.481  -13.491 0.1000000015
14224  -34.014  -69.797  -5.894 0.1000000015
14225  -34.545  -70.243  -6.360 0.1000000015
138120  -33.636  -69.342  -5.494 0.1000000015
140706  -32.280  -66.846  -3.983 0.1000000015
21914  -37.631  -62.638  -12.725 0.1000000015
15942  -32.534  -68.492  -6.115 0.1000000015
15057  -33.455  -69.487  -6.289 0.1000000015
14241  -34.020  -70.077  -7.865 0.1000000015
15081  -33.423  -69.705  -8.341 0.1000000015
20893  -37.613  -63.015  -12.123 0.1000000015
139896  -38.328  -61.515  -13.600 0.1000000015
16121  -40.649  -68.561  -20.769 0.1000000015
16120  -39.701  -68.351  -20.462 0.1000000015
143940  -35.423  -73.016  -15.506 0.1000000015
12646  -35.127  -72.954  -16.027 0.1000000015
11757  -35.730  -73.426  -16.452 0.1000000015
12635  -34.926  -72.655  -15.121 0.1000000015
12634  -34.291  -72.493  -15.735 0.1000000015
12645  -34.515  -72.710  -16.495 0.1000000015
11747  -35.845  -73.377  -15.793 0.1000000015
12624  -34.544  -72.521  -14.223 0.1000000015
12625  -35.296  -72.705  -14.414 0.1000000015
12636  -35.769  -73.145  -15.033 0.1000000015
12623  -33.664  -72.472  -14.528 0.1000000015
12615  -33.943  -72.614  -13.771 0.1000000015
12617  -35.357  -72.623  -13.576 0.1000000015
12614  -33.191  -72.729  -14.110 0.1000000015
12616  -34.662  -72.560  -13.342 0.1000000015
6226  -31.307  -79.977  -17.103 0.1000000015
7014  -32.389  -79.989  -17.328 0.1000000015
7040  -35.021  -79.561  -19.626 0.1000000015
7841  -34.077  -78.763  -20.422 0.1000000015
8572  -33.769  -78.164  -19.789 0.1000000015
8571  -32.890  -77.558  -19.565 0.1000000015
11758  -36.519  -73.870  -16.274 0.1000000015
126939  -32.126  -77.498  -20.147 0.1000000015
8561  -32.931  -77.147  -18.758 0.1000000015
12622  -32.892  -72.483  -14.748 0.1000000015
11740  -32.451  -72.890  -14.386 0.1000000015
11786  -35.568  -73.565  -18.400 0.1000000015
120654  -30.918  -76.467  -19.268 0.1000000015
10095  -30.564  -75.415  -17.890 0.1000000015
10081  -30.526  -74.680  -17.029 0.1000000015
11746  -31.330  -73.186  -15.402 0.1000000015
10868  -32.127  -73.785  -14.357 0.1000000015
11732  -32.787  -73.326  -13.841 0.1000000015
12602  -34.171  -72.828  -13.077 0.1000000015
11797  -35.439  -73.673  -19.265 0.1000000015
9314  -30.345  -76.690  -19.911 0.1000000015
10080  -29.948  -74.797  -17.606 0.1000000015
10878  -31.847  -74.470  -15.014 0.1000000015
10056  -32.456  -74.967  -14.311 0.1000000015
6240  -32.904  -80.323  -18.148 0.1000000015
6241  -34.277  -80.319  -18.457 0.1000000015
7028  -35.454  -79.709  -18.835 0.1000000015
12626  -36.002  -73.013  -14.211 0.1000000015
126394  -36.430  -73.525  -14.719 0.1000000015
11748  -36.481  -73.740  -15.382 0.1000000015
7829  -34.977  -78.968  -19.500 0.1000000015
124864  -33.610  -77.736  -19.158 0.1000000015
8563  -35.115  -78.750  -18.827 0.1000000015
124600  -36.018  -73.660  -17.082 0.1000000015
124747  -31.153  -75.325  -17.257 0.1000000015
10068  -31.790  -75.468  -16.553 0.1000000015
10061  -31.661  -74.970  -15.758 0.1000000015
10863  -33.146  -73.834  -13.328 0.1000000015
9282  -32.553  -76.081  -16.542 0.1000000015
125182  -32.206  -75.595  -15.965 0.1000000015
10062  -32.261  -75.365  -15.239 0.1000000015
10051  -33.048  -74.846  -13.454 0.1000000015
6997  -31.880  -79.735  -16.403 0.1000000015
132459  -33.072  -79.959  -16.832 0.1000000015
6982  -31.857  -79.660  -15.378 0.1000000015
6981  -30.336  -79.204  -15.433 0.1000000015
143201  -36.997  -73.240  -13.209 0.1000000015
7015  -33.717  -80.154  -17.584 0.1000000015
7016  -35.087  -80.150  -17.744 0.1000000015
11742  -37.656  -74.253  -14.251 0.1000000015
7017  -35.697  -79.740  -17.896 0.1000000015
128025  -35.188  -72.570  -12.925 0.1000000015
120948  -37.078  -74.061  -14.823 0.1000000015
7810  -35.593  -79.358  -18.401 0.1000000015
8562  -34.126  -77.750  -18.375 0.1000000015
9296  -33.007  -76.788  -17.905 0.1000000015
9295  -32.147  -76.035  -17.403 0.1000000015
121825  -32.971  -76.549  -17.137 0.1000000015
9270  -32.914  -75.986  -14.843 0.1000000015
9274  -32.802  -76.104  -15.739 0.1000000015
12618  -36.259  -72.884  -13.400 0.1000000015
7780  -31.490  -79.234  -14.111 0.1000000015
7765  -30.882  -78.611  -13.877 0.1000000015
12604  -35.423  -72.697  -12.356 0.1000000015
127057  -35.791  -72.666  -12.798 0.1000000015
6998  -34.394  -80.136  -16.804 0.1000000015
127316  -33.171  -79.978  -15.908 0.1000000015
12603  -34.807  -72.704  -12.679 0.1000000015
6999  -35.614  -79.894  -16.846 0.1000000015
143488  -33.454  -74.999  -13.030 0.1000000015
11722  -34.393  -73.144  -12.438 0.1000000015
8554  -35.335  -78.620  -18.028 0.1000000015
9271  -33.704  -76.656  -14.511 0.1000000015
144874  -34.687  -77.921  -17.569 0.1000000015
8553  -33.772  -77.216  -17.372 0.1000000015
9283  -33.478  -76.841  -16.428 0.1000000015
6212  -32.634  -79.936  -14.848 0.1000000015
12592  -35.032  -72.957  -12.044 0.1000000015
10057  -33.148  -75.821  -13.958 0.1000000015
10044  -33.863  -75.124  -12.592 0.1000000015
8534  -34.460  -77.533  -15.966 0.1000000015
131934  -35.809  -79.314  -17.573 0.1000000015
8545  -35.477  -78.572  -17.226 0.1000000015
141386  -34.565  -77.702  -16.830 0.1000000015
11711  -35.310  -73.507  -11.386 0.1000000015
11701  -36.107  -73.189  -10.926 0.1000000015
131320  -34.368  -74.864  -12.044 0.1000000015
6983  -34.749  -80.123  -15.895 0.1000000015
9264  -33.903  -76.468  -13.666 0.1000000015
9255  -34.183  -76.147  -12.901 0.1000000015
10045  -34.564  -75.719  -12.251 0.1000000015
8524  -34.504  -77.471  -15.075 0.1000000015
129744  -35.972  -79.610  -17.123 0.1000000015
133531  -35.442  -78.423  -16.408 0.1000000015
8535  -35.274  -78.226  -15.616 0.1000000015
131624  -35.962  -79.221  -16.801 0.1000000015
10834  -35.927  -74.012  -10.667 0.1000000015
11702  -36.644  -73.624  -10.273 0.1000000015
9256  -34.974  -76.680  -12.542 0.1000000015
10032  -34.929  -75.230  -11.665 0.1000000015
6213  -33.772  -80.208  -15.047 0.1000000015
8513  -35.452  -78.026  -13.745 0.1000000015
8496  -35.556  -77.619  -12.910 0.1000000015
9272  -34.607  -77.349  -14.178 0.1000000015
7000  -35.929  -79.564  -16.363 0.1000000015
10835  -36.682  -74.649  -10.180 0.1000000015
10033  -35.670  -75.716  -11.277 0.1000000015
9257  -35.839  -77.155  -12.179 0.1000000015
9246  -36.174  -76.647  -11.559 0.1000000015
6201  -33.150  -80.221  -14.357 0.1000000015
7782  -36.165  -79.254  -14.877 0.1000000015
6984  -35.654  -79.862  -15.774 0.1000000015
10008  -37.540  -75.267  -9.798 0.1000000015
6214  -34.896  -80.173  -15.037 0.1000000015
6969  -31.103  -79.322  -14.917 0.1000000015
9263  -30.149  -76.886  -13.347 0.1000000015
8511  -30.469  -77.810  -13.594 0.1000000015
7778  -30.012  -78.186  -14.280 0.1000000015
6268  -35.056  -80.001  -19.469 0.1000000015
9315  -31.951  -76.863  -19.255 0.1000000015
9305  -31.398  -76.305  -18.687 0.1000000015
124542  -30.647  -75.938  -18.577 0.1000000015
9294  -31.332  -75.915  -18.014 0.1000000015
10877  -31.224  -74.030  -15.683 0.1000000015
12630  -31.155  -72.689  -15.848 0.1000000015
6242  -35.267  -80.095  -18.650 0.1000000015
139486  -33.515  -74.384  -12.893 0.1000000015
9275  -33.581  -76.770  -15.423 0.1000000015
12593  -35.746  -72.931  -11.680 0.1000000015
10860  -34.114  -74.058  -12.290 0.1000000015
10850  -35.365  -74.630  -11.174 0.1000000015
7781  -35.601  -78.392  -14.783 0.1000000015
8510  -29.622  -77.352  -13.963 0.1000000015
7281  -20.737  -79.851  -38.427 0.1000000015
6486  -19.944  -80.137  -37.991 0.1000000015
8828  -21.306  -77.540  -41.710 0.1000000015
8091  -21.421  -78.073  -42.012 0.1000000015
8829  -21.978  -77.725  -41.411 0.1000000015
7311  -22.371  -78.873  -40.802 0.1000000015
7296  -21.040  -79.858  -39.342 0.1000000015
8817  -21.038  -77.129  -40.873 0.1000000015
123607  -19.697  -76.980  -39.008 0.1000000015
8791  -19.114  -76.737  -38.533 0.1000000015
7268  -21.280  -79.646  -37.858 0.1000000015
7267  -20.360  -79.728  -37.559 0.1000000015
7254  -19.386  -79.707  -36.455 0.1000000015
7282  -21.664  -79.610  -38.770 0.1000000015
138441  -22.510  -79.186  -40.156 0.1000000015
7297  -21.993  -79.464  -39.672 0.1000000015
6474  -18.980  -80.241  -36.779 0.1000000015
8818  -21.875  -77.121  -41.043 0.1000000015
6511  -21.079  -79.902  -40.192 0.1000000015
7310  -21.759  -79.158  -41.271 0.1000000015
8805  -21.520  -76.583  -40.167 0.1000000015
8792  -19.846  -76.360  -38.504 0.1000000015
9533  -19.417  -75.914  -38.313 0.1000000015
129326  -19.524  -75.266  -38.296 0.1000000015
9449  -23.158  -76.536  -31.324 0.1000000015
8729  -21.036  -77.129  -33.793 0.1000000015
9461  -22.810  -76.811  -32.102 0.1000000015
7256  -21.020  -79.580  -36.860 0.1000000015
7240  -20.021  -79.345  -35.917 0.1000000015
8022  -20.502  -79.064  -35.164 0.1000000015
8008  -19.991  -78.346  -34.720 0.1000000015
8745  -20.519  -77.708  -34.289 0.1000000015
8730  -21.963  -77.555  -33.401 0.1000000015
132506  -21.895  -79.690  -37.286 0.1000000015
8021  -19.528  -78.959  -35.192 0.1000000015
7269  -22.381  -79.629  -38.035 0.1000000015
7239  -19.133  -79.461  -35.723 0.1000000015
7298  -22.962  -79.210  -39.463 0.1000000015
7283  -22.777  -79.451  -38.813 0.1000000015
8804  -20.493  -76.778  -39.527 0.1000000015
8694  -23.799  -77.046  -30.807 0.1000000015
8713  -22.384  -77.139  -32.770 0.1000000015
9441  -23.500  -76.238  -30.535 0.1000000015
8010  -21.954  -79.119  -34.172 0.1000000015
7993  -21.497  -78.102  -33.993 0.1000000015
7229  -21.548  -79.393  -34.887 0.1000000015
7242  -22.199  -79.916  -35.430 0.1000000015
7312  -22.991  -78.606  -40.067 0.1000000015
8076  -23.108  -77.693  -40.253 0.1000000015
8820  -23.042  -76.886  -40.163 0.1000000015
9569  -22.363  -76.676  -40.334 0.1000000015
9554  -21.943  -76.005  -39.579 0.1000000015
9460  -22.083  -76.287  -32.578 0.1000000015
7284  -23.561  -79.297  -38.681 0.1000000015
9475  -20.665  -76.402  -33.381 0.1000000015
7257  -22.015  -79.834  -36.417 0.1000000015
6487  -22.972  -80.080  -37.162 0.1000000015
10270  -21.734  -75.572  -32.237 0.1000000015
6489  -24.432  -79.799  -37.473 0.1000000015
6477  -25.361  -80.050  -36.417 0.1000000015
7244  -25.786  -79.635  -36.118 0.1000000015
7974  -22.693  -77.896  -32.964 0.1000000015
7230  -22.491  -79.804  -34.599 0.1000000015
6464  -22.988  -80.252  -36.128 0.1000000015
7231  -23.383  -80.217  -34.403 0.1000000015
6488  -23.955  -80.118  -37.251 0.1000000015
6466  -25.036  -80.498  -35.777 0.1000000015
7994  -22.499  -78.621  -33.473 0.1000000015
7214  -22.824  -79.579  -33.876 0.1000000015
6438  -24.337  -80.536  -34.257 0.1000000015
7243  -23.149  -80.319  -35.226 0.1000000015
7259  -25.354  -79.474  -36.831 0.1000000015
6453  -24.161  -80.563  -35.094 0.1000000015
5736  -18.912  -80.740  -37.105 0.1000000015
6397  -29.981  -80.980  -29.011 0.2000000030
6408  -31.020  -80.201  -30.051 0.1000000015
6465  -23.966  -80.475  -35.964 0.1000000015
6475  -23.742  -80.309  -36.677 0.1000000015
6476  -24.617  -80.253  -36.732 0.1000000015
6970  -31.851  -79.558  -14.589 0.1000000015
7125  -32.115  -78.584  -26.883 0.2000000030
7137  -31.256  -79.675  -27.584 0.1000000015
7159  -32.557  -79.100  -28.099 0.1000000015
7241  -21.126  -79.484  -35.801 0.1000000015
7253  -18.894  -79.904  -36.135 0.1000000015
7255  -20.116  -79.597  -36.747 0.1000000015
7258  -25.008  -79.827  -37.072 0.1000000015
7266  -19.615  -79.973  -37.209 0.1000000015
7819  -35.371  -79.341  -19.057 0.1000000015
7828  -34.462  -78.664  -19.852 0.1000000015
7842  -34.701  -79.121  -19.999 0.1000000015
7921  -33.301  -78.298  -26.977 0.1000000015
7950  -33.482  -77.659  -29.141 0.2000000030
8009  -20.981  -78.656  -34.562 0.1000000015
8013  -30.539  -77.909  -34.246 0.1000000015
8075  -22.548  -78.095  -40.859 0.1000000015
8573  -34.382  -78.298  -19.285 0.1000000015
8629  -34.199  -77.377  -25.157 0.3000000119
8630  -34.904  -76.823  -25.242 0.2000000030
8656  -29.656  -77.568  -27.481 0.1000000015
8687  -33.707  -76.515  -28.890 0.1000000015
8758  -29.791  -77.763  -35.196 0.1000000015
8778  -29.143  -77.270  -37.021 0.1000000015
8819  -22.547  -77.317  -40.781 0.1000000015
9245  -35.320  -76.207  -11.892 0.1000000015
9265  -34.704  -77.085  -13.301 0.1000000015
9349  -35.717  -76.393  -24.028 0.3000000119
9360  -32.167  -76.170  -25.069 0.2000000030
9374  -33.562  -77.322  -25.264 0.3000000119
9385  -29.758  -76.680  -26.973 0.1000000015
9403  -34.607  -76.347  -27.719 0.2000000030
9431  -33.258  -76.439  -29.422 0.1000000015
9448  -22.509  -75.972  -31.867 0.1000000015
9459  -21.240  -75.929  -32.879 0.1000000015
9476  -21.578  -76.664  -33.217 0.1000000015
9490  -27.871  -76.088  -33.820 0.1000000015
9503  -28.718  -77.086  -35.818 0.1000000015
9520  -28.226  -76.614  -37.211 0.1000000015
9532  -18.592  -76.552  -38.609 0.1000000015
9540  -28.651  -76.628  -38.340 0.1000000015
9542  -29.497  -76.099  -38.711 0.1000000015
9979  -39.650  -74.711  -7.848 0.1000000015
10019  -36.119  -75.179  -10.716 0.1000000015
10052  -33.539  -75.595  -13.245 0.1000000015
10067  -31.091  -74.771  -16.419 0.1000000015
10070  -40.127  -75.374  -16.480 0.5000000000
10121  -39.700  -75.379  -20.811 0.3000000119
10151  -38.431  -75.731  -22.546 0.4000000060
10152  -40.093  -74.687  -22.423 0.4000000060
10172  -30.837  -75.227  -24.794 0.1000000015
10177  -39.243  -74.662  -23.908 0.4000000060
10189  -37.317  -75.689  -24.513 0.4000000060
10254  -32.927  -76.372  -29.693 0.1000000015
10261  -30.705  -75.469  -31.864 0.2000000030
10263  -32.042  -76.542  -30.834 0.1000000015
10346  -29.914  -75.349  -39.143 0.1000000015
10371  -29.090  -75.380  -40.432 0.1000000015
10793  -39.575  -74.807  -7.233 0.1000000015
10849  -34.727  -74.241  -11.692 0.1000000015
10862  -32.633  -74.150  -13.785 0.1000000015
10867  -31.644  -73.696  -15.021 0.1000000015
10900  -37.124  -74.168  -17.824 0.2000000030
10904  -41.092  -74.942  -17.388 0.5000000000
10930  -41.189  -74.599  -20.010 0.5000000000
10931  -41.773  -74.171  -19.798 0.5000000000
10953  -35.521  -74.590  -21.493 0.2000000030
10971  -40.086  -74.105  -23.027 0.4000000060
10982  -33.254  -74.954  -23.081 0.1000000015
11026  -34.069  -74.677  -27.619 0.1000000015
11036  -32.840  -74.772  -28.536 0.1000000015
11185  -29.676  -74.800  -40.821 0.1000000015
11626  -39.436  -73.867  -6.664 0.1000000015
11646  -40.000  -73.094  -7.809 0.1000000015
11710  -34.692  -73.493  -11.943 0.1000000015
11721  -33.757  -73.474  -12.869 0.1000000015
11726  -40.673  -73.017  -12.176 0.3000000119
11733  -33.456  -73.006  -13.442 0.1000000015
11739  -31.858  -73.077  -14.848 0.1000000015
11741  -36.886  -73.540  -14.025 0.1000000015
11762  -42.133  -73.207  -17.024 0.5000000000
11788  -42.629  -73.171  -18.722 0.5000000000
11814  -42.087  -72.846  -20.220 0.5000000000
11849  -40.148  -73.657  -22.740 0.4000000060
11860  -39.265  -73.709  -23.810 0.4000000060
11916  -35.214  -74.408  -26.670 0.1000000015
11929  -30.985  -74.065  -29.142 0.2000000030
12013  -32.843  -73.765  -37.908 0.1000000015
12015  -34.345  -73.257  -37.622 0.1000000015
12027  -31.181  -74.209  -38.679 0.1000000015
12079  -32.171  -73.123  -41.000 0.1000000015
12528  -37.779  -72.346  -5.636 0.1000000015
12529  -38.434  -72.841  -5.722 0.1000000015
12542  -40.469  -72.040  -7.857 0.2000000030
12597  -41.360  -71.816  -11.536 0.3000000119
12620  -40.940  -72.292  -12.674 0.3000000119
12662  -34.335  -72.745  -17.234 0.1000000015
12665  -43.450  -72.044  -17.571 0.6000000238
12737  -37.321  -72.745  -24.095 0.2000000030
12746  -38.508  -73.475  -24.262 0.4000000060
12752  -33.925  -72.235  -25.682 0.1000000015
12753  -34.859  -72.522  -25.574 0.1000000015
12754  -35.725  -72.795  -25.513 0.1000000015
12756  -37.367  -73.413  -25.203 0.4000000060
12765  -30.743  -71.765  -26.803 0.1000000015
12781  -29.926  -72.440  -28.704 0.1000000015
12783  -29.613  -72.390  -30.067 0.1000000015
12802  -35.932  -72.086  -32.941 0.1000000015
12812  -30.111  -73.144  -32.974 0.1000000015
12813  -30.467  -72.684  -33.427 0.1000000015
12816  -34.131  -72.278  -34.067 0.1000000015
12850  -35.357  -72.430  -35.495 0.1000000015
12860  -30.558  -73.049  -36.303 0.1000000015
12863  -33.721  -73.203  -36.418 0.1000000015
12914  -33.911  -72.783  -39.786 0.1000000015
12915  -34.567  -72.432  -39.383 0.1000000015
12927  -32.850  -73.015  -40.541 0.1000000015
13391  -37.588  -71.375  -5.536 0.1000000015
13394  -39.329  -71.842  -6.283 0.1000000015
13404  -39.813  -71.629  -6.851 0.1000000015
13473  -44.278  -71.074  -17.987 0.5000000000
13544  -34.363  -71.384  -24.275 0.1000000015
13557  -31.922  -71.825  -25.993 0.1000000015
13581  -29.805  -71.825  -30.533 0.1000000015
13587  -36.817  -70.463  -30.825 0.1000000015
13603  -34.495  -71.736  -32.648 0.1000000015
13604  -35.243  -71.894  -32.439 0.1000000015
13612  -31.685  -71.785  -33.414 0.1000000015
13615  -36.799  -71.178  -32.721 0.1000000015
13625  -36.016  -71.697  -35.166 0.1000000015
14209  -37.263  -70.101  -5.198 0.2000000030
14228  -39.935  -71.041  -7.094 0.2000000030
14235  -40.342  -71.023  -7.921 0.2000000030
14245  -41.425  -71.196  -9.501 0.3000000119
14264  -41.705  -70.976  -10.840 0.3000000119
14270  -40.928  -70.711  -12.024 0.3000000119
14276  -37.816  -70.562  -15.025 0.4000000060
14288  -40.966  -71.314  -16.688 0.5000000000
14309  -44.027  -70.638  -19.322 0.4000000060
14317  -36.661  -70.616  -20.544 0.1000000015
14410  -34.801  -70.429  -30.839 0.1000000015
14411  -35.596  -70.346  -30.600 0.1000000015
14412  -36.293  -70.094  -30.414 0.1000000015
14413  -37.611  -70.118  -30.832 0.1000000015
14420  -37.650  -70.458  -31.499 0.1000000015
14428  -38.180  -70.132  -31.785 0.1000000015
15044  -37.144  -69.656  -5.230 0.3000000119
15050  -37.414  -69.616  -5.592 0.3000000119
15051  -37.906  -69.892  -5.864 0.2000000030
15052  -38.438  -70.191  -6.138 0.2000000030
15060  -38.822  -70.266  -6.559 0.2000000030
15066  -32.882  -69.134  -7.740 0.1000000015
15071  -39.298  -70.340  -7.059 0.2000000030
15102  -38.119  -68.667  -10.396 0.3000000119
15105  -39.459  -69.127  -11.713 0.4000000060
15128  -42.286  -69.466  -16.534 0.4000000060
15130  -43.785  -69.288  -16.917 0.5000000000
15133  -44.483  -69.628  -18.086 0.5000000000
15139  -44.501  -69.677  -18.896 0.4000000060
15163  -43.105  -69.508  -20.344 0.4000000060
15206  -30.414  -69.726  -26.735 0.1000000015
15224  -35.064  -68.644  -29.166 0.1000000015
15226  -36.340  -69.035  -29.744 0.1000000015
15238  -35.715  -69.091  -29.593 0.1000000015
15254  -38.866  -69.020  -31.172 0.1000000015
15269  -38.632  -69.398  -31.168 0.1000000015
15282  -38.960  -69.074  -31.814 0.1000000015
15915  -36.434  -68.896  -5.043 0.3000000119
15945  -36.595  -68.507  -5.761 0.3000000119
15959  -37.054  -68.786  -6.579 0.3000000119
16007  -36.938  -68.079  -11.271 0.3000000119
16012  -37.556  -68.481  -12.475 0.4000000060
16075  -43.853  -68.639  -17.311 0.5000000000
16089  -44.267  -68.267  -18.110 0.5000000000
16123  -43.606  -69.242  -21.183 0.4000000060
16159  -42.919  -68.454  -24.035 0.1000000015
16184  -33.290  -67.288  -27.123 0.1000000015
16213  -37.387  -68.866  -30.192 0.1000000015
16901  -34.724  -67.461  -4.900 0.3000000119
16980  -33.746  -66.931  -15.473 0.4000000060
17060  -44.452  -67.867  -20.745 0.3000000119
17061  -44.574  -68.420  -20.227 0.4000000060
17106  -42.879  -68.054  -24.306 0.1000000015
17114  -41.965  -67.911  -25.643 0.1000000015
17115  -42.371  -67.941  -24.987 0.1000000015
17118  -31.288  -67.227  -25.430 0.1000000015
17121  -40.990  -67.845  -26.085 0.1000000015
17131  -41.021  -67.436  -26.633 0.1000000015
17148  -35.052  -67.632  -28.697 0.1000000015
17841  -31.600  -65.621  -3.933 0.1000000015
17878  -34.255  -66.779  -8.534 0.3000000119
17942  -33.882  -67.009  -13.666 0.4000000060
17966  -33.349  -66.250  -15.516 0.4000000060
18052  -42.473  -66.685  -22.845 0.1000000015
18077  -41.485  -67.412  -26.205 0.1000000015
18092  -41.023  -67.055  -26.907 0.1000000015
18105  -34.248  -66.651  -27.553 0.1000000015
18113  -34.705  -66.403  -28.188 0.1000000015
18123  -35.545  -66.505  -29.258 0.1000000015
18135  -37.551  -66.444  -30.677 0.1000000015
18801  -31.121  -64.973  -3.701 0.1000000015
18947  -33.220  -64.928  -15.744 0.4000000060
18962  -34.637  -65.365  -16.299 0.4000000060
19056  -31.661  -65.886  -25.227 0.1000000015
19061  -41.198  -66.958  -26.814 0.1000000015
19074  -32.884  -65.337  -26.415 0.1000000015
19078  -39.834  -65.785  -26.933 0.1000000015
19122  -35.848  -65.643  -29.696 0.1000000015
19874  -32.111  -64.022  -11.448 0.3000000119
19916  -32.260  -64.239  -14.408 0.4000000060
19926  -33.062  -64.221  -15.785 0.4000000060
19941  -36.230  -64.304  -16.419 0.3000000119
19967  -41.131  -64.901  -18.290 0.3000000119
20020  -39.585  -63.856  -21.557 0.1000000015
20071  -33.231  -64.501  -26.807 0.1000000015
20087  -34.067  -64.378  -27.753 0.1000000015
20117  -36.215  -64.883  -30.078 0.1000000015
20132  -37.397  -64.872  -30.722 0.1000000015
20824  -34.187  -62.684  -7.199 0.1000000015
20905  -31.641  -63.190  -13.033 0.3000000119
20962  -39.531  -63.473  -17.269 0.3000000119
21029  -39.414  -63.264  -22.228 0.1000000015
21096  -33.548  -63.767  -27.346 0.1000000015
21147  -36.814  -64.222  -30.460 0.1000000015
21170  -39.760  -63.251  -31.516 0.1000000015
21956  -32.386  -62.459  -15.195 0.3000000119
21976  -35.254  -62.226  -16.426 0.2000000030
21977  -36.139  -62.264  -16.466 0.3000000119
21980  -39.223  -62.988  -17.358 0.3000000119
22054  -38.881  -62.392  -20.500 0.1000000015
22136  -34.028  -62.458  -28.178 0.1000000015
22138  -42.922  -63.212  -28.347 0.1000000015
22149  -35.037  -62.290  -29.205 0.1000000015
22176  -36.737  -62.750  -30.393 0.1000000015
22192  -42.076  -62.365  -31.911 0.1000000015
22823  -35.176  -62.542  -3.676 0.1000000015
23016  -37.595  -61.808  -16.911 0.2000000030
23039  -38.773  -62.021  -17.899 0.2000000030
23044  -38.481  -61.183  -18.317 0.2000000030
23094  -39.110  -61.351  -21.380 0.1000000015
23095  -39.671  -61.157  -21.830 0.1000000015
23151  -41.407  -61.711  -27.001 0.1000000015
23181  -36.509  -61.389  -29.903 0.1000000015
23207  -39.982  -61.878  -31.148 0.1000000015
23950  -32.236  -60.884  -14.046 0.3000000119
23955  -36.850  -60.733  -13.672 0.1000000015
23975  -40.697  -60.170  -14.149 0.1000000015
23991  -33.953  -59.861  -15.958 0.1000000015
24045  -38.455  -60.350  -18.861 0.2000000030
24089  -41.294  -59.951  -20.972 0.1000000015
24166  -34.118  -60.701  -27.920 0.1000000015
24180  -37.668  -60.434  -29.991 0.1000000015
24203  -42.248  -60.744  -31.375 0.1000000015
24968  -36.531  -58.671  -14.043 0.1000000015
24987  -33.416  -59.265  -14.551 0.1000000015
24988  -33.919  -58.865  -14.315 0.1000000015
24991  -38.341  -58.844  -14.313 0.1000000015
25009  -34.382  -58.668  -15.315 0.1000000015
25023  -36.075  -58.674  -16.331 0.1000000015
25202  -36.342  -59.365  -28.814 0.1000000015
25214  -40.072  -59.143  -29.893 0.1000000015
26061  -34.473  -58.458  -14.692 0.1000000015
26062  -35.343  -58.216  -14.506 0.1000000015
26066  -39.497  -58.179  -14.874 0.1000000015
26090  -40.346  -58.069  -15.177 0.1000000015
26151  -38.803  -58.281  -18.217 0.1000000015
26172  -38.839  -58.823  -18.754 0.1000000015
26298  -34.975  -58.399  -27.487 0.1000000015
26321  -38.018  -58.878  -29.167 0.1000000015
27093  -35.967  -57.812  -14.876 0.1000000015
27094  -37.273  -57.786  -14.818 0.1000000015
27107  -38.354  -57.462  -15.807 0.1000000015
27136  -39.466  -57.626  -17.419 0.1000000015
27137  -40.127  -57.562  -17.253 0.1000000015
27150  -39.378  -57.911  -18.123 0.1000000015
27277  -34.719  -57.526  -26.580 0.1000000015
27286  -35.763  -57.819  -27.332 0.1000000015
27304  -39.864  -56.968  -28.615 0.1000000015
28226  -37.763  -55.278  -25.489 0.1000000015
28233  -36.016  -56.541  -26.119 0.1000000015
28245  -37.301  -56.811  -26.910 0.1000000015
28246  -38.226  -56.295  -26.634 0.1000000015
29195  -37.182  -54.824  -25.002 0.1000000015
29196  -38.401  -54.752  -25.655 0.1000000015
29197  -38.550  -54.382  -25.901 0.1000000015
29229  -39.238  -55.242  -28.206 0.1000000015
29245  -39.904  -55.972  -29.141 0.1000000015
30181  -36.791  -53.666  -24.858 0.1000000015
30182  -37.510  -53.828  -25.221 0.1000000015
30210  -38.661  -54.506  -26.509 0.1000000015
31173  -35.886  -53.308  -24.592 0.1000000015
31198  -37.695  -53.796  -25.613 0.1000000015
121042  -30.093  -73.652  -36.465 0.1000000015
121195  -33.187  -71.993  -34.277 0.1000000015
123447  -39.158  -63.783  -31.456 0.1000000015
124579  -19.161  -77.436  -39.062 0.1000000015
124586  -40.880  -61.808  -26.892 0.1000000015
125852  -32.401  -60.847  -14.764 0.3000000119
126051  -32.142  -76.442  -18.345 0.1000000015
126851  -37.574  -69.224  -6.189 0.2000000030
128147  -37.750  -68.200  -30.423 0.1000000015
128442  -30.710  -66.111  -7.323 0.1000000015
128488  -29.765  -73.101  -31.755 0.1000000015
129279  -31.116  -68.492  -27.135 0.1000000015
129393  -34.291  -63.243  -16.236 0.3000000119
129665  -42.985  -69.094  -21.570 0.3000000119
130382  -35.973  -71.774  -23.506 0.1000000015
131072  -29.866  -71.002  -28.298 0.1000000015
131271  -36.695  -66.748  -16.592 0.3000000119
131609  -34.464  -73.138  -36.252 0.1000000015
131967  -40.486  -65.714  -16.889 0.4000000060
132119  -35.273  -72.304  -33.251 0.1000000015
132420  -32.725  -71.072  -32.288 0.1000000015
134307  -21.876  -79.420  -40.539 0.1000000015
134498  -31.885  -65.277  -25.442 0.1000000015
134580  -31.991  -63.154  -25.789 0.1000000015
135464  -30.322  -73.650  -29.485 0.1000000015
135611  -39.255  -62.764  -13.204 0.1000000015
136499  -36.445  -71.320  -31.810 0.1000000015
136540  -34.487  -76.774  -25.066 0.2000000030
137173  -39.943  -60.491  -30.567 0.1000000015
137759  -34.221  -66.553  -9.810 0.3000000119
138565  -36.609  -57.851  -14.671 0.1000000015
138611  -34.968  -64.703  -16.364 0.4000000060
138664  -32.982  -61.559  -15.843 0.2000000030
139059  -35.012  -67.211  -11.838 0.3000000119
139365  -32.301  -73.511  -40.435 0.1000000015
140113  -40.973  -63.802  -31.861 0.1000000015
140532  -27.490  -75.247  -41.149 0.1000000015
140657  -40.651  -73.054  -13.245 0.3000000119
141234  -42.729  -62.230  -27.770 0.1000000015
141271  -35.252  -60.327  -28.749 0.1000000015
141307  -36.809  -63.943  -16.448 0.3000000119
141726  -35.278  -71.336  -23.256 0.1000000015
141880  -37.978  -68.838  -9.713 0.2000000030
141891  -29.879  -76.944  -37.159 0.1000000015
142633  -30.557  -75.047  -17.455 0.1000000015
144029  -32.532  -61.986  -11.158 0.2000000030
144576  -43.687  -71.102  -19.363 0.4000000060
144761  -41.266  -72.292  -9.461 0.2000000030
144808  -41.518  -58.790  -30.444 0.1000000015
145038  -32.521  -63.191  -15.281 0.3000000119
145052  -40.078  -72.019  -7.242 0.2000000030
145140  -40.346  -63.755  -31.697 0.1000000015
145185  -41.922  -60.340  -14.158 0.1000000015
145203  -20.567  -79.482  -36.308 0.1000000015
145628  -29.599  -77.708  -35.908 0.1000000015
145831  -35.746  -72.051  -35.336 0.1000000015
