#!ascii label  , from subject sub-v1s0x0050642_ses-1 vox2ras=TkReg
537
10122  -40.425  -75.012  -20.668 0.0000000000
13549  -32.279  -71.317  -25.297 0.0000000000
14295  -44.427  -70.386  -18.393 0.0000000000
12738  -37.989  -73.024  -23.840 0.0000000000
16104  -38.502  -68.779  -19.858 0.0000000000
12638  -40.247  -73.685  -14.838 0.0000000000
129162  -37.594  -68.117  -16.686 0.0000000000
18928  -33.392  -66.385  -13.324 0.0000000000
18003  -43.678  -66.969  -19.039 0.0000000000
15153  -42.412  -69.924  -19.774 0.0000000000
16150  -43.925  -68.236  -22.382 0.0000000000
14286  -38.960  -71.129  -16.424 0.0000000000
15112  -37.666  -69.462  -13.726 0.0000000000
21946  -31.916  -62.403  -14.294 0.0000000000
20957  -33.699  -63.854  -16.102 0.0000000000
9376  -36.511  -76.100  -24.332 0.0000000000
13545  -35.200  -71.809  -24.456 0.0000000000
11915  -34.451  -74.251  -27.010 0.0000000000
11912  -31.634  -73.272  -27.777 0.0000000000
11799  -42.252  -73.328  -19.748 0.0000000000
144641  -39.805  -73.811  -23.261 0.0000000000
13506  -38.150  -71.395  -20.700 0.0000000000
14328  -34.979  -70.379  -21.631 0.0000000000
13465  -42.815  -71.982  -16.872 0.0000000000
122771  -41.806  -67.925  -16.600 0.0000000000
18965  -41.066  -65.739  -17.163 0.0000000000
16011  -36.952  -68.117  -12.076 0.0000000000
16994  -34.886  -67.937  -15.796 0.0000000000
131268  -36.904  -64.723  -16.438 0.0000000000
22000  -39.765  -63.155  -17.970 0.0000000000
10197  -36.063  -75.129  -26.198 0.0000000000
17072  -30.459  -67.007  -21.761 0.0000000000
134835  -30.550  -69.446  -25.061 0.0000000000
15233  -30.732  -70.058  -29.245 0.0000000000
18013  -43.113  -66.536  -19.408 0.0000000000
17080  -44.380  -68.025  -21.703 0.0000000000
139346  -39.321  -75.366  -22.586 0.0000000000
126943  -33.768  -71.369  -24.632 0.0000000000
12767  -33.469  -72.684  -26.290 0.0000000000
12766  -32.486  -72.442  -26.454 0.0000000000
11921  -30.664  -72.938  -28.137 0.0000000000
13556  -31.096  -71.539  -26.231 0.0000000000
12681  -43.827  -71.763  -18.422 0.0000000000
13496  -43.223  -71.473  -19.464 0.0000000000
16106  -40.281  -68.952  -20.135 0.0000000000
14305  -39.632  -70.296  -19.746 0.0000000000
14303  -37.833  -70.094  -19.843 0.0000000000
14330  -36.418  -71.065  -21.311 0.0000000000
15148  -37.394  -69.344  -19.698 0.0000000000
11761  -41.491  -74.122  -16.862 0.0000000000
123441  -40.826  -73.110  -16.391 0.0000000000
131612  -38.165  -69.647  -16.515 0.0000000000
132030  -40.142  -69.572  -16.703 0.0000000000
128267  -39.436  -68.144  -16.691 0.0000000000
131293  -41.303  -66.955  -16.675 0.0000000000
137867  -39.063  -66.564  -16.608 0.0000000000
16965  -35.385  -67.719  -12.807 0.0000000000
16969  -35.072  -67.985  -13.701 0.0000000000
17952  -33.693  -67.164  -14.628 0.0000000000
142939  -35.687  -62.738  -16.408 0.0000000000
19940  -35.481  -64.056  -16.387 0.0000000000
20961  -37.179  -63.315  -16.524 0.0000000000
138682  -38.925  -63.400  -16.966 0.0000000000
12739  -38.845  -73.276  -23.516 0.0000000000
11886  -38.253  -74.111  -25.084 0.0000000000
11885  -37.629  -73.880  -25.491 0.0000000000
10221  -33.810  -75.739  -28.431 0.0000000000
134821  -30.387  -65.359  -23.178 0.0000000000
16156  -30.707  -68.170  -23.237 0.0000000000
15215  -31.331  -68.849  -28.000 0.0000000000
17029  -44.490  -68.136  -18.864 0.0000000000
15154  -43.642  -69.945  -19.781 0.0000000000
15165  -44.388  -68.987  -20.451 0.0000000000
132929  -42.704  -69.184  -20.817 0.0000000000
16121  -40.649  -68.561  -20.769 0.0000000000
13457  -39.236  -72.032  -15.935 0.0000000000
14280  -37.670  -70.443  -15.685 0.0000000000
15120  -36.678  -69.299  -16.100 0.0000000000
18926  -32.458  -65.078  -13.632 0.0000000000
140091  -32.981  -65.505  -15.431 0.0000000000
20938  -32.912  -63.233  -15.733 0.0000000000
22993  -33.549  -61.721  -16.164 0.0000000000
24010  -35.803  -60.281  -16.654 0.0000000000
13538  -36.661  -72.286  -23.841 0.0000000000
11883  -36.170  -73.478  -25.881 0.0000000000
12768  -34.419  -72.960  -26.128 0.0000000000
11914  -33.599  -73.925  -27.317 0.0000000000
11035  -31.891  -74.466  -28.788 0.0000000000
11044  -30.527  -74.338  -29.896 0.0000000000
11934  -29.726  -73.098  -30.356 0.0000000000
13589  -29.817  -72.218  -31.146 0.0000000000
10943  -41.398  -74.142  -20.651 0.0000000000
136661  -40.620  -74.306  -21.983 0.0000000000
12723  -40.520  -72.925  -21.752 0.0000000000
12722  -39.505  -72.719  -21.925 0.0000000000
133321  -41.456  -71.015  -19.528 0.0000000000
13507  -38.990  -71.742  -20.558 0.0000000000
131657  -37.746  -72.101  -22.224 0.0000000000
13530  -36.589  -71.692  -22.483 0.0000000000
14341  -35.097  -70.900  -22.486 0.0000000000
14339  -33.752  -70.302  -22.942 0.0000000000
10905  -42.035  -74.062  -18.190 0.0000000000
12664  -42.836  -72.611  -17.428 0.0000000000
14291  -43.909  -70.987  -17.346 0.0000000000
14287  -39.811  -71.252  -16.571 0.0000000000
131021  -41.723  -70.351  -16.621 0.0000000000
16059  -43.340  -68.785  -16.821 0.0000000000
17017  -42.850  -67.182  -17.388 0.0000000000
18984  -42.410  -66.162  -18.103 0.0000000000
18983  -41.736  -65.569  -18.184 0.0000000000
16017  -37.236  -68.823  -13.272 0.0000000000
16025  -35.966  -69.073  -14.857 0.0000000000
131785  -36.639  -68.174  -16.553 0.0000000000
17977  -34.462  -66.202  -16.241 0.0000000000
130770  -35.909  -66.556  -16.540 0.0000000000
17980  -37.404  -66.285  -16.541 0.0000000000
19944  -39.011  -64.885  -16.630 0.0000000000
19954  -40.400  -64.457  -17.528 0.0000000000
10176  -38.698  -75.120  -24.183 0.0000000000
10188  -36.572  -75.520  -25.638 0.0000000000
11028  -35.410  -74.793  -26.686 0.0000000000
10207  -34.478  -75.727  -27.812 0.0000000000
126131  -35.736  -68.843  -19.682 0.0000000000
123209  -34.032  -69.365  -20.673 0.0000000000
15186  -32.292  -69.969  -23.319 0.0000000000
143718  -31.083  -69.323  -23.597 0.0000000000
14355  -31.004  -70.124  -24.691 0.0000000000
14378  -30.278  -70.510  -27.054 0.0000000000
122555  -30.057  -70.700  -29.087 0.0000000000
19006  -42.296  -66.025  -19.769 0.0000000000
133170  -43.264  -66.776  -20.467 0.0000000000
10136  -38.783  -75.620  -21.802 0.0000000000
10137  -39.617  -75.352  -21.776 0.0000000000
13543  -32.998  -71.059  -24.659 0.0000000000
12751  -32.921  -72.006  -25.825 0.0000000000
138826  -31.485  -72.179  -26.615 0.0000000000
143195  -31.446  -71.305  -25.697 0.0000000000
14294  -44.268  -71.006  -18.779 0.0000000000
13497  -43.828  -71.372  -19.155 0.0000000000
16105  -39.377  -68.861  -19.979 0.0000000000
15150  -39.050  -69.491  -19.797 0.0000000000
15149  -38.211  -69.415  -19.730 0.0000000000
16103  -37.801  -68.790  -19.716 0.0000000000
11743  -40.396  -74.732  -14.949 0.0000000000
11750  -40.530  -74.771  -15.715 0.0000000000
131329  -41.257  -73.981  -16.334 0.0000000000
12648  -40.597  -73.693  -15.693 0.0000000000
16054  -37.859  -68.904  -16.637 0.0000000000
16055  -38.806  -68.878  -16.676 0.0000000000
128268  -38.592  -68.093  -16.701 0.0000000000
17005  -39.499  -67.239  -16.646 0.0000000000
17004  -38.389  -67.270  -16.663 0.0000000000
18920  -33.443  -66.196  -12.727 0.0000000000
18909  -33.730  -66.252  -12.139 0.0000000000
17937  -34.099  -66.715  -12.771 0.0000000000
17938  -34.862  -67.231  -12.439 0.0000000000
17943  -34.619  -67.381  -13.228 0.0000000000
17941  -33.257  -66.587  -14.164 0.0000000000
23015  -36.407  -61.554  -16.625 0.0000000000
122363  -36.823  -62.692  -16.523 0.0000000000
21978  -37.637  -62.550  -16.744 0.0000000000
23017  -38.194  -62.066  -17.140 0.0000000000
11869  -38.091  -73.665  -24.926 0.0000000000
12745  -37.735  -73.216  -24.555 0.0000000000
17117  -30.669  -67.931  -24.849 0.0000000000
16170  -31.074  -68.149  -26.517 0.0000000000
122312  -31.612  -67.941  -26.913 0.0000000000
17028  -44.029  -67.526  -18.533 0.0000000000
17044  -44.599  -68.433  -19.417 0.0000000000
17043  -44.366  -67.747  -19.581 0.0000000000
16139  -44.235  -68.485  -21.758 0.0000000000
16138  -43.710  -68.830  -22.035 0.0000000000
16122  -41.856  -68.868  -21.044 0.0000000000
16137  -42.594  -68.911  -22.399 0.0000000000
15121  -37.115  -69.892  -15.864 0.0000000000
15116  -36.513  -69.527  -15.392 0.0000000000
19903  -31.885  -64.137  -13.168 0.0000000000
20924  -31.773  -63.291  -13.855 0.0000000000
140417  -32.613  -63.806  -15.266 0.0000000000
20937  -32.220  -63.236  -14.751 0.0000000000
23013  -34.538  -61.444  -16.403 0.0000000000
9375  -36.132  -76.332  -25.101 0.0000000000
13546  -35.995  -72.119  -24.186 0.0000000000
12743  -35.944  -72.430  -24.901 0.0000000000
13552  -35.246  -72.236  -25.095 0.0000000000
11898  -33.039  -73.169  -26.886 0.0000000000
11913  -32.661  -73.585  -27.557 0.0000000000
11923  -32.291  -74.013  -28.189 0.0000000000
11045  -31.481  -74.864  -29.445 0.0000000000
139853  -30.201  -72.220  -27.934 0.0000000000
120988  -30.443  -73.321  -28.879 0.0000000000
11928  -29.845  -72.970  -29.538 0.0000000000
12786  -29.669  -72.553  -30.756 0.0000000000
12784  -29.688  -72.204  -29.430 0.0000000000
12709  -39.670  -72.391  -21.067 0.0000000000
14307  -42.429  -70.760  -19.481 0.0000000000
134409  -41.566  -70.245  -19.568 0.0000000000
13492  -39.160  -71.112  -20.005 0.0000000000
13520  -38.762  -72.097  -21.254 0.0000000000
13519  -37.899  -71.775  -21.517 0.0000000000
13531  -37.198  -72.109  -22.675 0.0000000000
14316  -35.740  -70.386  -20.852 0.0000000000
14329  -35.703  -70.968  -21.808 0.0000000000
14347  -34.490  -70.850  -23.155 0.0000000000
14340  -34.350  -70.339  -22.340 0.0000000000
12649  -42.047  -72.949  -16.771 0.0000000000
11775  -42.301  -73.437  -17.613 0.0000000000
12650  -42.879  -72.356  -17.174 0.0000000000
12651  -43.487  -71.677  -17.244 0.0000000000
14289  -43.386  -71.060  -16.834 0.0000000000
13461  -38.877  -71.505  -16.144 0.0000000000
13462  -39.398  -71.795  -16.295 0.0000000000
16057  -40.879  -68.701  -16.591 0.0000000000
15127  -41.224  -69.523  -16.621 0.0000000000
129079  -41.795  -68.809  -16.524 0.0000000000
15129  -43.223  -69.408  -16.650 0.0000000000
16058  -42.611  -68.687  -16.625 0.0000000000
16074  -42.943  -67.952  -16.933 0.0000000000
17983  -40.880  -66.232  -16.788 0.0000000000
17984  -41.657  -66.323  -16.994 0.0000000000
17989  -41.727  -65.891  -17.606 0.0000000000
18971  -41.007  -65.184  -17.758 0.0000000000
121217  -36.739  -68.359  -12.822 0.0000000000
16982  -34.778  -68.184  -14.821 0.0000000000
16015  -35.491  -68.567  -14.281 0.0000000000
16037  -35.359  -68.625  -15.391 0.0000000000
16051  -35.759  -68.256  -16.188 0.0000000000
17001  -35.298  -67.390  -16.334 0.0000000000
19938  -33.560  -64.668  -16.008 0.0000000000
18961  -33.736  -65.542  -16.016 0.0000000000
19939  -34.195  -64.695  -16.216 0.0000000000
144407  -36.288  -64.866  -16.431 0.0000000000
129410  -35.685  -64.918  -16.421 0.0000000000
17978  -36.297  -65.505  -16.489 0.0000000000
17979  -36.716  -66.127  -16.533 0.0000000000
131270  -37.240  -65.521  -16.473 0.0000000000
131269  -38.164  -65.630  -16.507 0.0000000000
131267  -37.893  -64.822  -16.514 0.0000000000
20978  -39.702  -63.353  -17.591 0.0000000000
20963  -39.940  -63.868  -17.343 0.0000000000
20979  -40.250  -63.812  -17.858 0.0000000000
19966  -40.685  -64.192  -18.355 0.0000000000
10972  -40.507  -73.913  -22.453 0.0000000000
10165  -39.624  -74.731  -23.214 0.0000000000
10983  -39.635  -74.123  -23.606 0.0000000000
11004  -37.616  -74.415  -25.551 0.0000000000
134769  -37.256  -75.169  -25.271 0.0000000000
10198  -36.782  -74.707  -25.829 0.0000000000
9389  -35.954  -75.960  -26.034 0.0000000000
9405  -35.520  -75.546  -26.697 0.0000000000
11901  -35.697  -73.913  -26.284 0.0000000000
11013  -35.793  -74.366  -26.376 0.0000000000
11027  -34.791  -74.858  -27.189 0.0000000000
9432  -33.589  -76.136  -28.861 0.0000000000
16102  -36.190  -68.365  -19.640 0.0000000000
15174  -33.387  -69.411  -21.367 0.0000000000
15182  -33.573  -69.837  -22.207 0.0000000000
15181  -32.651  -69.416  -22.092 0.0000000000
126454  -30.512  -68.739  -24.568 0.0000000000
15185  -30.702  -68.790  -23.770 0.0000000000
15193  -30.790  -69.420  -24.241 0.0000000000
14344  -31.516  -69.942  -23.881 0.0000000000
14366  -30.646  -70.189  -25.494 0.0000000000
13548  -30.835  -70.883  -25.899 0.0000000000
14375  -30.457  -70.291  -26.289 0.0000000000
15214  -30.623  -69.499  -27.976 0.0000000000
122814  -30.287  -70.156  -28.356 0.0000000000
14394  -30.479  -70.526  -29.710 0.0000000000
18014  -43.893  -67.198  -20.079 0.0000000000
18022  -44.034  -67.446  -21.200 0.0000000000
17079  -43.922  -67.634  -22.278 0.0000000000
22980  -32.137  -61.556  -14.610 0.0000000000
23973  -32.708  -60.253  -14.574 0.0000000000
139092  -37.938  -75.699  -23.888 0.0000000000
13551  -34.421  -71.828  -25.008 0.0000000000
12752  -33.925  -72.235  -25.682 0.0000000000
12778  -32.025  -72.866  -27.083 0.0000000000
12777  -30.890  -72.436  -27.338 0.0000000000
12680  -43.241  -72.356  -18.842 0.0000000000
12697  -43.352  -71.903  -19.266 0.0000000000
126857  -42.914  -72.046  -19.707 0.0000000000
13495  -42.365  -71.849  -19.762 0.0000000000
15152  -41.086  -69.592  -19.865 0.0000000000
14306  -40.655  -70.288  -19.615 0.0000000000
15151  -39.984  -69.573  -19.834 0.0000000000
14304  -38.679  -70.189  -19.813 0.0000000000
14319  -38.295  -70.797  -20.144 0.0000000000
13505  -37.246  -71.223  -21.002 0.0000000000
14318  -37.501  -70.723  -20.319 0.0000000000
14302  -36.987  -70.056  -19.945 0.0000000000
15161  -36.242  -70.026  -20.150 0.0000000000
13464  -41.574  -72.225  -16.664 0.0000000000
15125  -38.549  -70.395  -16.458 0.0000000000
15126  -39.433  -70.446  -16.648 0.0000000000
132031  -39.102  -69.645  -16.666 0.0000000000
16056  -39.803  -68.775  -16.682 0.0000000000
17006  -40.471  -67.771  -16.621 0.0000000000
130545  -40.469  -66.825  -16.649 0.0000000000
17982  -39.966  -66.186  -16.674 0.0000000000
16962  -35.547  -67.555  -12.115 0.0000000000
16966  -36.137  -68.006  -12.407 0.0000000000
16970  -35.879  -68.242  -13.237 0.0000000000
16968  -34.311  -67.638  -14.200 0.0000000000
16981  -34.192  -67.611  -15.256 0.0000000000
20959  -35.137  -63.141  -16.368 0.0000000000
20958  -34.625  -63.956  -16.315 0.0000000000
20960  -36.189  -63.308  -16.424 0.0000000000
19942  -37.549  -64.045  -16.533 0.0000000000
19943  -38.470  -64.087  -16.713 0.0000000000
122389  -38.058  -63.347  -16.717 0.0000000000
21979  -38.524  -62.748  -17.031 0.0000000000
21999  -39.304  -62.769  -17.749 0.0000000000
12740  -39.629  -73.484  -23.125 0.0000000000
10993  -39.223  -74.093  -24.120 0.0000000000
11870  -38.730  -73.874  -24.492 0.0000000000
11015  -36.965  -74.152  -25.849 0.0000000000
11038  -34.338  -75.284  -27.747 0.0000000000
19044  -30.657  -65.962  -23.779 0.0000000000
132990  -30.561  -66.815  -23.426 0.0000000000
17091  -30.555  -67.464  -22.684 0.0000000000
17103  -30.609  -67.581  -23.479 0.0000000000
16162  -30.574  -68.107  -24.004 0.0000000000
16166  -30.551  -68.759  -25.439 0.0000000000
15197  -30.461  -69.521  -25.913 0.0000000000
16182  -30.634  -69.230  -27.284 0.0000000000
15220  -31.027  -69.466  -28.683 0.0000000000
16090  -44.599  -68.871  -18.686 0.0000000000
14310  -44.358  -70.330  -19.014 0.0000000000
16108  -44.552  -69.016  -19.578 0.0000000000
15155  -44.230  -69.660  -19.554 0.0000000000
15164  -44.031  -69.409  -20.498 0.0000000000
16125  -44.453  -68.447  -21.131 0.0000000000
16124  -44.217  -68.935  -21.285 0.0000000000
15162  -41.991  -69.250  -20.200 0.0000000000
16107  -41.118  -68.989  -20.337 0.0000000000
16120  -39.701  -68.351  -20.462 0.0000000000
12637  -39.832  -72.701  -15.525 0.0000000000
13456  -38.681  -71.512  -15.624 0.0000000000
14281  -38.117  -70.906  -15.514 0.0000000000
14285  -38.321  -70.914  -16.091 0.0000000000
14284  -37.804  -70.168  -16.185 0.0000000000
15124  -37.364  -69.509  -16.338 0.0000000000
16053  -37.005  -68.864  -16.498 0.0000000000
127670  -32.930  -65.745  -13.083 0.0000000000
18927  -32.827  -65.900  -13.891 0.0000000000
18935  -32.894  -66.097  -14.798 0.0000000000
18934  -32.601  -65.270  -14.597 0.0000000000
18946  -32.753  -64.676  -15.290 0.0000000000
22992  -32.589  -61.400  -15.368 0.0000000000
21957  -32.916  -62.196  -15.831 0.0000000000
21974  -33.582  -62.795  -16.115 0.0000000000
21975  -34.386  -62.432  -16.329 0.0000000000
23014  -35.595  -61.297  -16.543 0.0000000000
126674  -36.289  -60.943  -16.739 0.0000000000
12744  -36.822  -72.749  -24.626 0.0000000000
12755  -36.557  -73.081  -25.386 0.0000000000
12769  -35.327  -73.243  -25.985 0.0000000000
11900  -34.875  -73.739  -26.466 0.0000000000
11046  -32.398  -75.251  -29.099 0.0000000000
124012  -29.997  -73.594  -29.990 0.0000000000
11935  -29.947  -73.933  -30.695 0.0000000000
11941  -29.693  -73.196  -31.081 0.0000000000
140388  -29.712  -72.688  -31.314 0.0000000000
10942  -40.908  -74.650  -20.483 0.0000000000
10138  -40.296  -74.926  -21.537 0.0000000000
10956  -40.906  -74.349  -21.270 0.0000000000
11832  -40.907  -73.742  -21.895 0.0000000000
11850  -40.576  -73.441  -22.182 0.0000000000
12724  -41.054  -73.256  -21.615 0.0000000000
12734  -40.031  -73.264  -22.455 0.0000000000
12733  -39.178  -73.006  -22.736 0.0000000000
12732  -38.114  -72.653  -22.951 0.0000000000
14308  -43.344  -70.630  -19.540 0.0000000000
13493  -40.392  -71.271  -19.760 0.0000000000
12721  -38.533  -72.396  -22.107 0.0000000000
13539  -37.302  -72.463  -23.442 0.0000000000
128479  -36.589  -71.944  -23.127 0.0000000000
13537  -35.458  -71.650  -23.850 0.0000000000
13518  -36.302  -71.381  -22.016 0.0000000000
13529  -35.919  -71.419  -22.686 0.0000000000
13536  -34.847  -71.335  -23.795 0.0000000000
14358  -34.238  -71.064  -23.732 0.0000000000
14357  -33.604  -70.957  -24.050 0.0000000000
122317  -32.825  -70.661  -24.134 0.0000000000
10111  -41.183  -74.827  -19.244 0.0000000000
10921  -42.133  -73.883  -19.063 0.0000000000
11774  -41.581  -74.378  -17.395 0.0000000000
11776  -43.160  -72.554  -18.045 0.0000000000
13472  -43.885  -71.537  -17.642 0.0000000000
14292  -44.291  -70.312  -17.590 0.0000000000
12647  -39.932  -72.559  -16.077 0.0000000000
13463  -40.285  -72.120  -16.447 0.0000000000
133622  -40.502  -70.418  -16.708 0.0000000000
126249  -42.336  -71.208  -16.670 0.0000000000
135341  -42.917  -70.250  -16.593 0.0000000000
134145  -43.844  -70.117  -16.897 0.0000000000
15132  -44.198  -69.501  -17.358 0.0000000000
16076  -44.417  -68.965  -17.841 0.0000000000
17018  -43.560  -67.694  -17.684 0.0000000000
17027  -43.160  -66.866  -18.108 0.0000000000
17007  -42.208  -67.065  -16.893 0.0000000000
17990  -42.363  -66.519  -17.474 0.0000000000
18002  -42.959  -66.471  -18.648 0.0000000000
18992  -42.379  -66.001  -18.738 0.0000000000
16016  -36.330  -68.753  -13.748 0.0000000000
16026  -36.740  -69.341  -14.305 0.0000000000
16038  -36.025  -69.000  -15.806 0.0000000000
16052  -36.386  -68.754  -16.273 0.0000000000
138391  -33.282  -66.678  -14.962 0.0000000000
17967  -33.921  -66.440  -15.937 0.0000000000
16993  -34.433  -67.095  -16.039 0.0000000000
143844  -35.159  -65.196  -16.383 0.0000000000
122706  -35.306  -65.786  -16.426 0.0000000000
17000  -35.052  -66.645  -16.385 0.0000000000
17002  -36.207  -67.451  -16.542 0.0000000000
17003  -37.296  -67.226  -16.648 0.0000000000
17981  -38.255  -66.449  -16.584 0.0000000000
132529  -39.101  -65.816  -16.585 0.0000000000
18963  -39.888  -65.364  -16.765 0.0000000000
133845  -39.365  -64.010  -16.958 0.0000000000
19945  -39.938  -64.565  -16.984 0.0000000000
18964  -40.483  -65.163  -17.158 0.0000000000
139259  -40.735  -64.440  -17.983 0.0000000000
19980  -41.042  -64.676  -18.853 0.0000000000
10164  -38.832  -75.408  -23.392 0.0000000000
10992  -38.785  -74.416  -24.501 0.0000000000
10190  -38.130  -75.012  -24.855 0.0000000000
132138  -36.792  -75.792  -24.950 0.0000000000
11884  -36.925  -73.692  -25.722 0.0000000000
11902  -36.355  -74.029  -26.102 0.0000000000
11014  -36.127  -74.542  -26.222 0.0000000000
10208  -35.012  -75.296  -27.160 0.0000000000
10209  -35.589  -75.034  -26.602 0.0000000000
18053  -43.338  -67.426  -22.920 0.0000000000
16136  -41.114  -68.546  -21.712 0.0000000000
17059  -40.013  -68.142  -21.253 0.0000000000
16119  -38.789  -68.200  -20.191 0.0000000000
133556  -37.061  -68.548  -19.681 0.0000000000
15147  -36.441  -69.264  -19.726 0.0000000000
15160  -35.525  -69.528  -20.068 0.0000000000
15146  -35.158  -68.863  -19.736 0.0000000000
15159  -34.655  -69.182  -20.085 0.0000000000
15175  -34.188  -69.870  -21.495 0.0000000000
14346  -33.107  -70.397  -23.515 0.0000000000
14345  -32.328  -70.348  -23.853 0.0000000000
16144  -30.901  -68.229  -22.455 0.0000000000
132240  -31.390  -68.719  -22.265 0.0000000000
16146  -31.782  -69.233  -22.478 0.0000000000
15180  -31.632  -69.505  -23.161 0.0000000000
14356  -32.000  -70.633  -24.513 0.0000000000
14367  -31.294  -70.782  -25.230 0.0000000000
13555  -30.491  -71.076  -26.596 0.0000000000
13564  -30.160  -71.430  -27.454 0.0000000000
128921  -30.062  -70.604  -27.708 0.0000000000
13579  -29.711  -71.540  -29.055 0.0000000000
13578  -29.700  -71.790  -29.798 0.0000000000
10151  -38.431  -75.731  -22.546 0.0000000000
10152  -40.093  -74.687  -22.423 0.0000000000
10177  -39.243  -74.662  -23.908 0.0000000000
10189  -37.317  -75.689  -24.513 0.0000000000
10930  -41.189  -74.599  -20.010 0.0000000000
10931  -41.773  -74.171  -19.798 0.0000000000
10971  -40.086  -74.105  -23.027 0.0000000000
11762  -42.133  -73.207  -17.024 0.0000000000
11788  -42.629  -73.171  -18.722 0.0000000000
11849  -40.148  -73.657  -22.740 0.0000000000
11860  -39.265  -73.709  -23.810 0.0000000000
11916  -35.214  -74.408  -26.670 0.0000000000
11929  -30.985  -74.065  -29.142 0.0000000000
12665  -43.450  -72.044  -17.571 0.0000000000
12737  -37.321  -72.745  -24.095 0.0000000000
12746  -38.508  -73.475  -24.262 0.0000000000
12753  -34.859  -72.522  -25.574 0.0000000000
12754  -35.725  -72.795  -25.513 0.0000000000
12756  -37.367  -73.413  -25.203 0.0000000000
12765  -30.743  -71.765  -26.803 0.0000000000
12781  -29.926  -72.440  -28.704 0.0000000000
12783  -29.613  -72.390  -30.067 0.0000000000
13473  -44.278  -71.074  -17.987 0.0000000000
13544  -34.363  -71.384  -24.275 0.0000000000
13550  -33.401  -71.615  -25.190 0.0000000000
13557  -31.922  -71.825  -25.993 0.0000000000
13581  -29.805  -71.825  -30.533 0.0000000000
14288  -40.966  -71.314  -16.688 0.0000000000
14309  -44.027  -70.638  -19.322 0.0000000000
14315  -34.844  -69.812  -20.770 0.0000000000
14317  -36.661  -70.616  -20.544 0.0000000000
15128  -42.286  -69.466  -16.534 0.0000000000
15130  -43.785  -69.288  -16.917 0.0000000000
15133  -44.483  -69.628  -18.086 0.0000000000
15139  -44.501  -69.677  -18.896 0.0000000000
15163  -43.105  -69.508  -20.344 0.0000000000
15187  -32.965  -69.894  -22.825 0.0000000000
15206  -30.414  -69.726  -26.735 0.0000000000
16012  -37.556  -68.481  -12.475 0.0000000000
16075  -43.853  -68.639  -17.311 0.0000000000
16089  -44.267  -68.267  -18.110 0.0000000000
16123  -43.606  -69.242  -21.183 0.0000000000
16145  -31.083  -68.886  -22.975 0.0000000000
16980  -33.746  -66.931  -15.473 0.0000000000
17060  -44.452  -67.867  -20.745 0.0000000000
17061  -44.574  -68.420  -20.227 0.0000000000
17942  -33.882  -67.009  -13.666 0.0000000000
17966  -33.349  -66.250  -15.516 0.0000000000
18947  -33.220  -64.928  -15.744 0.0000000000
18962  -34.637  -65.365  -16.299 0.0000000000
19916  -32.260  -64.239  -14.408 0.0000000000
19926  -33.062  -64.221  -15.785 0.0000000000
19941  -36.230  -64.304  -16.419 0.0000000000
19967  -41.131  -64.901  -18.290 0.0000000000
20962  -39.531  -63.473  -17.269 0.0000000000
21956  -32.386  -62.459  -15.195 0.0000000000
21976  -35.254  -62.226  -16.426 0.0000000000
21977  -36.139  -62.264  -16.466 0.0000000000
21980  -39.223  -62.988  -17.358 0.0000000000
23016  -37.595  -61.808  -16.911 0.0000000000
124907  -33.863  -70.692  -23.483 0.0000000000
125852  -32.401  -60.847  -14.764 0.0000000000
125974  -30.374  -66.108  -23.097 0.0000000000
128488  -29.765  -73.101  -31.755 0.0000000000
129279  -31.116  -68.492  -27.135 0.0000000000
129393  -34.291  -63.243  -16.236 0.0000000000
129665  -42.985  -69.094  -21.570 0.0000000000
130382  -35.973  -71.774  -23.506 0.0000000000
131072  -29.866  -71.002  -28.298 0.0000000000
131271  -36.695  -66.748  -16.592 0.0000000000
131967  -40.486  -65.714  -16.889 0.0000000000
135464  -30.322  -73.650  -29.485 0.0000000000
138611  -34.968  -64.703  -16.364 0.0000000000
139059  -35.012  -67.211  -11.838 0.0000000000
141307  -36.809  -63.943  -16.448 0.0000000000
141726  -35.278  -71.336  -23.256 0.0000000000
142477  -32.260  -69.615  -22.772 0.0000000000
142824  -40.483  -72.516  -20.941 0.0000000000
143060  -38.614  -71.274  -20.338 0.0000000000
144576  -43.687  -71.102  -19.363 0.0000000000
145038  -32.521  -63.191  -15.281 0.0000000000
