#!ascii label  , from subject sub-v1s0x0050642_ses-1 vox2ras=TkReg
1076
62346  -22.216  -22.035  -26.248 0.4285714328
63325  -22.983  -20.907  -27.243 0.2857142985
129647  -22.574  -21.478  -26.739 0.4285714328
63310  -23.381  -21.291  -26.587 0.4285714328
64283  -24.537  -20.605  -26.896 0.4285714328
64301  -23.505  -20.423  -27.743 0.2857142985
134348  -24.165  -20.349  -27.454 0.4285714328
64302  -24.806  -20.114  -27.430 0.4285714328
65262  -24.549  -19.395  -28.510 0.4285714328
66213  -24.979  -18.338  -28.984 0.4285714328
67082  -25.553  -17.688  -29.087 0.4285714328
68028  -24.303  -16.924  -29.357 0.5714285970
130221  -24.608  -17.587  -29.155 0.5714285970
136261  -26.717  -16.927  -29.314 0.2857142985
68950  -25.254  -15.811  -29.002 0.7142857313
68030  -25.991  -16.431  -29.005 0.7142857313
69847  -26.738  -15.233  -28.811 0.7142857313
69848  -27.807  -15.049  -29.232 0.4285714328
68951  -26.094  -15.739  -28.848 0.7142857313
128326  -26.803  -16.157  -29.169 0.5714285970
70782  -28.129  -14.250  -29.088 0.5714285970
69829  -26.089  -14.394  -28.529 0.5714285970
69830  -27.112  -14.315  -28.714 0.5714285970
70770  -27.457  -13.367  -28.664 0.5714285970
70771  -28.419  -13.513  -28.985 0.5714285970
70769  -26.383  -13.578  -28.532 0.5714285970
70783  -28.966  -14.054  -29.529 0.4285714328
72674  -28.733  -12.075  -28.798 0.5714285970
72690  -29.910  -12.265  -29.850 0.5714285970
72672  -26.799  -11.912  -28.780 0.7142857313
72675  -29.448  -12.207  -29.336 0.7142857313
72676  -29.893  -11.506  -29.328 0.7142857313
72691  -30.325  -11.805  -29.992 0.5714285970
71737  -27.327  -12.488  -28.607 0.5714285970
127548  -25.310  -12.608  -29.890 0.5714285970
73511  -28.220  -11.049  -28.955 0.8571428657
73514  -30.374  -10.795  -29.461 0.7142857313
72692  -30.634  -11.283  -30.268 0.5714285970
72689  -27.151  -11.168  -29.052 0.7142857313
72688  -26.314  -11.375  -29.382 0.5714285970
74327  -30.709  -9.857  -29.292 0.7142857313
73533  -30.975  -10.465  -29.965 0.5714285970
73512  -29.011  -10.425  -29.001 0.7142857313
74311  -30.215  -10.087  -29.008 0.7142857313
74329  -31.788  -9.198  -29.980 0.5714285970
74347  -32.038  -9.076  -30.644 0.5714285970
73532  -28.185  -10.076  -29.159 0.5714285970
74310  -29.609  -9.732  -28.994 0.7142857313
75213  -31.035  -9.050  -28.999 0.7142857313
75215  -32.161  -8.453  -29.828 0.7142857313
75197  -29.656  -8.769  -29.028 0.7142857313
75198  -30.545  -8.358  -28.869 0.7142857313
75200  -31.911  -8.174  -29.127 0.7142857313
76986  -33.030  -6.951  -30.332 0.7142857313
76067  -32.609  -7.710  -30.204 0.5714285970
75196  -28.739  -8.720  -29.314 0.5714285970
76987  -33.257  -6.458  -31.008 0.5714285970
77847  -33.366  -5.857  -31.627 0.5714285970
76051  -30.269  -7.431  -28.939 0.8571428657
133420  -29.829  -7.946  -29.078 0.8571428657
77834  -33.383  -5.741  -30.668 0.7142857313
77817  -32.970  -5.468  -29.208 0.7142857313
76956  -31.501  -6.811  -28.653 0.8571428657
134276  -32.591  -6.017  -28.905 0.7142857313
79374  -33.403  -3.591  -29.691 0.8571428657
78618  -33.500  -4.558  -31.122 0.5714285970
78604  -33.301  -4.876  -29.605 0.8571428657
78585  -32.050  -4.607  -28.706 0.8571428657
128448  -31.087  -6.044  -28.751 0.8571428657
77798  -32.393  -5.347  -28.752 0.8571428657
124629  -33.068  -2.130  -29.261 0.8571428657
132416  -33.552  -1.943  -30.245 0.8571428657
81731  -33.424  -0.529  -30.209 0.8571428657
136123  -33.263  -4.222  -29.447 0.8571428657
80902  -31.399  -1.500  -28.888 1.0000000000
80904  -33.297  -1.244  -29.757 1.0000000000
80105  -32.405  -3.212  -28.757 0.8571428657
81720  -33.035  -0.488  -29.531 1.0000000000
80117  -32.106  -2.269  -28.753 1.0000000000
131982  -31.858  0.367  -29.231 1.0000000000
83434  -30.062  1.582  -29.544 0.7142857313
81719  -32.194  -0.354  -29.203 1.0000000000
81718  -31.263  -0.198  -29.038 1.0000000000
82595  -31.446  1.060  -29.257 1.0000000000
124243  -30.334  4.684  -29.949 1.0000000000
86138  -29.466  4.457  -30.380 0.8571428657
87837  -29.591  6.511  -30.813 0.8571428657
87827  -29.948  5.987  -30.419 1.0000000000
90176  -29.671  9.610  -33.005 0.8571428657
89348  -29.649  8.451  -32.142 0.8571428657
88592  -29.873  7.762  -31.470 1.0000000000
90972  -29.488  10.631  -34.450 0.8571428657
90964  -30.135  10.793  -33.592 0.8571428657
126437  -29.066  10.954  -35.340 0.7142857313
90196  -28.459  9.176  -35.243 0.5714285970
131403  -28.719  11.053  -36.235 0.7142857313
91774  -28.990  11.852  -36.568 0.5714285970
90991  -26.715  9.973  -36.954 0.5714285970
90210  -27.835  9.114  -35.881 0.5714285970
90990  -25.681  9.860  -36.801 0.4285714328
91781  -25.347  10.262  -37.710 0.4285714328
92582  -25.109  10.892  -38.385 0.4285714328
92557  -24.734  12.096  -35.153 0.2857142985
91758  -25.205  12.188  -34.475 0.2857142985
91759  -25.942  12.584  -34.336 0.2857142985
71738  -28.155  -12.734  -28.754 0.5714285970
131928  -33.446  -5.168  -31.678 0.5714285970
76957  -32.343  -6.818  -28.920 0.7142857313
76972  -32.981  -6.330  -29.484 0.7142857313
135458  -33.485  -4.299  -30.121 0.8571428657
79392  -33.585  -3.541  -30.765 0.8571428657
80134  -33.626  -2.560  -30.963 0.8571428657
133138  -33.575  -1.197  -30.664 0.8571428657
128928  -31.252  2.543  -29.440 0.8571428657
92545  -27.621  12.909  -32.208 0.1428571492
64317  -23.306  -20.030  -28.419 0.2857142985
64318  -24.184  -19.935  -28.096 0.2857142985
65246  -25.031  -19.554  -27.958 0.4285714328
66191  -25.294  -18.956  -28.559 0.4285714328
65261  -23.854  -19.526  -28.762 0.2857142985
66214  -25.931  -18.328  -28.944 0.4285714328
66212  -24.042  -18.285  -29.238 0.5714285970
68029  -25.133  -16.818  -28.988 0.5714285970
68949  -24.451  -15.392  -29.613 0.2857142985
122516  -25.732  -15.096  -28.752 0.7142857313
137434  -25.687  -13.799  -28.812 0.5714285970
70799  -30.074  -13.342  -30.676 0.4285714328
71750  -25.783  -13.051  -29.035 0.7142857313
71736  -26.577  -12.714  -28.625 0.7142857313
70772  -29.081  -13.085  -29.296 0.7142857313
71752  -29.686  -12.989  -30.145 0.4285714328
129365  -29.242  -11.344  -28.945 0.7142857313
73513  -29.788  -10.664  -28.964 0.7142857313
140934  -25.532  -11.630  -30.098 0.5714285970
75239  -32.249  -8.807  -31.534 0.5714285970
73531  -27.395  -10.380  -29.293 0.5714285970
74346  -31.480  -10.024  -30.754 0.5714285970
124810  -30.332  -9.330  -28.946 0.7142857313
75229  -32.374  -8.397  -30.652 0.5714285970
74309  -28.813  -9.576  -29.096 0.8571428657
76053  -31.811  -7.579  -28.762 0.7142857313
78584  -31.186  -4.537  -28.911 1.0000000000
131578  -33.514  0.063  -30.534 1.0000000000
80901  -30.507  -1.612  -29.247 1.0000000000
82594  -30.556  0.938  -29.265 0.8571428657
85233  -29.897  2.934  -29.891 0.7142857313
85234  -30.637  3.168  -29.614 1.0000000000
84285  -32.149  2.730  -29.550 1.0000000000
85246  -29.997  3.740  -29.953 0.7142857313
85235  -31.528  3.347  -29.572 1.0000000000
143590  -29.612  3.269  -30.167 0.7142857313
87005  -29.787  5.299  -30.282 0.8571428657
87838  -30.098  7.180  -30.906 1.0000000000
133104  -30.495  6.593  -30.512 1.0000000000
90197  -29.055  9.683  -34.503 0.7142857313
140414  -25.533  10.008  -37.238 0.7142857313
90982  -28.238  9.792  -35.920 0.5714285970
90992  -27.955  10.260  -36.700 0.7142857313
91773  -28.118  10.959  -37.304 0.7142857313
90980  -25.775  9.666  -36.263 0.4285714328
92565  -24.448  12.729  -35.471 0.2857142985
92574  -24.204  11.519  -36.880 0.4285714328
144542  -25.678  12.992  -34.722 0.2857142985
69846  -24.565  -14.530  -29.877 0.4285714328
70781  -25.098  -13.612  -29.712 0.4285714328
91772  -24.749  10.698  -36.830 0.4285714328
92564  -24.452  11.497  -36.009 0.2857142985
92558  -25.144  12.747  -34.788 0.2857142985
63324  -22.151  -21.178  -27.451 0.2857142985
63309  -21.754  -21.672  -26.849 0.2857142985
63311  -24.167  -21.105  -26.412 0.4285714328
64282  -23.774  -20.722  -27.016 0.4285714328
64300  -22.601  -20.560  -28.055 0.2857142985
65277  -23.523  -18.965  -29.189 0.2857142985
65278  -24.401  -18.980  -28.952 0.4285714328
121009  -24.432  -16.215  -29.441 0.2857142985
142576  -25.996  -17.134  -29.147 0.4285714328
69828  -25.328  -14.403  -29.030 0.5714285970
71751  -25.992  -12.160  -29.155 0.7142857313
72673  -27.718  -11.876  -28.729 0.7142857313
75214  -31.613  -8.785  -29.335 0.7142857313
74325  -27.561  -9.720  -29.506 0.7142857313
143634  -29.210  -9.205  -29.053 0.8571428657
76054  -32.334  -7.671  -29.305 0.7142857313
78605  -33.458  -5.051  -30.369 0.8571428657
79373  -32.987  -3.762  -29.061 0.8571428657
133737  -33.085  -2.999  -29.185 0.8571428657
77797  -31.540  -5.299  -28.756 0.8571428657
133144  -31.053  0.439  -29.104 1.0000000000
84283  -29.660  2.205  -29.929 0.8571428657
131766  -29.584  10.072  -33.692 0.8571428657
90971  -28.838  10.082  -35.247 0.7142857313
143874  -28.568  10.468  -35.887 0.7142857313
90981  -27.489  9.681  -36.390 0.5714285970
90979  -25.225  10.326  -36.049 0.4285714328
90989  -24.983  10.616  -36.474 0.4285714328
91751  -25.761  11.945  -33.869 0.2857142985
91766  -24.730  11.202  -35.623 0.2857142985
92549  -26.591  12.224  -33.640 0.2857142985
93310  -27.272  13.006  -33.223 0.1428571492
130672  -25.026  -15.034  -29.158 0.2857142985
131846  -26.839  10.320  -37.453 0.5714285970
94802  -25.712  15.346  -38.397 0.2857142985
127244  -25.879  16.510  -37.177 0.1428571492
141202  -25.277  13.599  -39.002 0.2857142985
94103  -25.591  14.630  -39.240 0.2857142985
121550  -25.554  15.757  -37.106 0.1428571492
95522  -26.016  16.380  -36.878 0.1428571492
94082  -24.915  14.160  -35.724 0.1428571492
128061  -24.562  13.653  -37.644 0.2857142985
137397  -24.616  14.350  -36.401 0.1428571492
93345  -26.837  12.891  -40.092 0.2857142985
93338  -31.199  13.854  -38.224 0.2857142985
93347  -29.622  13.179  -39.084 0.2857142985
95515  -26.637  16.267  -36.358 0.1428571492
93335  -25.285  12.205  -38.941 0.2857142985
92576  -29.282  12.739  -36.966 0.2857142985
92593  -26.692  11.966  -39.718 0.2857142985
92561  -32.608  12.788  -34.413 0.1428571492
93329  -29.972  13.526  -37.074 0.2857142985
127974  -28.743  12.494  -38.934 0.2857142985
94788  -25.914  15.511  -36.698 0.1428571492
92594  -27.842  11.796  -39.004 0.2857142985
142085  -34.533  9.930  -34.457 0.1428571492
91762  -33.695  11.901  -34.126 0.1428571492
93330  -31.062  13.311  -36.397 0.4285714328
92575  -28.654  11.835  -37.383 0.2857142985
89359  -32.674  9.088  -31.839 0.2857142985
92552  -31.283  12.308  -33.901 0.4285714328
92566  -29.652  12.510  -35.967 0.2857142985
91782  -26.739  10.643  -38.111 0.2857142985
130895  -34.360  6.861  -32.544 0.1428571492
91746  -32.722  11.207  -32.805 0.2857142985
92559  -30.134  12.142  -35.115 0.4285714328
90958  -31.713  10.529  -32.390 0.5714285970
91752  -30.113  11.290  -34.092 0.7142857313
87025  -34.355  5.612  -32.548 0.1428571492
87847  -34.048  6.776  -31.804 0.1428571492
91753  -30.788  11.526  -33.468 0.7142857313
125085  -29.353  11.708  -35.640 0.4285714328
90171  -31.870  9.097  -31.772 0.4285714328
85270  -33.645  3.712  -33.114 0.2857142985
86149  -33.880  4.948  -31.388 0.7142857313
90177  -30.423  9.692  -32.504 0.7142857313
87828  -31.360  6.375  -30.377 0.8571428657
87839  -32.674  7.007  -30.976 0.8571428657
143082  -31.310  9.041  -31.842 0.5714285970
84342  -32.933  2.781  -34.263 0.2857142985
85273  -33.359  3.573  -34.025 0.2857142985
89351  -32.244  8.421  -31.456 0.7142857313
89357  -28.743  8.151  -32.774 0.5714285970
88593  -30.753  7.732  -30.980 0.8571428657
84341  -32.302  2.126  -34.587 0.1428571492
131721  -33.686  4.203  -31.193 0.7142857313
83503  -31.803  1.395  -34.776 0.1428571492
80131  -28.223  -2.676  -30.963 0.5714285970
134671  -29.925  -0.913  -29.553 0.8571428657
81717  -30.354  0.021  -29.218 0.8571428657
140258  -29.285  -0.719  -30.089 0.4285714328
81716  -29.515  -0.058  -29.740 0.5714285970
86129  -30.921  3.995  -29.705 0.8571428657
84286  -33.155  2.185  -29.999 0.8571428657
86139  -31.290  4.815  -29.905 0.8571428657
83495  -32.316  1.375  -34.118 0.2857142985
85248  -33.488  3.574  -30.849 0.8571428657
86140  -33.229  4.484  -30.636 0.8571428657
88584  -31.150  7.109  -30.625 0.8571428657
82667  -31.338  0.147  -34.986 0.4285714328
84331  -33.298  2.083  -32.921 0.7142857313
85257  -33.762  3.635  -31.554 0.7142857313
79406  -27.441  -3.697  -31.427 0.2857142985
80900  -29.837  -1.746  -29.712 0.5714285970
80915  -28.659  -1.925  -30.722 0.5714285970
131782  -31.613  -0.822  -29.024 0.8571428657
83437  -32.919  1.617  -29.648 0.8571428657
143179  -32.700  2.253  -29.653 0.8571428657
84299  -32.846  2.842  -29.897 0.8571428657
85236  -32.358  3.449  -29.810 0.8571428657
82660  -32.875  0.511  -33.043 0.4285714328
83465  -33.546  1.226  -31.705 0.8571428657
84310  -33.632  2.717  -31.246 0.8571428657
81785  -31.907  -0.101  -34.338 0.4285714328
76079  -26.824  -7.668  -30.892 0.7142857313
76095  -27.190  -6.892  -30.894 0.4285714328
76080  -27.663  -7.574  -30.311 0.7142857313
134570  -28.938  -6.038  -29.948 0.8571428657
77833  -28.061  -5.636  -30.661 0.5714285970
78629  -27.630  -4.471  -31.153 0.5714285970
78628  -27.029  -4.567  -31.611 0.4285714328
78602  -29.816  -4.750  -29.609 0.8571428657
79370  -28.670  -3.992  -30.417 0.5714285970
133524  -28.433  -3.295  -30.691 0.5714285970
79356  -31.713  -3.864  -28.760 0.8571428657
130223  -30.529  -3.094  -29.256 0.7142857313
79391  -29.046  -3.236  -30.248 0.5714285970
125051  -33.530  -1.211  -31.684 0.7142857313
82627  -33.594  0.431  -31.240 0.7142857313
82610  -33.461  0.717  -30.368 0.8571428657
80181  -31.602  -2.784  -35.448 0.2857142985
145827  -32.328  -1.013  -33.803 0.4285714328
81779  -32.450  -0.327  -33.599 0.5714285970
74324  -26.821  -9.790  -29.857 0.4285714328
74344  -26.692  -9.053  -30.410 0.4285714328
128520  -26.170  -7.834  -31.373 0.4285714328
76954  -30.046  -6.746  -29.145 0.7142857313
76969  -28.897  -6.693  -29.793 0.7142857313
76971  -30.310  -6.102  -29.169 0.7142857313
78603  -30.503  -4.434  -29.248 0.8571428657
80161  -33.197  -2.937  -32.703 0.7142857313
80174  -32.304  -2.736  -34.345 0.2857142985
134571  -33.150  -2.314  -32.885 0.5714285970
80933  -33.464  -2.212  -31.972 0.5714285970
73530  -26.600  -10.625  -29.592 0.4285714328
74343  -25.653  -9.849  -30.996 0.5714285970
74345  -27.358  -9.101  -29.866 0.5714285970
75228  -27.149  -8.365  -30.356 0.5714285970
76066  -29.500  -7.194  -29.351 0.7142857313
78630  -33.407  -4.746  -32.184 0.4285714328
79427  -32.906  -3.708  -33.510 0.4285714328
79426  -32.518  -3.425  -34.280 0.4285714328
80175  -32.805  -2.840  -33.520 0.4285714328
73554  -30.993  -10.838  -31.911 0.4285714328
131216  -31.850  -9.524  -31.366 0.4285714328
130754  -33.201  -6.194  -32.578 0.4285714328
76083  -32.944  -7.232  -31.320 0.4285714328
127369  -33.135  -6.051  -33.599 0.4285714328
77860  -33.349  -5.503  -32.467 0.4285714328
66192  -26.725  -18.221  -28.863 0.1428571492
75240  -32.536  -8.176  -32.233 0.4285714328
76096  -32.760  -7.441  -32.299 0.4285714328
77010  -32.822  -6.995  -33.267 0.4285714328
67083  -27.204  -17.236  -29.392 0.1428571492
68032  -28.144  -16.408  -29.604 0.1428571492
69850  -29.550  -14.511  -29.889 0.2857142985
72711  -32.029  -11.808  -32.824 0.2857142985
73572  -33.264  -10.588  -34.301 0.2857142985
72718  -31.677  -11.110  -33.240 0.2857142985
72700  -30.529  -12.027  -31.093 0.4285714328
73565  -32.659  -9.905  -33.838 0.2857142985
73564  -31.809  -10.260  -33.322 0.2857142985
75258  -32.978  -9.181  -34.213 0.2857142985
130276  -32.491  -9.117  -33.505 0.4285714328
67061  -27.279  -17.673  -29.116 0.1428571492
67084  -27.791  -17.089  -29.396 0.1428571492
67060  -26.537  -17.670  -29.254 0.1428571492
68033  -28.785  -16.074  -29.438 0.2857142985
68954  -29.132  -15.324  -29.600 0.2857142985
124461  -32.085  -13.041  -30.258 0.2857142985
71775  -31.598  -12.059  -31.948 0.2857142985
71764  -30.844  -12.298  -31.445 0.2857142985
71763  -30.457  -12.776  -30.953 0.2857142985
68008  -28.463  -16.797  -29.187 0.1428571492
69832  -31.261  -14.595  -28.902 0.2857142985
68010  -29.527  -15.763  -29.189 0.2857142985
69851  -30.114  -14.405  -30.065 0.2857142985
125217  -29.846  -15.069  -29.619 0.2857142985
68953  -28.465  -15.715  -29.598 0.2857142985
70785  -30.298  -13.777  -30.496 0.2857142985
125385  -26.242  -18.734  -28.411 0.1428571492
65263  -25.862  -19.297  -27.891 0.2857142985
66193  -27.340  -18.130  -28.516 0.1428571492
143910  -22.654  -22.385  -25.766 0.2857142985
61353  -22.644  -23.016  -25.224 0.2857142985
62327  -21.943  -22.641  -25.784 0.2857142985
64304  -26.288  -19.644  -27.297 0.2857142985
62328  -23.473  -22.389  -25.539 0.1428571492
133165  -21.762  -23.250  -25.401 0.2857142985
68935  -30.297  -15.541  -28.859 0.2857142985
70786  -31.104  -13.516  -30.303 0.2857142985
70801  -30.937  -12.927  -31.006 0.2857142985
73546  -30.814  -11.101  -31.120 0.4285714328
140180  -31.438  -10.115  -31.808 0.4285714328
74365  -32.080  -9.496  -33.187 0.2857142985
75262  -33.071  -8.520  -34.773 0.2857142985
128529  -27.841  -6.796  -30.491 0.7142857313
76106  -32.632  -7.938  -33.222 0.4285714328
79371  -29.380  -3.952  -29.928 0.5714285970
77000  -33.066  -6.683  -32.003 0.4285714328
134685  -33.448  -3.952  -31.863 0.4285714328
80959  -32.197  -1.740  -34.184 0.5714285970
88591  -29.279  7.105  -31.367 0.7142857313
82645  -33.388  0.475  -32.222 0.7142857313
87007  -31.752  5.564  -30.226 0.8571428657
145805  -28.715  8.987  -34.449 0.4285714328
90187  -29.096  9.312  -33.705 0.5714285970
124495  -29.863  9.157  -32.485 0.7142857313
133058  -32.005  -0.933  -34.281 0.2857142985
87008  -32.687  5.423  -30.566 0.8571428657
89349  -30.453  8.296  -31.593 0.8571428657
92584  -27.878  11.333  -38.158 0.2857142985
135665  -33.664  8.159  -31.970 0.4285714328
90179  -32.218  9.828  -32.081 0.4285714328
94779  -26.990  15.304  -36.191 0.1428571492
93324  -31.688  13.227  -35.514 0.2857142985
92554  -32.931  12.229  -33.781 0.1428571492
93346  -27.879  12.450  -39.812 0.2857142985
136538  -24.225  -22.068  -25.604 0.1428571492
63312  -24.986  -21.048  -26.354 0.1428571492
67063  -28.827  -17.124  -28.338 0.1428571492
121175  -29.955  -16.188  -28.423 0.1428571492
69849  -28.679  -14.974  -29.591 0.2857142985
70800  -30.422  -13.266  -30.824 0.2857142985
71776  -32.981  -12.252  -31.943 0.2857142985
70784  -29.624  -13.736  -30.129 0.2857142985
73545  -26.078  -10.228  -30.218 0.5714285970
71753  -30.089  -12.657  -30.654 0.2857142985
75238  -25.746  -8.443  -31.582 0.2857142985
75263  -34.092  -8.445  -35.074 0.2857142985
76081  -28.315  -7.078  -30.029 0.7142857313
76065  -28.847  -7.352  -29.646 0.5714285970
77846  -26.625  -5.414  -31.813 0.4285714328
76984  -27.641  -6.190  -30.825 0.5714285970
76110  -32.724  -7.848  -34.365 0.4285714328
127747  -27.028  -3.027  -31.826 0.2857142985
144264  -32.694  -7.677  -31.753 0.4285714328
78601  -28.995  -4.746  -30.119 0.7142857313
134648  -27.905  -2.080  -31.272 0.2857142985
77871  -33.135  -6.210  -34.832 0.1428571492
78655  -32.963  -4.823  -34.126 0.4285714328
78662  -32.798  -5.191  -35.546 0.1428571492
82597  -33.151  0.876  -29.746 0.8571428657
79431  -32.591  -4.268  -34.816 0.1428571492
80949  -33.210  -1.619  -32.647 0.5714285970
80965  -31.668  -1.648  -34.872 0.2857142985
126196  -33.574  2.018  -32.017 0.7142857313
87829  -32.225  6.245  -30.591 0.8571428657
82676  -30.697  0.559  -35.699 0.2857142985
83502  -31.204  1.388  -35.394 0.1428571492
84330  -32.808  2.088  -33.764 0.4285714328
133989  -31.375  0.854  -35.027 0.4285714328
84355  -32.015  2.550  -35.288 0.1428571492
87840  -33.482  6.664  -31.321 0.5714285970
85272  -32.986  3.447  -34.823 0.1428571492
128429  -33.965  4.407  -32.893 0.1428571492
130377  -34.409  6.263  -32.780 0.1428571492
94083  -25.729  14.705  -36.082 0.1428571492
89352  -33.055  8.348  -31.601 0.5714285970
87024  -34.213  5.096  -33.124 0.1428571492
88603  -34.092  7.567  -32.205 0.1428571492
92567  -30.744  12.776  -35.499 0.2857142985
92553  -32.092  12.469  -33.729 0.2857142985
90180  -33.134  9.813  -32.310 0.2857142985
90181  -33.859  9.350  -32.701 0.1428571492
90189  -34.095  9.788  -33.325 0.1428571492
90973  -34.035  11.077  -33.954 0.1428571492
123491  -30.792  13.728  -37.332 0.2857142985
127746  -31.749  13.487  -37.094 0.2857142985
135787  -32.657  13.275  -36.819 0.1428571492
92569  -33.594  12.713  -35.558 0.1428571492
63290  -25.406  -21.601  -25.870 0.1428571492
66194  -27.818  -18.072  -27.965 0.1428571492
137777  -32.491  -11.586  -33.606 0.2857142985
130575  -31.129  -2.817  -36.467 0.2857142985
91768  -34.337  11.717  -35.415 0.1428571492
93339  -32.281  13.445  -37.826 0.2857142985
62345  -21.393  -22.260  -26.366 0.2857142985
141156  -23.021  -21.897  -26.157 0.2857142985
63288  -23.800  -21.690  -25.993 0.1428571492
64284  -25.334  -20.471  -26.825 0.1428571492
64303  -25.590  -19.868  -27.335 0.1428571492
68952  -27.714  -15.853  -29.466 0.2857142985
142668  -28.225  -15.449  -29.535 0.2857142985
68031  -27.453  -16.656  -29.486 0.1428571492
75211  -27.879  -8.458  -29.789 0.5714285970
76064  -28.423  -7.849  -29.727 0.7142857313
81748  -33.618  -0.457  -31.031 0.7142857313
80104  -31.422  -3.082  -28.827 0.8571428657
80116  -30.996  -2.307  -28.945 0.8571428657
135134  -33.269  0.153  -29.946 0.8571428657
83435  -30.915  1.733  -29.349 0.8571428657
89368  -29.201  8.904  -32.939 0.5714285970
90956  -30.206  10.272  -33.009 0.7142857313
91760  -29.754  11.464  -34.793 0.5714285970
92583  -26.616  11.130  -38.974 0.2857142985
80149  -33.461  -3.114  -31.798 0.4285714328
66176  -26.878  -18.567  -28.316 0.1428571492
75251  -32.276  -8.938  -32.609 0.4285714328
80115  -30.143  -2.378  -29.507 0.5714285970
86130  -31.822  4.085  -29.828 0.8571428657
88585  -31.845  6.911  -30.638 0.8571428657
120913  -24.363  12.261  -37.696 0.2857142985
93328  -24.236  13.304  -36.322 0.2857142985
77816  -29.909  -5.563  -29.481 0.8571428657
130125  -25.199  14.535  -38.081 0.2857142985
95528  -25.851  16.149  -37.644 0.1428571492
94794  -25.486  15.247  -37.491 0.2857142985
93344  -26.080  13.730  -39.836 0.2857142985
94787  -24.978  14.930  -36.958 0.1428571492
125570  -25.990  12.831  -39.574 0.2857142985
93337  -30.187  13.749  -38.039 0.2857142985
93336  -29.404  13.090  -37.952 0.2857142985
142608  -29.994  13.121  -36.318 0.2857142985
93320  -31.697  12.879  -34.627 0.2857142985
93325  -32.435  13.235  -35.212 0.1428571492
92562  -33.285  12.465  -34.429 0.1428571492
92585  -28.721  12.191  -38.037 0.2857142985
91763  -34.234  11.461  -34.711 0.1428571492
134559  -33.326  11.417  -33.331 0.1428571492
91767  -33.850  12.277  -34.974 0.1428571492
93331  -32.181  13.403  -36.088 0.1428571492
89360  -33.470  8.900  -32.087 0.1428571492
90965  -30.652  10.888  -32.987 0.5714285970
91754  -31.656  11.882  -33.158 0.4285714328
91761  -30.513  11.888  -34.314 0.5714285970
88604  -34.419  7.635  -33.026 0.1428571492
87848  -34.320  6.148  -32.116 0.1428571492
91755  -32.469  11.863  -33.122 0.2857142985
90966  -33.810  10.550  -33.327 0.2857142985
90959  -32.522  10.576  -32.461 0.4285714328
90178  -31.318  9.651  -32.160 0.7142857313
87017  -33.917  5.927  -31.439 0.4285714328
88595  -33.431  7.493  -31.534 0.5714285970
85264  -33.862  3.983  -32.280 0.5714285970
87009  -33.432  5.367  -30.981 0.7142857313
134454  -33.060  6.094  -31.007 0.7142857313
88594  -31.815  7.678  -30.976 0.7142857313
131405  -33.306  2.857  -33.411 0.5714285970
141068  -32.561  4.061  -30.135 0.8571428657
80132  -28.747  -2.695  -30.565 0.5714285970
135131  -29.315  -1.444  -30.160 0.5714285970
81730  -28.885  -0.160  -30.333 0.4285714328
83438  -33.329  1.465  -30.130 0.8571428657
131150  -33.572  1.870  -31.268 0.8571428657
83481  -33.287  1.271  -32.548 0.4285714328
82659  -32.354  0.583  -33.807 0.5714285970
84321  -33.638  2.994  -32.355 0.8571428657
75227  -26.433  -8.395  -30.922 0.5714285970
76985  -28.337  -6.280  -30.307 0.7142857313
77815  -29.300  -5.473  -29.829 0.7142857313
77832  -27.446  -5.336  -31.163 0.4285714328
78617  -28.193  -4.806  -30.651 0.5714285970
77859  -25.938  -5.471  -32.445 0.2857142985
79372  -30.133  -3.860  -29.494 0.8571428657
132395  -33.255  -0.901  -32.470 0.5714285970
81780  -33.058  -0.274  -32.764 0.7142857313
136524  -26.249  -9.588  -30.475 0.5714285970
133856  -33.221  -4.296  -32.882 0.4285714328
80188  -31.994  -3.771  -35.380 0.2857142985
73555  -31.276  -10.577  -32.639 0.2857142985
74356  -31.799  -9.616  -32.327 0.4285714328
77019  -32.919  -6.966  -34.611 0.4285714328
141019  -33.137  -5.554  -34.169 0.4285714328
138564  -32.508  -8.550  -33.088 0.4285714328
121756  -29.925  -13.952  -30.380 0.2857142985
72710  -31.181  -11.364  -32.527 0.2857142985
72709  -30.885  -11.614  -31.807 0.2857142985
133242  -32.694  -8.567  -33.926 0.4285714328
67062  -27.998  -17.527  -28.664 0.1428571492
70802  -31.940  -12.545  -31.032 0.2857142985
68009  -29.195  -16.453  -28.823 0.1428571492
69831  -30.555  -14.871  -29.342 0.2857142985
69852  -30.874  -14.181  -29.768 0.2857142985
61354  -23.659  -23.078  -24.918 0.1428571492
61355  -24.332  -22.588  -25.200 0.1428571492
94079  -27.010  14.549  -35.562 0.1428571492
63313  -25.809  -20.998  -26.289 0.1428571492
93323  -26.043  13.941  -35.388 0.1428571492
87846  -28.076  6.704  -32.303 0.5714285970
87014  -28.025  5.325  -31.632 0.4285714328
87836  -28.607  6.250  -31.415 0.5714285970
86148  -28.388  4.611  -31.267 0.4285714328
88602  -29.017  7.713  -31.972 0.4285714328
84297  -28.631  2.368  -30.819 0.4285714328
85245  -29.309  3.592  -30.449 0.4285714328
85256  -28.231  3.807  -31.453 0.4285714328
127008  -28.834  4.055  -30.892 0.5714285970
87004  -29.196  5.119  -30.595 0.5714285970
87016  -29.267  5.765  -30.688 0.5714285970
82609  -29.090  0.652  -30.115 0.5714285970
72735  -34.389  -10.900  -34.678 0.1428571492
74370  -33.463  -9.794  -34.375 0.1428571492
74376  -34.218  -9.675  -34.560 0.1428571492
68027  -23.662  -16.555  -29.772 0.2857142985
137902  -32.429  -10.821  -33.825 0.1428571492
129453  -35.201  -11.793  -34.324 0.1428571492
71803  -34.527  -11.633  -34.686 0.1428571492
72726  -35.542  -11.061  -33.717 0.1428571492
72725  -34.914  -10.981  -34.442 0.1428571492
73566  -36.451  -10.279  -32.702 0.1428571492
67081  -23.631  -17.427  -29.522 0.2857142985
70818  -33.420  -12.772  -33.739 0.1428571492
135174  -33.751  -12.989  -34.756 0.1428571492
71791  -33.184  -12.097  -33.956 0.1428571492
71802  -34.163  -12.346  -34.772 0.1428571492
140663  -36.465  -11.607  -32.620 0.1428571492
124989  -34.754  -12.717  -34.883 0.1428571492
73547  -37.477  -10.415  -30.037 0.1428571492
72712  -37.089  -11.125  -31.435 0.1428571492
74348  -37.329  -9.749  -30.513 0.1428571492
145221  -22.970  -17.532  -29.706 0.2857142985
67080  -22.411  -17.600  -29.810 0.2857142985
70788  -33.584  -13.255  -29.610 0.1428571492
70803  -34.407  -13.237  -30.552 0.1428571492
71766  -33.797  -12.693  -31.136 0.1428571492
71754  -32.941  -12.841  -30.241 0.1428571492
71777  -33.822  -12.558  -32.007 0.1428571492
70843  -34.111  -14.479  -35.431 0.1428571492
70819  -33.710  -13.554  -33.273 0.1428571492
70824  -35.275  -13.551  -34.857 0.1428571492
70835  -33.588  -13.954  -35.054 0.1428571492
71787  -36.545  -12.325  -32.641 0.1428571492
71779  -37.270  -11.994  -31.246 0.1428571492
72693  -37.690  -11.157  -29.369 0.1428571492
72701  -37.481  -11.349  -30.495 0.1428571492
66211  -23.049  -18.162  -29.492 0.2857142985
65276  -22.627  -18.944  -29.324 0.2857142985
65275  -21.910  -18.899  -29.348 0.2857142985
124309  -31.765  -14.106  -29.003 0.1428571492
70774  -34.141  -13.738  -29.044 0.1428571492
70789  -34.331  -13.433  -29.781 0.1428571492
70812  -34.376  -13.255  -31.444 0.1428571492
138195  -33.822  -15.251  -35.409 0.1428571492
122589  -34.267  -13.915  -32.295 0.1428571492
69887  -35.714  -14.552  -34.649 0.1428571492
71778  -36.998  -12.633  -31.889 0.1428571492
70820  -36.653  -13.343  -32.763 0.1428571492
73515  -37.610  -9.958  -28.329 0.1428571492
73534  -37.558  -10.194  -29.174 0.1428571492
69833  -32.696  -14.115  -28.562 0.1428571492
68936  -32.046  -14.679  -28.263 0.1428571492
70790  -34.938  -13.845  -30.188 0.1428571492
69834  -33.704  -14.208  -28.393 0.1428571492
68067  -34.874  -17.080  -33.721 0.1428571492
68084  -34.571  -17.000  -35.443 0.1428571492
68976  -34.552  -14.940  -32.406 0.1428571492
69897  -35.202  -15.312  -35.479 0.1428571492
71767  -37.582  -12.247  -30.590 0.1428571492
125978  -37.773  -12.078  -29.872 0.1428571492
68918  -32.281  -15.432  -27.562 0.1428571492
68938  -35.350  -15.422  -28.853 0.1428571492
69835  -34.723  -14.526  -28.590 0.1428571492
142046  -33.168  -14.849  -27.790 0.1428571492
69865  -35.217  -14.449  -30.794 0.1428571492
67122  -35.687  -17.439  -34.596 0.1428571492
68058  -35.512  -17.270  -33.119 0.1428571492
68990  -36.232  -16.284  -34.102 0.1428571492
69881  -37.044  -14.491  -32.426 0.1428571492
68085  -35.155  -17.125  -35.332 0.1428571492
120972  -37.490  -12.831  -31.112 0.1428571492
133328  -36.187  -15.245  -34.077 0.1428571492
124514  -35.210  -16.294  -28.278 0.1428571492
68920  -34.017  -15.470  -27.505 0.1428571492
68919  -33.254  -15.747  -27.211 0.1428571492
68049  -35.956  -16.313  -30.545 0.1428571492
68034  -35.888  -16.369  -29.367 0.1428571492
68068  -35.372  -17.625  -33.945 0.1428571492
122437  -35.659  -16.501  -31.780 0.1428571492
70813  -37.238  -13.525  -31.752 0.1428571492
69880  -36.675  -15.399  -33.295 0.1428571492
68955  -35.701  -15.407  -29.787 0.1428571492
69854  -34.925  -14.036  -29.403 0.1428571492
68977  -35.153  -15.250  -31.604 0.1428571492
122141  -33.684  -15.413  -34.412 0.1428571492
71765  -32.910  -12.526  -31.064 0.1428571492
72661  -37.863  -11.333  -28.372 0.1428571492
74305  -37.797  -9.765  -27.419 0.1428571492
136170  -36.170  -12.727  -33.341 0.1428571492
130608  -36.838  -11.783  -31.992 0.1428571492
72724  -33.158  -11.382  -34.134 0.1428571492
73580  -34.665  -10.299  -34.530 0.1428571492
65260  -23.019  -19.555  -28.948 0.2857142985
124927  -37.745  -13.670  -30.966 0.1428571492
71756  -37.958  -12.677  -29.503 0.1428571492
73503  -37.794  -10.589  -27.839 0.1428571492
74285  -37.928  -8.790  -27.094 0.1428571492
130721  -29.117  2.054  -30.339 0.4285714328
74304  -37.634  -9.131  -28.031 0.1428571492
74312  -37.491  -9.349  -28.931 0.1428571492
73556  -36.829  -10.196  -31.761 0.1428571492
74330  -37.421  -9.591  -29.763 0.1428571492
74377  -35.134  -9.526  -34.392 0.1428571492
74371  -33.659  -9.079  -34.571 0.1428571492
88601  -28.380  7.403  -32.560 0.4285714328
89367  -28.624  8.445  -33.832 0.4285714328
93350  -32.863  13.168  -38.495 0.1428571492
93348  -31.032  13.670  -39.381 0.1428571492
73579  -33.966  -10.411  -34.632 0.1428571492
70787  -32.886  -13.222  -29.646 0.1428571492
68917  -31.209  -15.283  -28.286 0.1428571492
68916  -30.691  -15.971  -27.960 0.1428571492
69853  -32.225  -13.588  -29.420 0.1428571492
71786  -33.119  -12.162  -32.949 0.1428571492
126214  -33.314  -7.678  -35.267 0.1428571492
77024  -33.336  -6.770  -35.433 0.1428571492
72734  -33.880  -11.292  -34.629 0.1428571492
71793  -35.934  -11.887  -33.339 0.1428571492
71792  -35.524  -12.673  -34.120 0.1428571492
71801  -33.640  -12.167  -34.444 0.1428571492
72719  -36.163  -11.035  -32.966 0.1428571492
73573  -35.313  -10.312  -34.065 0.1428571492
74373  -36.258  -9.613  -33.289 0.1428571492
126086  -36.660  -11.005  -32.237 0.1428571492
137461  -33.679  -12.746  -32.793 0.1428571492
123621  -33.398  -13.714  -34.449 0.1428571492
70836  -34.159  -13.418  -35.081 0.1428571492
70837  -34.670  -13.871  -35.318 0.1428571492
127843  -37.285  -10.432  -30.906 0.1428571492
70773  -33.239  -13.618  -29.034 0.1428571492
71755  -33.709  -12.950  -30.317 0.1428571492
145847  -34.094  -13.083  -32.285 0.1428571492
69896  -33.353  -14.761  -34.978 0.1428571492
69905  -34.601  -14.832  -35.611 0.1428571492
69879  -33.963  -14.601  -33.305 0.1428571492
70825  -35.971  -13.503  -33.884 0.1428571492
144622  -35.101  -14.355  -35.327 0.1428571492
69874  -34.797  -14.225  -31.520 0.1428571492
70804  -34.800  -13.763  -30.848 0.1428571492
69005  -34.576  -15.812  -35.776 0.1428571492
68989  -33.982  -16.436  -35.073 0.1428571492
120676  -36.413  -14.371  -33.500 0.1428571492
69836  -35.309  -14.752  -29.291 0.1428571492
141819  -34.105  -14.831  -27.951 0.1428571492
134135  -34.217  -15.515  -33.342 0.1428571492
68983  -34.850  -16.197  -32.783 0.1428571492
68967  -35.550  -15.378  -30.715 0.1428571492
68078  -36.213  -17.378  -34.107 0.1428571492
124887  -37.520  -14.262  -31.553 0.1428571492
136361  -19.732  -23.564  -25.974 0.1428571492
62326  -21.033  -23.001  -25.896 0.1428571492
61363  -19.309  -23.131  -26.360 0.1428571492
61364  -20.111  -23.090  -26.263 0.1428571492
62344  -20.528  -22.467  -26.596 0.1428571492
63308  -20.925  -21.844  -26.977 0.1428571492
63323  -21.324  -21.364  -27.496 0.1428571492
64298  -20.872  -20.921  -27.935 0.1428571492
64315  -21.168  -20.312  -28.326 0.1428571492
64299  -21.694  -20.860  -28.049 0.1428571492
141928  -22.607  -20.034  -28.635 0.1428571492
133057  -20.172  -20.882  -27.772 0.1428571492
135586  -21.442  -19.780  -28.664 0.1428571492
65259  -22.115  -19.572  -29.007 0.1428571492
66189  -20.639  -18.369  -28.877 0.1428571492
66209  -21.413  -18.347  -29.389 0.1428571492
67079  -21.654  -17.628  -29.735 0.1428571492
66210  -22.161  -18.316  -29.625 0.1428571492
67094  -21.897  -16.934  -30.061 0.2857142985
67095  -22.806  -16.922  -29.936 0.1428571492
68048  -22.199  -16.333  -30.293 0.2857142985
72698  -24.521  -11.811  -31.608 0.4285714328
73529  -25.962  -10.906  -29.966 0.4285714328
73544  -25.437  -10.772  -30.807 0.4285714328
83451  -28.117  1.071  -31.015 0.2857142985
83453  -29.378  1.448  -29.995 0.2857142985
86156  -26.556  4.399  -33.031 0.2857142985
87023  -27.405  5.224  -32.428 0.2857142985
87835  -27.756  5.964  -32.194 0.2857142985
137792  -27.513  6.351  -32.965 0.4285714328
68047  -21.459  -16.112  -30.230 0.1428571492
68965  -23.734  -15.754  -30.015 0.1428571492
63322  -20.504  -21.414  -27.509 0.1428571492
65245  -20.355  -20.286  -28.076 0.1428571492
144689  -20.686  -18.985  -28.678 0.1428571492
66208  -20.910  -17.587  -29.389 0.1428571492
68026  -21.187  -16.868  -29.830 0.1428571492
68964  -22.201  -15.514  -30.575 0.2857142985
123020  -23.129  -15.305  -30.576 0.2857142985
68966  -23.845  -15.002  -30.332 0.2857142985
70798  -24.685  -13.031  -30.701 0.4285714328
71774  -24.009  -12.082  -32.083 0.2857142985
80914  -28.051  -1.234  -31.044 0.2857142985
81728  -27.362  -0.509  -31.379 0.2857142985
82608  -28.462  0.507  -30.668 0.2857142985
83463  -27.553  1.200  -31.482 0.2857142985
83464  -28.060  1.829  -31.199 0.2857142985
135792  -28.713  3.243  -30.929 0.2857142985
85255  -27.443  3.716  -31.940 0.2857142985
85263  -26.738  3.718  -32.560 0.2857142985
86157  -27.109  4.433  -32.459 0.2857142985
69864  -23.957  -14.404  -30.736 0.2857142985
81729  -28.215  -0.335  -30.842 0.2857142985
82626  -27.062  0.476  -31.694 0.2857142985
80931  -26.824  -1.043  -31.794 0.2857142985
83462  -26.868  1.360  -32.044 0.2857142985
84307  -26.647  2.188  -32.406 0.2857142985
84308  -27.343  2.069  -31.767 0.2857142985
84309  -27.986  2.843  -31.522 0.2857142985
138943  -26.381  2.977  -32.799 0.2857142985
82625  -26.446  0.679  -32.337 0.2857142985
83480  -26.223  1.483  -32.630 0.2857142985
71762  -24.876  -12.187  -30.777 0.4285714328
64316  -21.951  -20.256  -28.526 0.1428571492
70797  -24.364  -13.826  -30.713 0.4285714328
86147  -27.736  4.514  -31.840 0.2857142985
84320  -26.994  2.946  -32.049 0.2857142985
130303  -22.956  -16.062  -30.203 0.1428571492
66190  -21.259  -19.101  -28.961 0.1428571492
63307  -20.075  -21.953  -27.160 0.1428571492
145816  -20.696  -19.562  -28.455 0.1428571492
71761  -24.349  -12.553  -31.480 0.4285714328
83479  -25.342  1.550  -33.023 0.2857142985
73553  -24.958  -10.211  -31.725 0.2857142985
72699  -24.716  -11.039  -31.676 0.2857142985
74355  -26.015  -9.094  -31.040 0.2857142985
94823  -30.289  15.091  -41.277 0.1428571492
94129  -30.536  14.136  -41.870 0.1428571492
121877  -29.345  13.019  -41.183 0.1428571492
93361  -29.519  12.900  -40.409 0.1428571492
141264  -30.257  13.412  -39.670 0.1428571492
94814  -30.702  15.712  -40.373 0.1428571492
93358  -26.944  13.807  -40.497 0.1428571492
96251  -27.061  17.403  -39.371 0.1428571492
74354  -25.240  -9.269  -31.848 0.2857142985
93363  -31.610  13.258  -40.061 0.1428571492
93386  -30.506  13.360  -41.905 0.1428571492
94087  -30.474  13.727  -38.856 0.1428571492
133072  -29.897  12.919  -41.188 0.1428571492
93362  -30.548  13.089  -40.555 0.1428571492
93359  -27.712  13.096  -40.581 0.1428571492
94821  -28.383  15.150  -41.069 0.1428571492
95544  -27.353  16.788  -40.112 0.1428571492
94116  -27.377  14.833  -40.831 0.1428571492
94811  -26.053  15.602  -39.469 0.1428571492
95534  -26.132  16.266  -38.653 0.1428571492
94104  -26.312  14.772  -40.175 0.1428571492
143107  -28.879  12.574  -39.805 0.1428571492
93360  -28.634  12.888  -40.517 0.1428571492
140575  -25.015  -11.491  -30.986 0.2857142985
94119  -29.715  14.416  -41.493 0.1428571492
95553  -29.774  15.930  -40.623 0.1428571492
93385  -29.626  13.531  -41.576 0.1428571492
93372  -28.534  13.400  -41.165 0.1428571492
94118  -28.926  14.279  -41.333 0.1428571492
95547  -30.204  16.394  -39.742 0.1428571492
94105  -27.701  13.805  -40.942 0.1428571492
124541  -30.542  12.914  -41.456 0.1428571492
81765  -25.856  -0.480  -32.775 0.1428571492
81747  -26.531  -0.269  -32.084 0.1428571492
135402  -26.022  0.181  -32.632 0.1428571492
84319  -25.929  2.256  -32.941 0.1428571492
124873  -23.753  2.737  -33.650 0.1428571492
84327  -24.149  2.831  -33.640 0.1428571492
80932  -27.356  -1.497  -31.510 0.1428571492
84329  -25.612  3.007  -33.254 0.1428571492
86161  -23.977  4.149  -33.517 0.1428571492
86163  -25.187  4.525  -33.499 0.1428571492
86162  -24.499  4.679  -33.492 0.2857142985
76999  -26.884  -6.182  -31.383 0.2857142985
77009  -26.137  -6.238  -32.101 0.1428571492
141133  -26.402  -3.146  -32.306 0.1428571492
140605  -26.639  -2.444  -32.142 0.1428571492
80948  -26.308  -1.131  -32.342 0.1428571492
81790  -30.783  -0.433  -35.650 0.1428571492
134385  -25.394  0.192  -33.171 0.1428571492
85262  -26.112  3.731  -33.155 0.1428571492
87030  -26.490  5.049  -33.320 0.1428571492
87029  -25.858  5.188  -33.499 0.1428571492
87028  -25.146  5.331  -33.422 0.2857142985
87852  -26.563  6.445  -33.579 0.2857142985
90195  -25.828  8.823  -35.364 0.2857142985
89365  -25.120  8.344  -34.175 0.2857142985
90207  -25.365  9.659  -35.493 0.2857142985
93322  -24.848  13.640  -35.424 0.1428571492
91743  -26.213  11.755  -33.098 0.1428571492
88600  -27.916  7.028  -33.004 0.2857142985
88617  -27.614  7.522  -34.205 0.2857142985
90186  -28.316  8.457  -34.813 0.2857142985
88616  -26.726  7.719  -34.522 0.2857142985
88609  -25.811  7.597  -34.058 0.2857142985
89374  -25.847  8.261  -34.780 0.2857142985
90209  -26.517  9.600  -36.476 0.2857142985
90185  -24.731  9.275  -33.744 0.2857142985
93319  -26.419  13.251  -34.725 0.1428571492
93315  -27.230  13.504  -34.058 0.1428571492
89364  -24.745  8.487  -33.513 0.1428571492
89356  -24.512  8.152  -32.956 0.1428571492
90970  -24.826  10.727  -35.118 0.1428571492
90962  -24.753  10.141  -34.333 0.2857142985
91749  -24.785  11.199  -34.146 0.1428571492
90963  -24.783  10.924  -33.357 0.1428571492
86154  -23.572  4.456  -33.052 0.2857142985
90175  -24.635  9.856  -32.788 0.1428571492
91742  -25.890  11.426  -32.479 0.1428571492
90954  -24.875  10.623  -32.643 0.1428571492
86144  -21.923  4.342  -31.506 0.1428571492
82675  -30.151  -0.245  -36.450 0.1428571492
80187  -31.276  -3.604  -36.723 0.1428571492
80159  -25.518  -2.254  -33.110 0.1428571492
80958  -24.946  -1.385  -33.668 0.1428571492
134277  -24.536  0.270  -33.742 0.1428571492
82658  -24.069  0.934  -33.857 0.1428571492
82643  -24.873  0.898  -33.352 0.1428571492
132236  -23.828  2.000  -33.774 0.1428571492
84328  -24.748  2.979  -33.480 0.1428571492
85266  -23.559  3.609  -33.308 0.1428571492
86164  -25.926  4.449  -33.407 0.1428571492
86155  -23.938  4.878  -33.266 0.2857142985
138042  -26.235  6.962  -33.705 0.1428571492
144733  -26.452  7.331  -34.064 0.2857142985
90950  -24.596  10.402  -31.880 0.1428571492
134181  -24.711  10.196  -33.361 0.1428571492
90955  -25.322  11.059  -32.601 0.1428571492
91757  -24.814  11.613  -34.760 0.1428571492
91750  -25.396  11.456  -33.379 0.1428571492
80964  -31.241  -1.931  -35.703 0.1428571492
129691  -30.911  -1.292  -35.864 0.1428571492
80971  -30.386  -1.125  -36.494 0.1428571492
89384  -27.967  8.619  -35.426 0.2857142985
144674  -27.146  9.238  -36.115 0.2857142985
130016  -25.130  11.742  -34.096 0.1428571492
90208  -26.353  9.104  -35.916 0.2857142985
135673  -26.829  12.768  -34.117 0.1428571492
88611  -28.179  7.598  -33.535 0.2857142985
79405  -26.700  -3.821  -31.955 0.1428571492
78641  -25.693  -4.698  -32.728 0.1428571492
79438  -31.720  -4.274  -36.887 0.1428571492
87022  -26.950  4.933  -32.968 0.1428571492
145451  -27.403  5.786  -32.711 0.1428571492
83494  -24.468  1.559  -33.528 0.1428571492
81778  -24.259  -0.461  -34.053 0.1428571492
81764  -25.149  -0.527  -33.499 0.1428571492
126378  -24.241  2.172  -33.627 0.1428571492
85267  -23.997  3.416  -33.621 0.1428571492
85269  -25.330  3.761  -33.445 0.1428571492
80147  -26.763  -1.733  -31.986 0.1428571492
85268  -24.520  3.768  -33.560 0.1428571492
80160  -26.105  -2.577  -32.552 0.1428571492
134706  -26.495  5.772  -33.435 0.2857142985
87851  -25.863  6.102  -33.510 0.2857142985
88610  -26.934  7.078  -33.910 0.2857142985
122585  -27.522  7.039  -33.516 0.2857142985
87853  -27.018  6.366  -33.485 0.2857142985
90194  -25.215  9.043  -34.735 0.2857142985
138545  -26.501  11.782  -32.332 0.1428571492
89366  -28.138  7.942  -34.363 0.2857142985
89376  -27.591  8.131  -34.981 0.2857142985
89375  -26.636  8.433  -35.271 0.2857142985
88608  -24.986  7.748  -33.569 0.1428571492
94077  -27.122  13.982  -34.852 0.1428571492
87850  -24.971  6.192  -33.233 0.1428571492
135086  -25.435  6.946  -33.474 0.2857142985
68962  -20.996  -14.866  -30.052 0.1428571492
69861  -21.905  -14.674  -30.797 0.1428571492
69862  -22.639  -14.712  -30.931 0.1428571492
69845  -20.722  -14.115  -29.731 0.1428571492
126710  -20.987  -12.731  -30.245 0.1428571492
71760  -21.518  -12.291  -30.798 0.1428571492
69871  -22.269  -13.970  -31.200 0.1428571492
71771  -22.037  -11.799  -31.369 0.1428571492
128627  -22.241  -12.809  -31.403 0.1428571492
69872  -22.978  -14.177  -31.301 0.1428571492
72707  -22.495  -11.416  -31.905 0.1428571492
71772  -22.968  -12.617  -31.877 0.1428571492
70811  -24.094  -13.227  -31.393 0.1428571492
71773  -23.494  -12.290  -32.040 0.1428571492
133341  -23.897  -12.691  -31.831 0.1428571492
72697  -21.454  -11.421  -30.877 0.1428571492
72715  -22.947  -11.166  -32.425 0.1428571492
72708  -24.139  -11.333  -32.308 0.1428571492
73552  -24.288  -10.578  -32.447 0.1428571492
75237  -25.134  -8.456  -32.321 0.1428571492
76093  -25.634  -7.734  -32.011 0.1428571492
68046  -20.911  -15.582  -30.040 0.1428571492
70796  -21.567  -13.405  -30.745 0.1428571492
90184  -24.506  8.988  -32.941 0.1428571492
76094  -26.326  -7.056  -31.576 0.1428571492
68963  -21.420  -15.199  -30.432 0.1428571492
69863  -23.360  -14.597  -30.953 0.1428571492
69873  -23.634  -13.896  -31.336 0.1428571492
145698  -21.727  -14.124  -30.843 0.1428571492
69860  -21.323  -14.303  -30.423 0.1428571492
71749  -20.525  -12.304  -29.694 0.1428571492
140352  -22.543  -12.062  -31.783 0.1428571492
70809  -22.938  -13.493  -31.618 0.1428571492
71784  -22.994  -11.843  -32.201 0.1428571492
72706  -21.944  -11.080  -31.449 0.1428571492
70810  -23.516  -13.068  -31.730 0.1428571492
71785  -23.532  -11.469  -32.421 0.1428571492
68948  -20.574  -15.025  -29.569 0.1428571492
67121  -35.807  -17.584  -34.316 0.1428571492
68076  -34.676  -17.170  -34.655 0.1428571492
68077  -35.292  -17.365  -34.862 0.1428571492
68086  -35.772  -16.906  -35.176 0.1428571492
68092  -34.559  -16.590  -35.745 0.1428571492
68988  -33.625  -15.653  -35.247 0.1428571492
68995  -34.090  -16.202  -35.570 0.1428571492
68996  -35.152  -16.495  -35.567 0.1428571492
68997  -35.745  -15.883  -34.923 0.1428571492
69004  -34.202  -15.913  -35.698 0.1428571492
69855  -35.392  -14.586  -30.007 0.1428571492
69886  -33.451  -14.399  -34.205 0.1428571492
69904  -34.192  -15.311  -35.646 0.1428571492
74326  -28.076  -9.268  -29.415 0.8571428657
74328  -31.334  -9.583  -29.617 0.5714285970
74372  -35.705  -9.740  -33.806 0.1428571492
75199  -31.368  -8.275  -28.812 0.7142857313
75212  -29.161  -7.969  -29.344 0.7142857313
76052  -31.043  -7.545  -28.723 0.8571428657
76082  -32.612  -7.914  -31.192 0.5714285970
76955  -30.697  -6.779  -28.817 0.7142857313
76970  -29.547  -6.255  -29.541 0.8571428657
77796  -30.606  -5.243  -29.142 0.8571428657
77814  -28.640  -5.500  -30.262 0.7142857313
77818  -33.295  -5.616  -29.866 0.7142857313
78586  -32.861  -4.611  -28.989 0.8571428657
78642  -26.347  -4.650  -32.192 0.1428571492
78643  -33.290  -5.131  -33.220 0.4285714328
79355  -30.884  -3.806  -29.051 0.8571428657
79357  -32.431  -4.002  -28.778 0.8571428657
79390  -28.029  -3.920  -30.882 0.5714285970
79420  -33.269  -3.576  -32.545 0.4285714328
80118  -33.530  -2.778  -29.945 0.8571428657
80133  -29.373  -2.364  -30.137 0.5714285970
80148  -27.651  -2.831  -31.400 0.5714285970
80903  -32.461  -1.233  -29.067 1.0000000000
80916  -33.638  -1.818  -31.103 0.8571428657
80947  -25.659  -1.286  -32.976 0.1428571492
80960  -32.743  -2.040  -33.470 0.5714285970
81766  -33.489  -0.319  -31.913 0.7142857313
81784  -31.422  -0.862  -35.043 0.2857142985
82593  -29.777  0.762  -29.573 0.5714285970
82596  -32.393  1.004  -29.429 1.0000000000
82607  -27.793  0.400  -31.161 0.2857142985
82644  -25.724  0.825  -32.815 0.2857142985
82657  -23.816  0.434  -34.070 0.1428571492
82668  -31.852  0.717  -34.485 0.4285714328
83436  -31.981  1.849  -29.434 0.8571428657
83452  -28.675  1.422  -30.573 0.2857142985
83496  -32.799  1.323  -33.350 0.4285714328
84284  -30.374  2.367  -29.587 0.8571428657
84298  -29.284  2.809  -30.382 0.7142857313
84300  -33.314  2.829  -30.436 0.8571428657
84318  -25.002  2.262  -33.268 0.1428571492
85247  -33.035  3.546  -30.245 0.8571428657
86150  -34.215  5.492  -31.898 0.1428571492
86158  -34.147  4.830  -32.225 0.7142857313
87006  -30.697  5.648  -30.136 0.8571428657
87015  -28.682  5.309  -31.005 0.5714285970
87031  -27.045  5.617  -33.124 0.1428571492
87033  -34.367  5.924  -33.354 0.1428571492
89350  -31.311  8.478  -31.472 0.5714285970
89358  -30.633  8.957  -32.022 0.8571428657
89383  -27.306  8.715  -35.674 0.2857142985
90188  -33.663  10.041  -32.847 0.2857142985
90957  -30.922  10.407  -32.571 0.7142857313
90960  -33.222  10.632  -32.788 0.2857142985
90967  -34.267  10.246  -33.925 0.1428571492
90974  -34.450  10.615  -34.586 0.1428571492
91744  -31.287  11.157  -32.776 0.5714285970
91745  -32.049  11.279  -32.690 0.4285714328
92560  -30.875  12.447  -34.651 0.5714285970
92568  -33.176  12.896  -35.046 0.1428571492
93318  -25.347  13.316  -34.997 0.2857142985
93326  -33.057  13.210  -35.896 0.1428571492
93373  -30.068  13.111  -41.533 0.1428571492
94117  -28.140  14.256  -41.176 0.1428571492
121720  -33.428  -12.912  -34.499 0.1428571492
123523  -32.557  2.819  -34.881 0.1428571492
125068  -34.284  -16.394  -33.999 0.1428571492
126406  -32.243  4.751  -30.172 0.8571428657
127858  -29.752  -3.144  -29.768 0.7142857313
129755  -33.551  1.302  -30.859 0.8571428657
129882  -37.692  -10.653  -28.620 0.1428571492
129891  -25.452  -6.247  -32.696 0.1428571492
131891  -32.720  -7.111  -29.578 0.7142857313
131909  -33.329  -6.136  -35.545 0.1428571492
132594  -30.803  -0.837  -29.069 0.8571428657
132866  -33.419  2.069  -30.613 0.8571428657
132884  -31.956  -6.067  -28.630 0.7142857313
134386  -25.781  -3.157  -32.820 0.1428571492
134473  -32.773  0.259  -29.462 1.0000000000
134785  -26.172  -1.908  -32.501 0.1428571492
134816  -32.733  -1.117  -33.263 0.5714285970
134886  -28.757  -0.979  -30.559 0.2857142985
135428  -33.450  -5.261  -31.074 0.5714285970
135804  -33.879  4.329  -31.695 0.5714285970
137245  -28.889  4.712  -30.800 0.5714285970
137806  -30.633  7.173  -30.712 1.0000000000
138499  -33.246  -6.223  -30.234 0.5714285970
138856  -27.946  -3.274  -31.073 0.5714285970
141538  -32.669  7.812  -31.248 0.5714285970
141798  -31.500  -13.820  -29.594 0.2857142985
142387  -27.242  -2.275  -31.696 0.1428571492
143301  -32.717  -2.631  -28.893 1.0000000000
143345  -32.827  -7.453  -30.747 0.5714285970
145237  -31.487  -3.743  -36.093 0.1428571492
145871  -28.614  7.078  -31.868 0.5714285970
