#!ascii label  , from subject sub-v1s0x0050642_ses-1 vox2ras=TkReg
442
70771  -28.419  -13.513  -28.985 0.0000000000
74344  -26.692  -9.053  -30.410 0.0000000000
86148  -28.388  4.611  -31.267 0.0000000000
133144  -31.053  0.439  -29.104 0.0000000000
136123  -33.263  -4.222  -29.447 0.0000000000
131216  -31.850  -9.524  -31.366 0.0000000000
137792  -27.513  6.351  -32.965 0.0000000000
80117  -32.106  -2.269  -28.753 0.0000000000
79370  -28.670  -3.992  -30.417 0.0000000000
72689  -27.151  -11.168  -29.052 0.0000000000
124810  -30.332  -9.330  -28.946 0.0000000000
72691  -30.325  -11.805  -29.992 0.0000000000
66212  -24.042  -18.285  -29.238 0.0000000000
70781  -25.098  -13.612  -29.712 0.0000000000
140414  -25.533  10.008  -37.238 0.0000000000
143874  -28.568  10.468  -35.887 0.0000000000
131766  -29.584  10.072  -33.692 0.0000000000
88593  -30.753  7.732  -30.980 0.0000000000
87008  -32.687  5.423  -30.566 0.0000000000
85233  -29.897  2.934  -29.891 0.0000000000
84310  -33.632  2.717  -31.246 0.0000000000
82645  -33.388  0.475  -32.222 0.0000000000
134571  -33.150  -2.314  -32.885 0.0000000000
78655  -32.963  -4.823  -34.126 0.0000000000
76969  -28.897  -6.693  -29.793 0.0000000000
76986  -33.030  -6.951  -30.332 0.0000000000
133524  -28.433  -3.295  -30.691 0.0000000000
78628  -27.029  -4.567  -31.611 0.0000000000
71737  -27.327  -12.488  -28.607 0.0000000000
129365  -29.242  -11.344  -28.945 0.0000000000
72675  -29.448  -12.207  -29.336 0.0000000000
63310  -23.381  -21.291  -26.587 0.0000000000
134348  -24.165  -20.349  -27.454 0.0000000000
65246  -25.031  -19.554  -27.958 0.0000000000
71762  -24.876  -12.187  -30.777 0.0000000000
70797  -24.364  -13.826  -30.713 0.0000000000
90197  -29.055  9.683  -34.503 0.0000000000
87014  -28.025  5.325  -31.632 0.0000000000
88602  -29.017  7.713  -31.972 0.0000000000
87837  -29.591  6.511  -30.813 0.0000000000
88585  -31.845  6.911  -30.638 0.0000000000
87005  -29.787  5.299  -30.282 0.0000000000
83434  -30.062  1.582  -29.544 0.0000000000
84285  -32.149  2.730  -29.550 0.0000000000
83437  -32.919  1.617  -29.648 0.0000000000
83465  -33.546  1.226  -31.705 0.0000000000
135134  -33.269  0.153  -29.946 0.0000000000
80105  -32.405  -3.212  -28.757 0.0000000000
132416  -33.552  -1.943  -30.245 0.0000000000
79392  -33.585  -3.541  -30.765 0.0000000000
79427  -32.906  -3.708  -33.510 0.0000000000
78618  -33.500  -4.558  -31.122 0.0000000000
128520  -26.170  -7.834  -31.373 0.0000000000
128529  -27.841  -6.796  -30.491 0.0000000000
76080  -27.663  -7.574  -30.311 0.0000000000
74329  -31.788  -9.198  -29.980 0.0000000000
75200  -31.911  -8.174  -29.127 0.0000000000
75229  -32.374  -8.397  -30.652 0.0000000000
77000  -33.066  -6.683  -32.003 0.0000000000
138564  -32.508  -8.550  -33.088 0.0000000000
67082  -25.553  -17.688  -29.087 0.0000000000
68028  -24.303  -16.924  -29.357 0.0000000000
142576  -25.996  -17.134  -29.147 0.0000000000
68951  -26.094  -15.739  -28.848 0.0000000000
140258  -29.285  -0.719  -30.089 0.0000000000
131782  -31.613  -0.822  -29.024 0.0000000000
80900  -29.837  -1.746  -29.712 0.0000000000
130223  -30.529  -3.094  -29.256 0.0000000000
78603  -30.503  -4.434  -29.248 0.0000000000
74324  -26.821  -9.790  -29.857 0.0000000000
75196  -28.739  -8.720  -29.314 0.0000000000
73532  -28.185  -10.076  -29.159 0.0000000000
74311  -30.215  -10.087  -29.008 0.0000000000
73533  -30.975  -10.465  -29.965 0.0000000000
66191  -25.294  -18.956  -28.559 0.0000000000
74343  -25.653  -9.849  -30.996 0.0000000000
73529  -25.962  -10.906  -29.966 0.0000000000
71751  -25.992  -12.160  -29.155 0.0000000000
70769  -26.383  -13.578  -28.532 0.0000000000
92582  -25.109  10.892  -38.385 0.0000000000
90980  -25.775  9.666  -36.263 0.0000000000
90991  -26.715  9.973  -36.954 0.0000000000
125085  -29.353  11.708  -35.640 0.0000000000
91752  -30.113  11.290  -34.092 0.0000000000
90965  -30.652  10.888  -32.987 0.0000000000
89357  -28.743  8.151  -32.774 0.0000000000
124495  -29.863  9.157  -32.485 0.0000000000
90179  -32.218  9.828  -32.081 0.0000000000
89352  -33.055  8.348  -31.601 0.0000000000
87840  -33.482  6.664  -31.321 0.0000000000
86149  -33.880  4.948  -31.388 0.0000000000
85245  -29.309  3.592  -30.449 0.0000000000
86129  -30.921  3.995  -29.705 0.0000000000
141068  -32.561  4.061  -30.135 0.0000000000
85270  -33.645  3.712  -33.114 0.0000000000
84330  -32.808  2.088  -33.764 0.0000000000
81785  -31.907  -0.101  -34.338 0.0000000000
81731  -33.424  -0.529  -30.209 0.0000000000
132395  -33.255  -0.901  -32.470 0.0000000000
77832  -27.446  -5.336  -31.163 0.0000000000
77815  -29.300  -5.473  -29.829 0.0000000000
77797  -31.540  -5.299  -28.756 0.0000000000
133420  -29.829  -7.946  -29.078 0.0000000000
76956  -31.501  -6.811  -28.653 0.0000000000
77817  -32.970  -5.468  -29.208 0.0000000000
77847  -33.366  -5.857  -31.627 0.0000000000
127369  -33.135  -6.051  -33.599 0.0000000000
69846  -24.565  -14.530  -29.877 0.0000000000
69829  -26.089  -14.394  -28.529 0.0000000000
69848  -27.807  -15.049  -29.232 0.0000000000
71738  -28.155  -12.734  -28.754 0.0000000000
72674  -28.733  -12.075  -28.798 0.0000000000
70772  -29.081  -13.085  -29.296 0.0000000000
71752  -29.686  -12.989  -30.145 0.0000000000
70783  -28.966  -14.054  -29.529 0.0000000000
63311  -24.167  -21.105  -26.412 0.0000000000
64282  -23.774  -20.722  -27.016 0.0000000000
64283  -24.537  -20.605  -26.896 0.0000000000
87836  -28.607  6.250  -31.415 0.0000000000
87016  -29.267  5.765  -30.688 0.0000000000
87827  -29.948  5.987  -30.419 0.0000000000
87004  -29.196  5.119  -30.595 0.0000000000
81716  -29.515  -0.058  -29.740 0.0000000000
82609  -29.090  0.652  -30.115 0.0000000000
82594  -30.556  0.938  -29.265 0.0000000000
83435  -30.915  1.733  -29.349 0.0000000000
82595  -31.446  1.060  -29.257 0.0000000000
82597  -33.151  0.876  -29.746 0.0000000000
131982  -31.858  0.367  -29.231 0.0000000000
79373  -32.987  -3.762  -29.061 0.0000000000
133737  -33.085  -2.999  -29.185 0.0000000000
79374  -33.403  -3.591  -29.691 0.0000000000
135458  -33.485  -4.299  -30.121 0.0000000000
75227  -26.433  -8.395  -30.922 0.0000000000
76079  -26.824  -7.668  -30.892 0.0000000000
75228  -27.149  -8.365  -30.356 0.0000000000
74347  -32.038  -9.076  -30.644 0.0000000000
75215  -32.161  -8.453  -29.828 0.0000000000
75239  -32.249  -8.807  -31.534 0.0000000000
75240  -32.536  -8.176  -32.233 0.0000000000
75251  -32.276  -8.938  -32.609 0.0000000000
130276  -32.491  -9.117  -33.505 0.0000000000
74356  -31.799  -9.616  -32.327 0.0000000000
80915  -28.659  -1.925  -30.722 0.0000000000
135131  -29.315  -1.444  -30.160 0.0000000000
79391  -29.046  -3.236  -30.248 0.0000000000
79371  -29.380  -3.952  -29.928 0.0000000000
79372  -30.133  -3.860  -29.494 0.0000000000
73531  -27.395  -10.380  -29.293 0.0000000000
74325  -27.561  -9.720  -29.506 0.0000000000
72676  -29.893  -11.506  -29.328 0.0000000000
73513  -29.788  -10.664  -28.964 0.0000000000
73514  -30.374  -10.795  -29.461 0.0000000000
72692  -30.634  -11.283  -30.268 0.0000000000
73546  -30.814  -11.101  -31.120 0.0000000000
129647  -22.574  -21.478  -26.739 0.0000000000
62346  -22.216  -22.035  -26.248 0.0000000000
65262  -24.549  -19.395  -28.510 0.0000000000
73544  -25.437  -10.772  -30.807 0.0000000000
127548  -25.310  -12.608  -29.890 0.0000000000
71750  -25.783  -13.051  -29.035 0.0000000000
71736  -26.577  -12.714  -28.625 0.0000000000
91772  -24.749  10.698  -36.830 0.0000000000
92574  -24.204  11.519  -36.880 0.0000000000
91781  -25.347  10.262  -37.710 0.0000000000
90210  -27.835  9.114  -35.881 0.0000000000
90981  -27.489  9.681  -36.390 0.0000000000
90992  -27.955  10.260  -36.700 0.0000000000
91773  -28.118  10.959  -37.304 0.0000000000
131403  -28.719  11.053  -36.235 0.0000000000
91774  -28.990  11.852  -36.568 0.0000000000
90972  -29.488  10.631  -34.450 0.0000000000
90964  -30.135  10.793  -33.592 0.0000000000
91753  -30.788  11.526  -33.468 0.0000000000
90956  -30.206  10.272  -33.009 0.0000000000
88601  -28.380  7.403  -32.560 0.0000000000
88592  -29.873  7.762  -31.470 0.0000000000
89348  -29.649  8.451  -32.142 0.0000000000
89349  -30.453  8.296  -31.593 0.0000000000
90178  -31.318  9.651  -32.160 0.0000000000
143082  -31.310  9.041  -31.842 0.0000000000
90171  -31.870  9.097  -31.772 0.0000000000
89351  -32.244  8.421  -31.456 0.0000000000
87829  -32.225  6.245  -30.591 0.0000000000
87839  -32.674  7.007  -30.976 0.0000000000
134454  -33.060  6.094  -31.007 0.0000000000
87017  -33.917  5.927  -31.439 0.0000000000
87009  -33.432  5.367  -30.981 0.0000000000
130721  -29.117  2.054  -30.339 0.0000000000
84297  -28.631  2.368  -30.819 0.0000000000
143590  -29.612  3.269  -30.167 0.0000000000
85246  -29.997  3.740  -29.953 0.0000000000
85234  -30.637  3.168  -29.614 0.0000000000
84299  -32.846  2.842  -29.897 0.0000000000
85236  -32.358  3.449  -29.810 0.0000000000
85248  -33.488  3.574  -30.849 0.0000000000
85257  -33.762  3.635  -31.554 0.0000000000
84321  -33.638  2.994  -32.355 0.0000000000
131405  -33.306  2.857  -33.411 0.0000000000
84331  -33.298  2.083  -32.921 0.0000000000
83481  -33.287  1.271  -32.548 0.0000000000
82660  -32.875  0.511  -33.043 0.0000000000
82659  -32.354  0.583  -33.807 0.0000000000
81779  -32.450  -0.327  -33.599 0.0000000000
80902  -31.399  -1.500  -28.888 0.0000000000
81720  -33.035  -0.488  -29.531 0.0000000000
80904  -33.297  -1.244  -29.757 0.0000000000
80933  -33.464  -2.212  -31.972 0.0000000000
125051  -33.530  -1.211  -31.684 0.0000000000
80949  -33.210  -1.619  -32.647 0.0000000000
145827  -32.328  -1.013  -33.803 0.0000000000
80959  -32.197  -1.740  -34.184 0.0000000000
133856  -33.221  -4.296  -32.882 0.0000000000
77846  -26.625  -5.414  -31.813 0.0000000000
76985  -28.337  -6.280  -30.307 0.0000000000
134570  -28.938  -6.038  -29.948 0.0000000000
77816  -29.909  -5.563  -29.481 0.0000000000
76971  -30.310  -6.102  -29.169 0.0000000000
143634  -29.210  -9.205  -29.053 0.0000000000
75197  -29.656  -8.769  -29.028 0.0000000000
76054  -32.334  -7.671  -29.305 0.0000000000
76053  -31.811  -7.579  -28.762 0.0000000000
76957  -32.343  -6.818  -28.920 0.0000000000
134276  -32.591  -6.017  -28.905 0.0000000000
76972  -32.981  -6.330  -29.484 0.0000000000
77834  -33.383  -5.741  -30.668 0.0000000000
76987  -33.257  -6.458  -31.008 0.0000000000
77010  -32.822  -6.995  -33.267 0.0000000000
130754  -33.201  -6.194  -32.578 0.0000000000
77019  -32.919  -6.966  -34.611 0.0000000000
128326  -26.803  -16.157  -29.169 0.0000000000
122516  -25.732  -15.096  -28.752 0.0000000000
69847  -26.738  -15.233  -28.811 0.0000000000
69830  -27.112  -14.315  -28.714 0.0000000000
80131  -28.223  -2.676  -30.963 0.0000000000
79406  -27.441  -3.697  -31.427 0.0000000000
78629  -27.630  -4.471  -31.153 0.0000000000
72673  -27.718  -11.876  -28.729 0.0000000000
73511  -28.220  -11.049  -28.955 0.0000000000
72690  -29.910  -12.265  -29.850 0.0000000000
70799  -30.074  -13.342  -30.676 0.0000000000
64318  -24.184  -19.935  -28.096 0.0000000000
64302  -24.806  -20.114  -27.430 0.0000000000
72698  -24.521  -11.811  -31.608 0.0000000000
71761  -24.349  -12.553  -31.480 0.0000000000
70798  -24.685  -13.031  -30.701 0.0000000000
90989  -24.983  10.616  -36.474 0.0000000000
90982  -28.238  9.792  -35.920 0.0000000000
90971  -28.838  10.082  -35.247 0.0000000000
90196  -28.459  9.176  -35.243 0.0000000000
145805  -28.715  8.987  -34.449 0.0000000000
90187  -29.096  9.312  -33.705 0.0000000000
87846  -28.076  6.704  -32.303 0.0000000000
88591  -29.279  7.105  -31.367 0.0000000000
87838  -30.098  7.180  -30.906 0.0000000000
88584  -31.150  7.109  -30.625 0.0000000000
133104  -30.495  6.593  -30.512 0.0000000000
87828  -31.360  6.375  -30.377 0.0000000000
87007  -31.752  5.564  -30.226 0.0000000000
84283  -29.660  2.205  -29.929 0.0000000000
128928  -31.252  2.543  -29.440 0.0000000000
143179  -32.700  2.253  -29.653 0.0000000000
84286  -33.155  2.185  -29.999 0.0000000000
131150  -33.572  1.870  -31.268 0.0000000000
83438  -33.329  1.465  -30.130 0.0000000000
82610  -33.461  0.717  -30.368 0.0000000000
82627  -33.594  0.431  -31.240 0.0000000000
124629  -33.068  -2.130  -29.261 0.0000000000
80134  -33.626  -2.560  -30.963 0.0000000000
80161  -33.197  -2.937  -32.703 0.0000000000
80175  -32.805  -2.840  -33.520 0.0000000000
80149  -33.461  -3.114  -31.798 0.0000000000
134685  -33.448  -3.952  -31.863 0.0000000000
78630  -33.407  -4.746  -32.184 0.0000000000
76095  -27.190  -6.892  -30.894 0.0000000000
76081  -28.315  -7.078  -30.029 0.0000000000
76065  -28.847  -7.352  -29.646 0.0000000000
75213  -31.035  -9.050  -28.999 0.0000000000
75198  -30.545  -8.358  -28.869 0.0000000000
75214  -31.613  -8.785  -29.335 0.0000000000
76067  -32.609  -7.710  -30.204 0.0000000000
76083  -32.944  -7.232  -31.320 0.0000000000
144264  -32.694  -7.677  -31.753 0.0000000000
76096  -32.760  -7.441  -32.299 0.0000000000
76106  -32.632  -7.938  -33.222 0.0000000000
76110  -32.724  -7.848  -34.365 0.0000000000
133242  -32.694  -8.567  -33.926 0.0000000000
66213  -24.979  -18.338  -28.984 0.0000000000
130221  -24.608  -17.587  -29.155 0.0000000000
68029  -25.133  -16.818  -28.988 0.0000000000
68950  -25.254  -15.811  -29.002 0.0000000000
68030  -25.991  -16.431  -29.005 0.0000000000
81730  -28.885  -0.160  -30.333 0.0000000000
81717  -30.354  0.021  -29.218 0.0000000000
81718  -31.263  -0.198  -29.038 0.0000000000
134671  -29.925  -0.913  -29.553 0.0000000000
80901  -30.507  -1.612  -29.247 0.0000000000
80132  -28.747  -2.695  -30.565 0.0000000000
80115  -30.143  -2.378  -29.507 0.0000000000
80116  -30.996  -2.307  -28.945 0.0000000000
80104  -31.422  -3.082  -28.827 0.0000000000
79356  -31.713  -3.864  -28.760 0.0000000000
78584  -31.186  -4.537  -28.911 0.0000000000
74345  -27.358  -9.101  -29.866 0.0000000000
74309  -28.813  -9.576  -29.096 0.0000000000
74310  -29.609  -9.732  -28.994 0.0000000000
73512  -29.011  -10.425  -29.001 0.0000000000
74327  -30.709  -9.857  -29.292 0.0000000000
74346  -31.480  -10.024  -30.754 0.0000000000
140180  -31.438  -10.115  -31.808 0.0000000000
73554  -30.993  -10.838  -31.911 0.0000000000
72700  -30.529  -12.027  -31.093 0.0000000000
65278  -24.401  -18.980  -28.952 0.0000000000
66214  -25.931  -18.328  -28.944 0.0000000000
136524  -26.249  -9.588  -30.475 0.0000000000
73545  -26.078  -10.228  -30.218 0.0000000000
73530  -26.600  -10.625  -29.592 0.0000000000
72688  -26.314  -11.375  -29.382 0.0000000000
140934  -25.532  -11.630  -30.098 0.0000000000
72672  -26.799  -11.912  -28.780 0.0000000000
70770  -27.457  -13.367  -28.664 0.0000000000
92565  -24.448  12.729  -35.471 0.0000000000
90979  -25.225  10.326  -36.049 0.0000000000
90990  -25.681  9.860  -36.801 0.0000000000
131846  -26.839  10.320  -37.453 0.0000000000
126437  -29.066  10.954  -35.340 0.0000000000
91760  -29.754  11.464  -34.793 0.0000000000
92559  -30.134  12.142  -35.115 0.0000000000
91761  -30.513  11.888  -34.314 0.0000000000
92552  -31.283  12.308  -33.901 0.0000000000
91754  -31.656  11.882  -33.158 0.0000000000
89367  -28.624  8.445  -33.832 0.0000000000
89368  -29.201  8.904  -32.939 0.0000000000
90176  -29.671  9.610  -33.005 0.0000000000
90177  -30.423  9.692  -32.504 0.0000000000
90958  -31.713  10.529  -32.390 0.0000000000
90959  -32.522  10.576  -32.461 0.0000000000
135665  -33.664  8.159  -31.970 0.0000000000
88594  -31.815  7.678  -30.976 0.0000000000
88595  -33.431  7.493  -31.534 0.0000000000
85256  -28.231  3.807  -31.453 0.0000000000
127008  -28.834  4.055  -30.892 0.0000000000
86138  -29.466  4.457  -30.380 0.0000000000
124243  -30.334  4.684  -29.949 0.0000000000
86139  -31.290  4.815  -29.905 0.0000000000
85235  -31.528  3.347  -29.572 0.0000000000
86130  -31.822  4.085  -29.828 0.0000000000
86140  -33.229  4.484  -30.636 0.0000000000
131721  -33.686  4.203  -31.193 0.0000000000
85264  -33.862  3.983  -32.280 0.0000000000
126196  -33.574  2.018  -32.017 0.0000000000
83495  -32.316  1.375  -34.118 0.0000000000
133989  -31.375  0.854  -35.027 0.0000000000
82667  -31.338  0.147  -34.986 0.0000000000
81719  -32.194  -0.354  -29.203 0.0000000000
131578  -33.514  0.063  -30.534 0.0000000000
81748  -33.618  -0.457  -31.031 0.0000000000
133138  -33.575  -1.197  -30.664 0.0000000000
81780  -33.058  -0.274  -32.764 0.0000000000
79426  -32.518  -3.425  -34.280 0.0000000000
78617  -28.193  -4.806  -30.651 0.0000000000
76984  -27.641  -6.190  -30.825 0.0000000000
77833  -28.061  -5.636  -30.661 0.0000000000
78601  -28.995  -4.746  -30.119 0.0000000000
78602  -29.816  -4.750  -29.609 0.0000000000
78585  -32.050  -4.607  -28.706 0.0000000000
75211  -27.879  -8.458  -29.789 0.0000000000
76064  -28.423  -7.849  -29.727 0.0000000000
76066  -29.500  -7.194  -29.351 0.0000000000
76051  -30.269  -7.431  -28.939 0.0000000000
76954  -30.046  -6.746  -29.145 0.0000000000
128448  -31.087  -6.044  -28.751 0.0000000000
77798  -32.393  -5.347  -28.752 0.0000000000
78604  -33.301  -4.876  -29.605 0.0000000000
78605  -33.458  -5.051  -30.369 0.0000000000
131928  -33.446  -5.168  -31.678 0.0000000000
77860  -33.349  -5.503  -32.467 0.0000000000
141019  -33.137  -5.554  -34.169 0.0000000000
69828  -25.328  -14.403  -29.030 0.0000000000
137434  -25.687  -13.799  -28.812 0.0000000000
70782  -28.129  -14.250  -29.088 0.0000000000
74326  -28.076  -9.268  -29.415 0.0000000000
74328  -31.334  -9.583  -29.617 0.0000000000
75199  -31.368  -8.275  -28.812 0.0000000000
75212  -29.161  -7.969  -29.344 0.0000000000
76052  -31.043  -7.545  -28.723 0.0000000000
76082  -32.612  -7.914  -31.192 0.0000000000
76955  -30.697  -6.779  -28.817 0.0000000000
76970  -29.547  -6.255  -29.541 0.0000000000
77796  -30.606  -5.243  -29.142 0.0000000000
77814  -28.640  -5.500  -30.262 0.0000000000
77818  -33.295  -5.616  -29.866 0.0000000000
78586  -32.861  -4.611  -28.989 0.0000000000
78643  -33.290  -5.131  -33.220 0.0000000000
79355  -30.884  -3.806  -29.051 0.0000000000
79357  -32.431  -4.002  -28.778 0.0000000000
79390  -28.029  -3.920  -30.882 0.0000000000
79420  -33.269  -3.576  -32.545 0.0000000000
80118  -33.530  -2.778  -29.945 0.0000000000
80133  -29.373  -2.364  -30.137 0.0000000000
80148  -27.651  -2.831  -31.400 0.0000000000
80903  -32.461  -1.233  -29.067 0.0000000000
80916  -33.638  -1.818  -31.103 0.0000000000
80960  -32.743  -2.040  -33.470 0.0000000000
81766  -33.489  -0.319  -31.913 0.0000000000
82593  -29.777  0.762  -29.573 0.0000000000
82596  -32.393  1.004  -29.429 0.0000000000
82668  -31.852  0.717  -34.485 0.0000000000
83436  -31.981  1.849  -29.434 0.0000000000
83496  -32.799  1.323  -33.350 0.0000000000
84284  -30.374  2.367  -29.587 0.0000000000
84298  -29.284  2.809  -30.382 0.0000000000
84300  -33.314  2.829  -30.436 0.0000000000
85247  -33.035  3.546  -30.245 0.0000000000
86158  -34.147  4.830  -32.225 0.0000000000
87006  -30.697  5.648  -30.136 0.0000000000
87015  -28.682  5.309  -31.005 0.0000000000
89350  -31.311  8.478  -31.472 0.0000000000
89358  -30.633  8.957  -32.022 0.0000000000
90957  -30.922  10.407  -32.571 0.0000000000
91744  -31.287  11.157  -32.776 0.0000000000
91745  -32.049  11.279  -32.690 0.0000000000
92560  -30.875  12.447  -34.651 0.0000000000
126406  -32.243  4.751  -30.172 0.0000000000
127858  -29.752  -3.144  -29.768 0.0000000000
129755  -33.551  1.302  -30.859 0.0000000000
131891  -32.720  -7.111  -29.578 0.0000000000
132594  -30.803  -0.837  -29.069 0.0000000000
132866  -33.419  2.069  -30.613 0.0000000000
132884  -31.956  -6.067  -28.630 0.0000000000
134473  -32.773  0.259  -29.462 0.0000000000
134816  -32.733  -1.117  -33.263 0.0000000000
135428  -33.450  -5.261  -31.074 0.0000000000
135804  -33.879  4.329  -31.695 0.0000000000
137245  -28.889  4.712  -30.800 0.0000000000
137806  -30.633  7.173  -30.712 0.0000000000
138499  -33.246  -6.223  -30.234 0.0000000000
138856  -27.946  -3.274  -31.073 0.0000000000
141538  -32.669  7.812  -31.248 0.0000000000
143301  -32.717  -2.631  -28.893 0.0000000000
143345  -32.827  -7.453  -30.747 0.0000000000
145871  -28.614  7.078  -31.868 0.0000000000
