#!ascii label  , from subject sub-v1s0x0050642_ses-1 vox2ras=TkReg
832
42557  24.118  -35.816  48.866 0.0000000000
59339  45.750  -17.468  36.749 0.0000000000
65203  50.821  -11.319  35.696 0.0000000000
119920  47.322  -28.193  40.429 0.0000000000
121679  32.941  -35.270  43.540 0.0000000000
39759  29.943  -37.424  47.743 0.0000000000
63198  48.235  -13.583  37.817 0.0000000000
58283  49.880  -17.991  40.175 0.0000000000
45495  44.340  -31.683  42.396 0.0000000000
40795  38.904  -36.253  44.304 0.0000000000
68158  54.598  -8.345  28.468 0.0000000000
69959  47.934  -6.788  33.867 0.0000000000
51514  43.417  -25.211  40.134 0.0000000000
55342  45.925  -21.428  41.975 0.0000000000
127561  28.872  -35.056  46.282 0.0000000000
41703  27.076  -35.732  48.605 0.0000000000
127704  47.118  -15.686  37.036 0.0000000000
133263  50.033  -15.363  39.549 0.0000000000
60255  47.734  -16.770  40.655 0.0000000000
39895  44.629  -36.710  38.598 0.0000000000
40781  34.069  -36.694  46.149 0.0000000000
42615  36.442  -34.979  44.073 0.0000000000
38707  36.713  -38.267  45.304 0.0000000000
70036  52.559  -6.801  29.776 0.0000000000
67173  53.260  -8.892  30.443 0.0000000000
138883  52.011  -6.909  31.813 0.0000000000
67098  47.430  -10.084  35.225 0.0000000000
67156  46.102  -7.974  32.908 0.0000000000
67113  47.923  -9.868  34.866 0.0000000000
67139  47.961  -9.157  33.505 0.0000000000
65240  49.822  -11.974  33.299 0.0000000000
46534  45.914  -30.291  42.024 0.0000000000
49501  43.740  -28.123  41.574 0.0000000000
50528  44.802  -26.597  42.128 0.0000000000
54350  44.147  -22.684  41.469 0.0000000000
52421  46.799  -24.887  42.192 0.0000000000
54348  48.290  -22.588  41.420 0.0000000000
50544  47.878  -26.458  39.459 0.0000000000
41713  31.784  -36.118  46.798 0.0000000000
64235  46.889  -12.557  34.987 0.0000000000
140240  49.853  -11.737  37.755 0.0000000000
62260  51.578  -14.737  38.006 0.0000000000
59338  51.979  -17.591  37.503 0.0000000000
41763  43.395  -36.399  42.218 0.0000000000
41771  45.147  -35.575  42.071 0.0000000000
43619  45.686  -33.895  40.584 0.0000000000
45529  46.467  -31.340  38.949 0.0000000000
47633  46.494  -29.604  37.208 0.0000000000
41774  40.175  -35.980  42.061 0.0000000000
38736  41.532  -37.921  43.401 0.0000000000
66285  54.770  -10.048  26.654 0.0000000000
120404  49.155  -6.357  31.305 0.0000000000
68118  50.293  -7.459  33.132 0.0000000000
67155  47.732  -9.919  31.523 0.0000000000
121205  45.142  -17.991  40.225 0.0000000000
57266  47.748  -19.100  41.520 0.0000000000
55382  49.454  -21.273  39.211 0.0000000000
128018  25.231  -36.122  49.000 0.0000000000
142452  25.685  -35.544  48.590 0.0000000000
40756  25.942  -36.266  48.972 0.0000000000
60318  46.423  -17.013  36.265 0.0000000000
61335  47.090  -15.791  38.497 0.0000000000
60287  46.024  -16.811  38.493 0.0000000000
39803  35.665  -37.258  45.650 0.0000000000
70051  51.690  -6.737  29.053 0.0000000000
70017  52.768  -6.959  30.706 0.0000000000
70019  50.940  -6.464  30.656 0.0000000000
134519  49.296  -10.725  36.302 0.0000000000
67097  48.114  -10.172  35.371 0.0000000000
66170  49.302  -10.369  35.631 0.0000000000
65217  49.520  -10.899  34.532 0.0000000000
133903  46.637  -29.740  41.022 0.0000000000
48544  45.668  -28.874  42.173 0.0000000000
119957  46.441  -27.773  41.772 0.0000000000
134138  45.672  -25.819  42.120 0.0000000000
50534  47.320  -26.598  41.395 0.0000000000
51513  47.801  -26.176  40.842 0.0000000000
49513  47.785  -27.275  39.543 0.0000000000
137030  30.056  -35.365  46.172 0.0000000000
40775  30.634  -36.492  47.598 0.0000000000
120928  32.182  -37.353  47.438 0.0000000000
63217  46.973  -13.958  35.596 0.0000000000
121678  46.565  -13.160  34.456 0.0000000000
64225  47.624  -12.695  36.673 0.0000000000
65189  47.950  -11.745  36.892 0.0000000000
64198  49.559  -12.555  38.163 0.0000000000
63197  51.040  -12.683  38.043 0.0000000000
62251  49.937  -13.892  38.932 0.0000000000
59304  49.955  -16.978  40.198 0.0000000000
60269  51.357  -16.234  40.148 0.0000000000
59325  51.012  -17.550  39.302 0.0000000000
57316  51.488  -19.242  37.933 0.0000000000
120838  50.840  -19.267  38.651 0.0000000000
39835  43.460  -37.151  42.556 0.0000000000
41762  43.959  -35.719  42.151 0.0000000000
39847  44.807  -36.996  41.666 0.0000000000
40843  45.497  -35.865  39.856 0.0000000000
119501  45.999  -32.567  39.538 0.0000000000
41747  38.065  -35.424  44.237 0.0000000000
42635  38.698  -35.041  43.250 0.0000000000
41754  40.013  -36.175  43.469 0.0000000000
40802  41.218  -36.918  43.383 0.0000000000
39813  40.052  -37.011  44.024 0.0000000000
70049  54.422  -7.465  28.269 0.0000000000
67202  55.035  -9.196  27.917 0.0000000000
67175  51.861  -9.372  30.898 0.0000000000
69020  46.887  -7.143  34.081 0.0000000000
69049  45.810  -7.213  31.704 0.0000000000
69984  46.877  -6.642  32.763 0.0000000000
130086  47.128  -6.350  30.968 0.0000000000
69982  48.414  -6.567  33.000 0.0000000000
120713  49.945  -6.695  32.865 0.0000000000
69018  49.388  -7.108  33.630 0.0000000000
65242  48.089  -11.017  32.568 0.0000000000
67154  47.975  -9.487  32.150 0.0000000000
127441  43.828  -32.762  42.041 0.0000000000
46535  42.813  -30.747  41.432 0.0000000000
50536  43.619  -27.025  40.880 0.0000000000
49509  43.185  -27.736  40.606 0.0000000000
55343  45.412  -21.967  41.675 0.0000000000
55356  43.546  -20.983  41.020 0.0000000000
57268  44.302  -19.783  41.053 0.0000000000
58286  43.949  -18.961  40.384 0.0000000000
58254  45.850  -19.245  41.299 0.0000000000
58268  46.709  -18.487  41.328 0.0000000000
56335  46.705  -20.315  42.139 0.0000000000
53374  48.281  -23.579  39.467 0.0000000000
54368  48.903  -22.156  40.321 0.0000000000
124848  48.553  -22.691  39.067 0.0000000000
54395  49.035  -22.027  38.531 0.0000000000
42575  28.233  -35.374  47.741 0.0000000000
40752  28.684  -36.574  48.146 0.0000000000
39761  28.497  -37.260  48.061 0.0000000000
39744  27.322  -36.747  48.569 0.0000000000
62261  47.813  -14.486  37.571 0.0000000000
62252  49.016  -14.278  38.801 0.0000000000
62244  48.332  -14.953  38.981 0.0000000000
61311  48.941  -15.982  40.220 0.0000000000
59305  48.817  -17.173  40.623 0.0000000000
42599  33.845  -35.574  44.834 0.0000000000
42639  34.645  -34.995  43.440 0.0000000000
41735  35.537  -35.805  45.086 0.0000000000
130656  36.787  -36.253  45.100 0.0000000000
39800  38.122  -37.360  44.801 0.0000000000
38721  39.288  -38.133  44.186 0.0000000000
38723  37.965  -39.090  44.581 0.0000000000
70034  53.971  -7.597  29.065 0.0000000000
68146  53.582  -8.591  29.894 0.0000000000
69063  53.297  -7.932  30.421 0.0000000000
68133  52.579  -8.110  31.483 0.0000000000
68134  51.961  -8.213  32.068 0.0000000000
66204  46.538  -10.634  33.688 0.0000000000
138973  46.861  -9.174  34.690 0.0000000000
68986  47.136  -8.024  34.448 0.0000000000
68985  47.488  -8.001  34.263 0.0000000000
69019  48.576  -7.357  33.952 0.0000000000
122819  47.900  -9.066  33.897 0.0000000000
65228  48.497  -10.900  33.301 0.0000000000
45493  45.466  -31.116  42.293 0.0000000000
46506  43.825  -30.414  42.218 0.0000000000
47510  44.616  -29.541  42.508 0.0000000000
49500  44.065  -27.729  41.843 0.0000000000
51503  44.265  -26.254  41.462 0.0000000000
53362  43.591  -23.589  40.729 0.0000000000
126285  44.911  -24.781  41.734 0.0000000000
52418  45.974  -23.872  41.672 0.0000000000
54329  46.411  -23.040  42.137 0.0000000000
55340  46.846  -21.756  42.336 0.0000000000
53360  47.567  -23.741  41.931 0.0000000000
119160  48.113  -24.913  40.050 0.0000000000
51521  47.914  -25.357  38.756 0.0000000000
42622  29.257  -34.926  44.453 0.0000000000
118918  31.040  -35.343  45.054 0.0000000000
42601  32.058  -35.599  45.230 0.0000000000
41724  33.375  -36.287  46.259 0.0000000000
38692  33.343  -38.442  46.556 0.0000000000
65204  47.405  -11.277  35.720 0.0000000000
66127  48.650  -11.010  36.746 0.0000000000
65187  50.916  -11.478  36.679 0.0000000000
63207  51.588  -12.833  37.158 0.0000000000
62270  52.093  -14.235  36.892 0.0000000000
130872  52.849  -15.818  36.260 0.0000000000
61333  50.794  -15.069  39.062 0.0000000000
139483  51.763  -16.167  37.764 0.0000000000
41773  42.224  -36.199  41.108 0.0000000000
42672  43.358  -35.035  41.473 0.0000000000
42656  43.965  -34.818  42.034 0.0000000000
42654  45.151  -34.142  42.221 0.0000000000
39861  45.310  -36.828  40.848 0.0000000000
41769  45.726  -35.141  40.983 0.0000000000
44479  45.666  -32.940  41.849 0.0000000000
44494  46.344  -31.956  40.923 0.0000000000
45510  46.696  -30.921  40.112 0.0000000000
46563  46.866  -30.245  39.648 0.0000000000
48561  47.309  -28.707  39.110 0.0000000000
46574  46.529  -30.783  38.375 0.0000000000
40813  41.766  -36.656  42.502 0.0000000000
39836  42.669  -37.327  42.978 0.0000000000
38768  42.392  -38.918  42.170 0.0000000000
37770  40.486  -39.131  43.100 0.0000000000
118881  40.918  -39.592  42.028 0.0000000000
67220  55.607  -9.317  26.524 0.0000000000
70020  49.777  -6.375  30.431 0.0000000000
120405  50.272  -6.461  31.453 0.0000000000
69034  51.503  -7.278  32.415 0.0000000000
68135  50.284  -8.145  32.704 0.0000000000
68120  48.356  -8.796  32.875 0.0000000000
68136  49.122  -8.629  32.387 0.0000000000
67168  48.855  -9.091  31.467 0.0000000000
47565  42.915  -29.231  41.051 0.0000000000
59328  44.033  -18.532  38.570 0.0000000000
59317  45.358  -17.386  39.025 0.0000000000
60257  46.341  -17.111  40.243 0.0000000000
59295  47.705  -17.748  41.319 0.0000000000
123269  49.045  -18.737  40.630 0.0000000000
134158  47.976  -20.754  41.515 0.0000000000
56365  48.904  -20.698  40.445 0.0000000000
57301  49.585  -19.673  39.902 0.0000000000
124865  50.193  -21.334  37.991 0.0000000000
48577  47.358  -28.219  38.503 0.0000000000
49537  47.612  -26.971  38.003 0.0000000000
42556  25.033  -35.805  48.828 0.0000000000
129766  24.353  -36.162  49.041 0.0000000000
60303  46.346  -16.846  37.400 0.0000000000
134901  51.064  -6.560  29.661 0.0000000000
70038  50.239  -6.507  29.618 0.0000000000
66149  50.119  -10.985  36.402 0.0000000000
66150  49.589  -10.711  36.184 0.0000000000
66169  50.139  -10.874  35.875 0.0000000000
65216  50.490  -11.211  35.051 0.0000000000
125349  46.953  -28.957  40.617 0.0000000000
48542  46.875  -28.348  41.165 0.0000000000
129961  46.681  -26.958  41.855 0.0000000000
131204  47.259  -27.490  41.130 0.0000000000
50540  47.677  -26.901  40.751 0.0000000000
48560  47.556  -28.057  39.666 0.0000000000
40767  29.340  -36.541  47.999 0.0000000000
41700  29.888  -36.315  47.834 0.0000000000
40766  30.151  -36.896  47.857 0.0000000000
63208  47.805  -13.516  37.139 0.0000000000
63209  47.366  -13.634  36.394 0.0000000000
64211  48.236  -12.528  37.418 0.0000000000
64199  48.798  -12.942  38.039 0.0000000000
63184  49.968  -13.084  38.473 0.0000000000
63185  49.367  -13.412  38.443 0.0000000000
59316  50.673  -17.285  39.996 0.0000000000
58299  50.488  -18.390  39.428 0.0000000000
38766  43.652  -38.198  41.690 0.0000000000
39849  44.035  -37.439  42.117 0.0000000000
38765  44.299  -37.874  41.280 0.0000000000
125013  38.640  -35.768  44.210 0.0000000000
137403  37.880  -34.809  43.529 0.0000000000
41756  38.659  -35.384  43.835 0.0000000000
41755  39.303  -35.684  43.516 0.0000000000
41745  39.647  -36.139  43.749 0.0000000000
40793  40.118  -36.496  43.657 0.0000000000
40794  39.595  -36.363  43.996 0.0000000000
69085  54.530  -7.859  28.427 0.0000000000
70048  54.997  -7.590  27.775 0.0000000000
68169  55.110  -8.626  27.852 0.0000000000
68170  54.644  -8.897  28.466 0.0000000000
69943  47.419  -7.093  34.266 0.0000000000
69960  47.137  -6.773  33.695 0.0000000000
69983  47.595  -6.589  33.171 0.0000000000
122249  47.562  -6.436  32.336 0.0000000000
69981  49.291  -6.722  33.172 0.0000000000
120887  48.844  -6.926  33.772 0.0000000000
65248  48.041  -11.600  31.795 0.0000000000
65243  47.785  -10.846  31.891 0.0000000000
44467  44.075  -32.112  42.258 0.0000000000
44468  43.538  -31.939  41.973 0.0000000000
45496  43.755  -31.300  42.150 0.0000000000
121802  43.602  -26.091  40.610 0.0000000000
125309  43.000  -25.186  39.374 0.0000000000
128398  45.487  -21.183  41.704 0.0000000000
55344  44.892  -21.394  41.596 0.0000000000
56338  45.235  -20.577  41.515 0.0000000000
57267  45.081  -19.432  41.147 0.0000000000
57254  46.089  -19.740  41.715 0.0000000000
57253  46.531  -19.586  41.874 0.0000000000
56336  46.214  -20.447  42.052 0.0000000000
52444  48.108  -24.373  38.927 0.0000000000
53382  48.281  -23.494  38.630 0.0000000000
53381  48.647  -22.536  38.464 0.0000000000
42564  26.877  -35.173  48.114 0.0000000000
42576  27.517  -35.070  47.521 0.0000000000
42563  27.613  -35.475  48.215 0.0000000000
41702  28.228  -35.839  48.280 0.0000000000
41689  28.060  -36.265  48.451 0.0000000000
40753  28.191  -36.589  48.309 0.0000000000
40754  27.645  -36.451  48.546 0.0000000000
60341  46.755  -16.380  35.822 0.0000000000
60364  46.628  -16.337  35.115 0.0000000000
61352  47.021  -15.508  36.248 0.0000000000
62262  47.414  -15.000  36.927 0.0000000000
127980  47.405  -15.403  37.663 0.0000000000
61334  47.778  -15.122  38.348 0.0000000000
61313  47.570  -16.169  40.014 0.0000000000
61324  47.717  -15.607  39.159 0.0000000000
61312  48.203  -16.214  40.348 0.0000000000
60254  48.355  -16.743  40.645 0.0000000000
41723  33.995  -36.096  45.809 0.0000000000
41736  34.165  -35.812  45.318 0.0000000000
119530  34.720  -36.131  45.560 0.0000000000
38708  35.834  -38.125  45.614 0.0000000000
40787  36.226  -36.726  45.336 0.0000000000
39802  36.426  -37.445  45.399 0.0000000000
40786  37.609  -36.609  44.967 0.0000000000
38706  37.631  -38.271  44.986 0.0000000000
70050  52.744  -6.897  28.882 0.0000000000
70066  53.675  -7.164  28.698 0.0000000000
70035  53.321  -7.173  29.712 0.0000000000
69076  53.620  -7.731  29.776 0.0000000000
70016  53.208  -7.467  30.392 0.0000000000
69998  52.399  -7.151  31.543 0.0000000000
69064  52.846  -7.479  31.008 0.0000000000
69046  52.433  -7.533  31.549 0.0000000000
68116  52.026  -7.622  32.092 0.0000000000
124989  46.953  -9.816  34.963 0.0000000000
132602  46.702  -9.812  34.214 0.0000000000
68058  47.551  -9.648  34.635 0.0000000000
68074  46.829  -8.657  34.811 0.0000000000
68073  47.050  -8.692  34.642 0.0000000000
68072  47.457  -8.897  34.209 0.0000000000
68090  48.108  -7.967  33.996 0.0000000000
140721  47.871  -9.481  34.342 0.0000000000
65227  49.254  -11.260  33.693 0.0000000000
66202  48.634  -10.520  33.965 0.0000000000
65241  48.966  -11.594  32.945 0.0000000000
64268  49.468  -12.365  32.627 0.0000000000
45502  46.063  -31.021  41.862 0.0000000000
46504  45.129  -30.267  42.514 0.0000000000
47534  45.431  -29.530  42.340 0.0000000000
119826  44.965  -27.249  42.344 0.0000000000
124191  44.575  -28.040  42.302 0.0000000000
49499  44.428  -27.427  42.105 0.0000000000
50529  44.369  -26.856  41.821 0.0000000000
51502  44.751  -25.765  41.819 0.0000000000
51508  44.385  -25.175  41.426 0.0000000000
132030  45.291  -25.793  42.020 0.0000000000
51499  46.333  -25.534  42.146 0.0000000000
51500  45.824  -25.050  42.041 0.0000000000
52422  46.218  -24.315  42.024 0.0000000000
52417  46.291  -23.848  41.898 0.0000000000
122038  46.477  -24.222  42.244 0.0000000000
53350  46.775  -23.512  42.280 0.0000000000
128379  47.164  -24.273  42.169 0.0000000000
118933  47.986  -25.838  40.097 0.0000000000
51506  47.966  -25.189  40.945 0.0000000000
51517  47.945  -25.576  39.406 0.0000000000
50547  47.818  -26.260  38.883 0.0000000000
42623  28.295  -34.783  44.654 0.0000000000
129721  28.896  -34.955  45.321 0.0000000000
41726  31.285  -35.667  46.096 0.0000000000
42585  30.429  -35.357  45.738 0.0000000000
42620  31.636  -35.341  44.264 0.0000000000
41738  32.810  -35.808  45.846 0.0000000000
41725  32.561  -36.232  46.593 0.0000000000
64255  46.344  -12.061  33.680 0.0000000000
65218  46.910  -11.541  34.932 0.0000000000
65173  48.524  -11.582  37.162 0.0000000000
131498  48.267  -11.162  36.768 0.0000000000
65172  49.202  -11.374  37.233 0.0000000000
65171  49.761  -11.216  37.148 0.0000000000
65170  50.367  -11.399  37.199 0.0000000000
64224  51.450  -12.103  36.514 0.0000000000
64208  51.055  -11.979  37.320 0.0000000000
136033  51.024  -13.504  38.370 0.0000000000
63195  51.792  -13.632  37.267 0.0000000000
62259  51.734  -14.168  37.673 0.0000000000
61351  52.549  -14.991  36.379 0.0000000000
61343  52.038  -14.874  37.335 0.0000000000
62242  49.597  -14.780  39.281 0.0000000000
62241  50.327  -14.829  39.216 0.0000000000
61321  50.848  -15.662  39.928 0.0000000000
59315  51.293  -16.845  39.205 0.0000000000
60285  51.335  -16.032  38.850 0.0000000000
122036  51.619  -16.833  38.094 0.0000000000
60301  52.224  -16.766  37.249 0.0000000000
42684  42.575  -35.353  40.773 0.0000000000
41772  43.159  -35.844  41.718 0.0000000000
40810  44.608  -35.853  42.151 0.0000000000
124165  44.492  -35.158  42.187 0.0000000000
41761  44.971  -35.011  42.222 0.0000000000
42655  44.585  -34.383  42.253 0.0000000000
41760  45.249  -34.890  42.073 0.0000000000
140139  45.076  -37.152  40.164 0.0000000000
39878  44.848  -36.952  39.446 0.0000000000
42683  45.665  -34.634  40.359 0.0000000000
41778  45.659  -35.451  40.467 0.0000000000
42670  45.657  -34.514  41.169 0.0000000000
43596  45.441  -33.674  42.000 0.0000000000
43595  45.695  -33.639  41.379 0.0000000000
44478  46.024  -32.164  41.637 0.0000000000
141372  45.886  -33.214  40.662 0.0000000000
44533  46.101  -32.145  38.960 0.0000000000
44493  46.481  -31.587  40.188 0.0000000000
45518  46.629  -31.089  39.547 0.0000000000
46573  46.750  -30.511  38.966 0.0000000000
128798  34.960  -35.128  44.113 0.0000000000
42638  35.144  -34.689  42.717 0.0000000000
42616  35.637  -34.879  43.563 0.0000000000
142304  39.508  -35.615  41.623 0.0000000000
126179  39.959  -36.186  40.910 0.0000000000
141776  40.502  -36.417  41.400 0.0000000000
40824  41.586  -36.501  41.517 0.0000000000
40825  40.985  -36.534  42.049 0.0000000000
39824  41.822  -37.302  43.343 0.0000000000
38751  42.715  -38.074  42.727 0.0000000000
38752  41.887  -38.613  42.870 0.0000000000
123879  39.738  -38.824  43.693 0.0000000000
37792  42.019  -39.307  41.414 0.0000000000
67211  55.279  -9.310  27.270 0.0000000000
66284  55.469  -9.745  26.342 0.0000000000
66299  54.868  -10.028  26.009 0.0000000000
67157  45.834  -8.901  32.441 0.0000000000
142447  45.675  -9.348  31.941 0.0000000000
121670  47.979  -6.315  30.820 0.0000000000
70022  47.118  -6.350  30.199 0.0000000000
70021  48.783  -6.302  30.192 0.0000000000
69017  50.112  -7.117  33.304 0.0000000000
69980  50.568  -6.953  33.076 0.0000000000
69035  50.922  -7.167  32.933 0.0000000000
68117  51.063  -7.765  32.664 0.0000000000
68103  48.475  -8.156  33.741 0.0000000000
68137  48.393  -9.081  32.046 0.0000000000
67169  48.094  -9.470  31.439 0.0000000000
48538  43.488  -29.017  41.661 0.0000000000
47513  43.118  -29.942  41.554 0.0000000000
53361  44.059  -23.451  41.354 0.0000000000
56353  43.290  -20.407  40.700 0.0000000000
58285  44.792  -18.634  40.590 0.0000000000
136261  43.936  -18.650  39.365 0.0000000000
59318  44.620  -18.032  39.343 0.0000000000
59327  44.772  -17.943  38.258 0.0000000000
140688  45.168  -17.654  39.680 0.0000000000
125162  45.629  -17.384  39.943 0.0000000000
59308  45.994  -17.714  40.582 0.0000000000
124647  47.283  -18.760  41.642 0.0000000000
58267  47.192  -18.308  41.441 0.0000000000
58266  47.729  -18.357  41.462 0.0000000000
58284  48.396  -17.892  41.143 0.0000000000
123541  48.249  -18.649  41.280 0.0000000000
55354  47.467  -21.248  41.997 0.0000000000
55353  48.174  -21.689  41.464 0.0000000000
119262  48.959  -22.024  39.548 0.0000000000
55369  49.091  -21.414  40.000 0.0000000000
56378  49.352  -20.595  39.855 0.0000000000
56377  49.902  -20.425  39.028 0.0000000000
55397  49.942  -21.164  38.571 0.0000000000
55413  49.773  -21.723  37.871 0.0000000000
47613  47.036  -29.030  38.489 0.0000000000
124238  47.095  -28.518  37.918 0.0000000000
119146  25.967  -35.026  48.042 0.0000000000
41704  26.339  -35.581  48.586 0.0000000000
41691  26.586  -36.003  48.903 0.0000000000
41692  25.804  -35.928  48.893 0.0000000000
60342  46.431  -16.995  35.319 0.0000000000
60317  46.844  -16.344  36.726 0.0000000000
60302  46.566  -16.361  38.203 0.0000000000
60286  46.558  -16.336  38.996 0.0000000000
60272  46.776  -16.557  39.775 0.0000000000
39788  34.104  -37.969  46.317 0.0000000000
40780  34.917  -36.937  45.937 0.0000000000
39787  34.949  -37.893  46.067 0.0000000000
38690  35.158  -38.811  45.768 0.0000000000
70037  51.872  -6.639  30.223 0.0000000000
70018  51.967  -6.761  31.281 0.0000000000
66151  48.655  -10.561  36.188 0.0000000000
119174  48.047  -10.279  35.667 0.0000000000
67096  48.817  -10.304  35.759 0.0000000000
67112  48.439  -9.993  35.128 0.0000000000
66187  49.684  -10.674  35.281 0.0000000000
141688  46.308  -30.025  41.545 0.0000000000
47533  46.164  -29.440  41.765 0.0000000000
48543  46.234  -28.583  41.738 0.0000000000
49498  45.469  -28.051  42.197 0.0000000000
49497  45.782  -27.126  42.151 0.0000000000
50527  45.337  -26.470  42.226 0.0000000000
50526  46.047  -26.343  42.117 0.0000000000
50535  46.779  -26.253  41.925 0.0000000000
51507  47.299  -25.681  41.697 0.0000000000
139447  47.476  -24.895  41.768 0.0000000000
50539  47.879  -26.704  40.138 0.0000000000
122168  29.641  -35.166  45.734 0.0000000000
42586  29.680  -35.434  46.703 0.0000000000
41715  30.232  -35.908  47.304 0.0000000000
41714  31.021  -35.970  47.068 0.0000000000
40774  32.111  -36.722  47.188 0.0000000000
141291  31.692  -37.062  47.623 0.0000000000
143679  46.805  -14.448  35.222 0.0000000000
63228  46.610  -14.078  34.783 0.0000000000
125671  46.836  -13.333  35.107 0.0000000000
64226  47.082  -12.881  35.829 0.0000000000
131607  47.099  -12.050  35.563 0.0000000000
64210  48.989  -12.021  37.772 0.0000000000
64197  50.295  -12.484  38.168 0.0000000000
63183  50.514  -13.254  38.499 0.0000000000
62249  51.231  -14.268  38.397 0.0000000000
60252  50.668  -16.205  40.297 0.0000000000
138533  51.211  -15.974  40.403 0.0000000000
60270  51.081  -16.389  40.371 0.0000000000
140562  51.240  -16.832  40.069 0.0000000000
58311  51.465  -17.622  38.365 0.0000000000
58329  51.759  -18.404  37.747 0.0000000000
58312  51.200  -18.433  38.577 0.0000000000
57317  51.093  -20.019  38.083 0.0000000000
40812  43.053  -36.913  42.618 0.0000000000
40811  43.842  -36.540  42.251 0.0000000000
39848  44.277  -36.688  42.185 0.0000000000
40822  44.882  -36.238  42.037 0.0000000000
126341  45.133  -36.245  39.221 0.0000000000
42695  45.621  -34.162  39.535 0.0000000000
43639  45.820  -33.348  39.932 0.0000000000
43654  45.741  -33.146  39.004 0.0000000000
126107  37.252  -35.160  44.231 0.0000000000
42637  36.571  -34.638  43.348 0.0000000000
42614  37.095  -34.758  43.719 0.0000000000
134346  38.167  -34.588  42.705 0.0000000000
42657  38.811  -34.913  42.564 0.0000000000
129418  39.403  -35.393  42.389 0.0000000000
41765  39.793  -35.762  42.977 0.0000000000
41764  40.552  -36.217  42.721 0.0000000000
40803  40.623  -36.581  43.423 0.0000000000
39812  40.628  -36.775  43.613 0.0000000000
39825  40.970  -37.280  43.712 0.0000000000
69095  55.425  -8.173  27.361 0.0000000000
68177  55.315  -8.967  27.449 0.0000000000
67212  54.992  -9.545  27.811 0.0000000000
67174  52.725  -9.180  30.776 0.0000000000
68104  46.602  -7.915  33.890 0.0000000000
69036  46.476  -7.155  33.208 0.0000000000
69048  46.200  -6.892  32.296 0.0000000000
70004  46.674  -6.538  31.684 0.0000000000
70002  48.302  -6.343  31.885 0.0000000000
139704  49.848  -6.494  32.099 0.0000000000
69958  49.762  -6.943  33.374 0.0000000000
66203  47.948  -10.139  33.251 0.0000000000
140325  47.944  -9.535  32.826 0.0000000000
66216  47.755  -10.147  32.265 0.0000000000
66217  47.669  -10.460  31.561 0.0000000000
43574  43.296  -33.397  41.505 0.0000000000
140934  43.617  -27.722  41.197 0.0000000000
49504  43.368  -28.392  41.226 0.0000000000
50541  43.183  -26.812  40.202 0.0000000000
119448  42.845  -26.648  39.359 0.0000000000
54331  44.805  -22.756  41.607 0.0000000000
131823  43.645  -21.829  41.092 0.0000000000
55355  44.130  -21.192  41.346 0.0000000000
56352  43.874  -20.443  41.089 0.0000000000
57269  43.647  -19.931  40.779 0.0000000000
58287  43.265  -19.344  40.056 0.0000000000
58271  44.477  -19.123  40.849 0.0000000000
58270  45.342  -18.879  40.993 0.0000000000
59299  45.661  -18.325  40.816 0.0000000000
58253  46.402  -19.062  41.498 0.0000000000
58252  46.834  -18.879  41.647 0.0000000000
57252  47.129  -19.486  41.850 0.0000000000
53368  48.527  -23.581  40.483 0.0000000000
53358  48.726  -22.874  40.632 0.0000000000
53367  48.540  -23.230  40.086 0.0000000000
122012  48.574  -22.696  39.646 0.0000000000
54382  48.855  -22.154  39.121 0.0000000000
55398  49.435  -21.665  38.647 0.0000000000
42603  27.860  -34.859  45.763 0.0000000000
42588  27.417  -34.953  46.692 0.0000000000
42587  28.160  -35.024  46.898 0.0000000000
41717  28.861  -35.781  47.932 0.0000000000
41688  28.813  -36.175  48.158 0.0000000000
39741  29.313  -36.947  47.995 0.0000000000
39760  29.202  -37.342  47.903 0.0000000000
39742  28.636  -36.913  48.140 0.0000000000
39743  27.935  -36.911  48.331 0.0000000000
40755  26.910  -36.324  48.769 0.0000000000
62278  46.923  -14.841  35.598 0.0000000000
62271  47.545  -14.243  36.857 0.0000000000
63186  48.733  -13.737  38.263 0.0000000000
62253  48.301  -14.376  38.287 0.0000000000
62243  48.919  -14.974  39.317 0.0000000000
61322  49.307  -15.434  39.654 0.0000000000
61323  48.426  -15.586  39.725 0.0000000000
60271  49.911  -15.971  39.837 0.0000000000
60253  49.433  -16.529  40.230 0.0000000000
122692  49.150  -17.730  40.511 0.0000000000
38784  43.721  -38.455  40.824 0.0000000000
42618  33.390  -35.414  44.203 0.0000000000
42640  33.768  -35.171  43.454 0.0000000000
42617  34.217  -35.279  44.153 0.0000000000
41750  34.712  -35.533  44.797 0.0000000000
41749  35.622  -35.289  44.419 0.0000000000
40788  35.530  -36.478  45.463 0.0000000000
138421  36.116  -36.142  45.178 0.0000000000
41748  36.463  -35.600  44.720 0.0000000000
41734  37.421  -35.801  44.705 0.0000000000
40785  38.427  -36.646  44.606 0.0000000000
39814  39.185  -37.115  44.357 0.0000000000
38722  38.515  -38.142  44.540 0.0000000000
37752  38.799  -38.977  44.124 0.0000000000
37753  38.193  -39.797  43.994 0.0000000000
69075  54.129  -8.014  29.148 0.0000000000
68159  54.095  -8.512  29.092 0.0000000000
69062  53.721  -8.136  29.681 0.0000000000
68147  53.079  -8.341  30.762 0.0000000000
68132  52.858  -7.856  31.073 0.0000000000
68148  52.894  -8.619  31.039 0.0000000000
67165  52.379  -8.713  31.425 0.0000000000
67166  51.457  -8.872  31.642 0.0000000000
130566  46.317  -9.746  33.315 0.0000000000
127387  46.634  -8.944  34.038 0.0000000000
67115  46.967  -9.138  34.685 0.0000000000
68091  46.949  -8.419  34.646 0.0000000000
69001  47.118  -7.583  34.435 0.0000000000
69000  47.515  -7.503  34.298 0.0000000000
69942  48.046  -7.144  34.189 0.0000000000
66189  47.977  -9.877  33.936 0.0000000000
139453  48.052  -9.781  34.530 0.0000000000
64269  48.705  -11.986  32.253 0.0000000000
45494  44.855  -31.549  42.513 0.0000000000
131811  44.316  -31.013  42.452 0.0000000000
47511  43.980  -29.644  42.292 0.0000000000
138226  43.759  -29.140  42.012 0.0000000000
48535  44.928  -28.792  42.434 0.0000000000
48536  44.170  -28.798  42.271 0.0000000000
48537  43.845  -28.477  41.922 0.0000000000
50530  43.970  -27.209  41.429 0.0000000000
135542  43.919  -26.508  41.116 0.0000000000
124092  43.881  -25.183  40.817 0.0000000000
52434  43.555  -24.395  40.433 0.0000000000
52425  44.661  -24.060  41.603 0.0000000000
51501  45.357  -24.950  41.838 0.0000000000
52424  45.407  -24.119  41.682 0.0000000000
53352  45.122  -23.421  41.633 0.0000000000
53342  46.184  -23.369  41.734 0.0000000000
54310  45.920  -22.904  41.830 0.0000000000
55331  46.331  -22.144  42.063 0.0000000000
55341  46.420  -21.340  42.231 0.0000000000
54328  47.003  -22.553  42.331 0.0000000000
53349  47.583  -23.028  42.019 0.0000000000
53359  48.259  -23.520  41.242 0.0000000000
52428  48.288  -24.275  40.663 0.0000000000
52433  48.299  -24.006  40.025 0.0000000000
52439  48.072  -24.629  39.428 0.0000000000
42641  32.158  -35.241  43.541 0.0000000000
42621  30.749  -35.133  44.143 0.0000000000
42619  32.525  -35.447  44.282 0.0000000000
42600  33.029  -35.632  44.988 0.0000000000
41737  33.549  -35.846  45.535 0.0000000000
141063  33.510  -36.805  46.536 0.0000000000
40773  32.945  -36.898  46.964 0.0000000000
39789  33.608  -37.424  46.623 0.0000000000
66190  46.840  -10.626  34.528 0.0000000000
66171  47.199  -10.570  35.272 0.0000000000
131258  47.876  -11.147  36.392 0.0000000000
66152  48.277  -10.734  36.333 0.0000000000
66126  49.286  -10.948  36.703 0.0000000000
66125  49.857  -10.987  36.676 0.0000000000
66148  50.639  -11.219  36.248 0.0000000000
65201  51.596  -12.255  35.326 0.0000000000
64234  51.674  -12.272  35.814 0.0000000000
64223  51.816  -12.841  36.133 0.0000000000
63216  52.133  -13.725  35.560 0.0000000000
63206  52.009  -13.543  36.513 0.0000000000
62250  50.661  -14.086  38.806 0.0000000000
61332  51.191  -15.209  38.669 0.0000000000
61320  51.152  -15.747  39.835 0.0000000000
61344  51.655  -15.436  37.905 0.0000000000
123303  52.342  -15.799  37.064 0.0000000000
42685  41.910  -35.297  39.843 0.0000000000
43598  42.915  -34.263  41.063 0.0000000000
43597  43.525  -34.261  41.607 0.0000000000
124868  43.960  -33.823  42.044 0.0000000000
43573  44.611  -33.324  42.282 0.0000000000
140707  44.339  -32.624  42.263 0.0000000000
39862  44.824  -37.512  40.704 0.0000000000
40821  45.349  -36.131  41.543 0.0000000000
41779  45.656  -35.659  41.114 0.0000000000
41770  45.499  -35.223  41.620 0.0000000000
42671  45.452  -34.378  41.841 0.0000000000
43572  45.230  -33.142  42.235 0.0000000000
44466  44.706  -32.382  42.386 0.0000000000
44465  45.429  -32.151  42.183 0.0000000000
44464  45.905  -31.598  41.937 0.0000000000
45501  46.275  -31.442  41.426 0.0000000000
44510  46.152  -32.464  40.276 0.0000000000
46533  46.413  -30.602  41.322 0.0000000000
46555  46.727  -30.408  40.484 0.0000000000
47564  46.941  -29.610  40.165 0.0000000000
47593  47.051  -29.399  39.502 0.0000000000
120597  47.209  -28.816  39.866 0.0000000000
125454  46.969  -29.628  38.996 0.0000000000
46586  46.813  -29.924  38.424 0.0000000000
46587  46.566  -30.217  37.791 0.0000000000
45543  46.181  -31.110  37.669 0.0000000000
45561  45.949  -31.106  36.952 0.0000000000
42658  34.145  -34.880  42.583 0.0000000000
43557  36.057  -34.491  42.752 0.0000000000
40835  41.420  -36.428  40.457 0.0000000000
40823  42.558  -36.566  42.213 0.0000000000
40814  41.280  -36.608  43.061 0.0000000000
40801  42.095  -36.896  43.024 0.0000000000
141447  43.071  -37.519  42.752 0.0000000000
38767  43.040  -38.518  42.019 0.0000000000
38720  40.089  -37.681  44.033 0.0000000000
38737  40.719  -38.227  43.597 0.0000000000
37769  41.183  -38.642  43.165 0.0000000000
37780  41.084  -39.218  42.588 0.0000000000
37793  41.612  -39.323  42.090 0.0000000000
42567  23.785  -35.414  48.266 0.0000000000
67229  56.016  -9.335  25.780 0.0000000000
69999  51.265  -6.691  31.818 0.0000000000
70000  50.610  -6.700  32.402 0.0000000000
69979  51.398  -6.992  32.575 0.0000000000
134206  51.116  -8.338  32.269 0.0000000000
67167  50.144  -8.862  31.756 0.0000000000
68102  49.380  -7.402  33.529 0.0000000000
68119  49.334  -8.025  33.189 0.0000000000
67177  49.416  -9.357  30.685 0.0000000000
59357  45.024  -17.898  36.165 0.0000000000
46507  43.334  -30.582  41.858 0.0000000000
58301  43.521  -18.977  39.752 0.0000000000
59341  44.159  -18.478  37.590 0.0000000000
59340  44.918  -17.917  37.197 0.0000000000
59326  45.523  -17.378  37.844 0.0000000000
60273  46.052  -16.856  39.455 0.0000000000
60256  47.099  -16.922  40.447 0.0000000000
59298  46.423  -18.104  41.006 0.0000000000
59297  47.133  -17.813  41.137 0.0000000000
59296  47.745  -17.239  41.087 0.0000000000
59306  48.155  -17.299  41.113 0.0000000000
131106  46.911  -20.970  42.261 0.0000000000
56351  47.314  -20.384  41.977 0.0000000000
56350  47.741  -19.870  41.604 0.0000000000
135272  48.743  -22.165  40.955 0.0000000000
55370  48.664  -21.315  40.813 0.0000000000
56366  48.345  -20.190  41.049 0.0000000000
126026  48.962  -19.877  40.545 0.0000000000
58300  49.842  -18.853  39.905 0.0000000000
57300  50.181  -19.447  39.245 0.0000000000
124554  50.507  -20.000  38.625 0.0000000000
134354  50.704  -21.037  37.606 0.0000000000
48576  47.633  -27.821  39.024 0.0000000000
48590  47.583  -27.454  38.490 0.0000000000
48603  47.092  -28.018  37.304 0.0000000000
48591  47.374  -27.741  37.917 0.0000000000
49536  47.698  -26.808  38.525 0.0000000000
50553  47.755  -26.237  38.313 0.0000000000
38735  42.183  -37.808  43.176 0.0000000000
38750  43.349  -37.780  42.413 0.0000000000
39801  37.243  -37.471  45.160 0.0000000000
40796  38.212  -36.045  44.551 0.0000000000
40834  45.572  -36.142  40.675 0.0000000000
40844  45.352  -36.584  40.039 0.0000000000
41690  27.340  -36.127  48.736 0.0000000000
41701  29.302  -36.154  47.989 0.0000000000
41727  30.463  -35.600  46.535 0.0000000000
41739  32.120  -35.833  46.144 0.0000000000
41746  39.179  -35.867  44.004 0.0000000000
41788  45.549  -35.081  39.729 0.0000000000
44509  46.325  -31.866  39.557 0.0000000000
45503  43.125  -31.375  41.762 0.0000000000
45511  46.565  -31.183  40.745 0.0000000000
46505  44.404  -30.284  42.510 0.0000000000
47512  43.546  -29.784  41.928 0.0000000000
47632  46.831  -29.343  37.873 0.0000000000
49508  47.678  -27.458  40.262 0.0000000000
49524  47.773  -27.035  38.962 0.0000000000
51509  44.030  -25.862  41.115 0.0000000000
52423  45.905  -24.371  41.819 0.0000000000
52429  47.844  -24.330  41.458 0.0000000000
52430  44.050  -24.313  41.100 0.0000000000
53343  45.699  -23.440  41.559 0.0000000000
53351  46.413  -23.708  42.061 0.0000000000
53353  44.605  -23.273  41.598 0.0000000000
54309  46.226  -22.762  42.094 0.0000000000
54311  45.873  -22.825  41.636 0.0000000000
54330  45.238  -22.824  41.571 0.0000000000
54349  47.551  -22.138  42.019 0.0000000000
55330  46.437  -22.305  42.234 0.0000000000
55332  45.951  -22.290  41.831 0.0000000000
56337  45.777  -20.517  41.777 0.0000000000
56339  44.565  -20.544  41.331 0.0000000000
56390  50.538  -20.714  38.194 0.0000000000
57255  45.556  -19.892  41.432 0.0000000000
57256  44.955  -20.008  41.304 0.0000000000
57284  48.362  -19.331  41.110 0.0000000000
57285  43.763  -19.438  40.596 0.0000000000
57286  43.194  -19.803  40.350 0.0000000000
58269  46.128  -18.673  41.174 0.0000000000
59307  46.744  -17.522  40.760 0.0000000000
59309  44.287  -18.517  40.025 0.0000000000
60244  47.345  -17.271  40.892 0.0000000000
61325  47.089  -16.009  39.337 0.0000000000
62272  47.234  -14.536  36.255 0.0000000000
63196  51.455  -13.472  37.889 0.0000000000
64209  50.561  -11.972  37.778 0.0000000000
64243  46.612  -12.274  34.291 0.0000000000
65188  50.388  -11.168  36.669 0.0000000000
65190  47.502  -11.954  36.203 0.0000000000
65202  51.269  -11.704  35.922 0.0000000000
66153  47.801  -10.571  35.809 0.0000000000
66188  48.842  -10.238  34.808 0.0000000000
66271  55.262  -9.641  27.092 0.0000000000
67114  47.336  -9.731  35.040 0.0000000000
67140  46.228  -8.796  33.247 0.0000000000
67230  55.330  -9.730  25.607 0.0000000000
68999  47.932  -7.515  34.207 0.0000000000
69037  46.015  -7.361  32.457 0.0000000000
69047  51.977  -7.221  32.066 0.0000000000
70001  49.174  -6.497  32.397 0.0000000000
70003  47.525  -6.355  31.524 0.0000000000
119933  34.333  -37.378  46.230 0.0000000000
120264  46.043  -32.744  41.169 0.0000000000
120995  46.254  -24.753  42.165 0.0000000000
126382  46.597  -29.017  41.242 0.0000000000
126873  48.717  -22.626  40.061 0.0000000000
127613  36.853  -36.883  45.228 0.0000000000
132575  44.983  -22.219  41.649 0.0000000000
132581  44.443  -22.021  41.509 0.0000000000
133863  44.831  -30.852  42.570 0.0000000000
134334  43.221  -19.031  38.884 0.0000000000
134407  46.871  -16.081  37.592 0.0000000000
134804  46.385  -23.270  41.966 0.0000000000
135369  48.018  -19.586  41.368 0.0000000000
135798  31.396  -36.612  47.380 0.0000000000
136759  44.147  -28.088  42.097 0.0000000000
137761  39.200  -35.320  42.990 0.0000000000
138545  27.669  -35.933  48.591 0.0000000000
139085  47.932  -9.118  34.107 0.0000000000
141603  45.670  -34.013  40.076 0.0000000000
141617  29.469  -35.018  45.090 0.0000000000
142172  46.058  -6.801  31.748 0.0000000000
142548  43.662  -35.383  41.864 0.0000000000
