#!ascii label  , from subject sub-v1s0x0050642_ses-1 vox2ras=TkReg
2172
64314  45.034  -12.551  27.123 0.0000000000
38855  38.982  -37.759  35.777 0.0000000000
40826  24.508  -36.630  41.159 0.0000000000
33957  20.886  -43.774  42.558 0.0000000000
36688  33.984  -40.124  45.068 0.0000000000
130518  29.481  -37.180  36.693 0.0000000000
137229  46.955  -20.179  23.506 0.0000000000
67240  53.837  -9.530  24.652 0.0000000000
54437  49.363  -21.633  33.582 0.0000000000
47789  38.676  -29.626  28.368 0.0000000000
143568  26.819  -36.861  27.708 0.0000000000
39791  25.177  -37.534  45.936 0.0000000000
135985  22.076  -39.670  41.072 0.0000000000
36695  21.315  -39.241  47.130 0.0000000000
37774  28.457  -39.324  43.655 0.0000000000
59374  52.845  -17.969  34.989 0.0000000000
38785  43.146  -38.749  41.209 0.0000000000
42728  44.937  -34.352  37.274 0.0000000000
47684  44.218  -29.831  34.144 0.0000000000
42784  38.729  -34.463  30.999 0.0000000000
44698  32.504  -32.809  26.928 0.0000000000
41878  33.499  -36.108  31.470 0.0000000000
33995  27.942  -43.091  37.379 0.0000000000
34001  32.343  -44.378  35.132 0.0000000000
66289  49.489  -11.093  26.707 0.0000000000
66335  48.033  -10.291  21.891 0.0000000000
38875  24.663  -37.800  33.808 0.0000000000
37878  21.552  -39.525  34.980 0.0000000000
36773  36.798  -40.456  40.728 0.0000000000
39948  33.659  -38.033  35.157 0.0000000000
38787  32.417  -37.939  40.641 0.0000000000
39901  27.544  -37.060  38.228 0.0000000000
59474  45.011  -17.370  27.132 0.0000000000
129374  20.898  -43.678  48.789 0.0000000000
30093  18.136  -46.687  44.086 0.0000000000
67176  50.690  -9.452  30.707 0.0000000000
64276  48.489  -12.478  31.622 0.0000000000
60434  50.418  -17.015  29.777 0.0000000000
54537  48.387  -21.633  27.664 0.0000000000
55547  42.779  -21.778  27.780 0.0000000000
130404  48.001  -24.677  38.207 0.0000000000
51604  43.426  -25.372  31.857 0.0000000000
51684  37.587  -25.170  25.162 0.0000000000
48802  32.326  -28.285  24.442 0.0000000000
37892  28.342  -38.301  32.770 0.0000000000
39746  25.555  -36.665  48.830 0.0000000000
132658  23.116  -37.510  46.818 0.0000000000
133142  22.854  -37.146  48.994 0.0000000000
38663  27.758  -37.619  48.005 0.0000000000
38809  41.733  -38.777  38.306 0.0000000000
40908  42.512  -36.940  35.454 0.0000000000
42756  42.128  -34.259  34.165 0.0000000000
40929  39.110  -36.347  33.213 0.0000000000
41887  36.455  -35.303  30.802 0.0000000000
40931  36.485  -36.435  33.345 0.0000000000
124042  27.653  -43.324  34.345 0.0000000000
136316  29.719  -45.631  34.694 0.0000000000
65292  47.843  -11.269  26.954 0.0000000000
65311  46.474  -11.470  24.870 0.0000000000
63316  43.474  -13.670  24.147 0.0000000000
41818  24.696  -35.469  37.007 0.0000000000
39967  23.079  -36.959  33.628 0.0000000000
132728  22.935  -37.584  38.118 0.0000000000
35777  21.458  -41.895  41.557 0.0000000000
35810  20.716  -41.584  38.342 0.0000000000
33971  19.866  -43.011  39.245 0.0000000000
32079  18.852  -45.391  40.285 0.0000000000
37771  38.861  -39.598  43.445 0.0000000000
122703  35.691  -40.929  42.876 0.0000000000
37808  34.633  -39.741  40.307 0.0000000000
36748  33.819  -40.556  43.123 0.0000000000
38758  26.424  -37.758  42.612 0.0000000000
38774  28.280  -38.462  41.578 0.0000000000
139854  25.848  -36.696  39.626 0.0000000000
131424  25.853  -37.384  36.638 0.0000000000
57447  46.731  -18.981  25.943 0.0000000000
59510  46.997  -17.459  24.470 0.0000000000
58539  46.511  -18.455  22.103 0.0000000000
30087  16.703  -48.001  45.823 0.0000000000
62336  49.306  -15.060  31.051 0.0000000000
62315  51.296  -14.612  32.985 0.0000000000
56431  51.243  -20.679  34.491 0.0000000000
56467  50.995  -20.441  31.911 0.0000000000
133619  48.936  -21.706  30.810 0.0000000000
55532  45.433  -21.801  27.832 0.0000000000
55489  46.581  -21.587  31.033 0.0000000000
47733  41.464  -29.828  30.982 0.0000000000
49609  43.877  -27.278  32.908 0.0000000000
49657  40.876  -27.822  29.716 0.0000000000
51643  40.945  -25.294  28.708 0.0000000000
49725  38.520  -27.548  26.599 0.0000000000
49766  35.179  -27.218  24.388 0.0000000000
48768  35.717  -29.003  26.000 0.0000000000
44735  29.158  -32.437  25.796 0.0000000000
40896  31.725  -36.383  36.220 0.0000000000
40933  31.283  -36.674  33.788 0.0000000000
131776  29.150  -37.565  34.708 0.0000000000
34949  32.419  -43.304  32.362 0.0000000000
69179  54.606  -7.702  20.570 0.0000000000
68239  52.424  -8.559  21.766 0.0000000000
140584  24.663  -37.341  44.098 0.0000000000
39856  22.641  -37.575  41.262 0.0000000000
38727  22.602  -37.770  43.759 0.0000000000
37775  21.793  -39.385  43.985 0.0000000000
125847  21.652  -41.743  44.250 0.0000000000
37704  32.042  -39.095  46.750 0.0000000000
36716  31.277  -39.899  44.768 0.0000000000
123268  29.396  -38.870  46.578 0.0000000000
38710  26.829  -38.148  45.396 0.0000000000
62290  52.326  -14.361  34.912 0.0000000000
55411  50.991  -20.968  37.141 0.0000000000
124288  44.549  -32.282  35.763 0.0000000000
44625  41.895  -32.229  32.859 0.0000000000
44666  38.374  -32.260  29.806 0.0000000000
45694  35.418  -31.311  27.287 0.0000000000
43755  36.492  -33.760  29.106 0.0000000000
42810  33.484  -34.462  29.371 0.0000000000
41903  30.499  -35.288  29.735 0.0000000000
36806  29.075  -40.732  37.691 0.0000000000
136417  30.042  -41.703  35.854 0.0000000000
33020  30.984  -44.380  37.426 0.0000000000
66302  51.651  -10.283  25.254 0.0000000000
67274  50.717  -9.727  22.702 0.0000000000
134726  49.335  -10.404  23.601 0.0000000000
37862  21.804  -39.820  37.682 0.0000000000
37794  40.254  -39.806  41.098 0.0000000000
37852  38.017  -39.179  38.035 0.0000000000
38858  35.390  -38.550  35.714 0.0000000000
122413  35.641  -39.666  38.186 0.0000000000
142235  33.627  -38.067  38.381 0.0000000000
40863  30.495  -36.513  38.358 0.0000000000
38753  30.727  -38.895  42.171 0.0000000000
39866  29.648  -37.345  40.078 0.0000000000
39917  28.835  -37.354  37.544 0.0000000000
36809  27.104  -40.210  37.672 0.0000000000
36822  25.390  -40.561  36.079 0.0000000000
129191  43.588  -15.374  27.634 0.0000000000
136292  43.490  -15.242  24.146 0.0000000000
60469  45.855  -16.233  25.906 0.0000000000
35729  21.830  -41.447  47.730 0.0000000000
33916  21.394  -43.724  45.324 0.0000000000
31133  20.055  -45.798  46.252 0.0000000000
32069  19.629  -45.577  43.439 0.0000000000
66274  52.739  -10.374  27.897 0.0000000000
66262  49.670  -10.719  28.447 0.0000000000
66244  47.521  -10.596  29.278 0.0000000000
141946  46.311  -13.081  29.622 0.0000000000
61460  46.367  -15.158  29.826 0.0000000000
58455  47.281  -18.397  28.949 0.0000000000
57435  48.842  -19.555  26.854 0.0000000000
60411  52.108  -17.032  31.430 0.0000000000
56504  50.763  -19.979  27.939 0.0000000000
137886  48.127  -21.411  25.392 0.0000000000
140036  45.243  -21.701  24.982 0.0000000000
55581  42.783  -21.322  25.620 0.0000000000
54418  48.631  -22.342  36.961 0.0000000000
49564  46.684  -27.583  35.988 0.0000000000
51561  46.179  -25.425  34.864 0.0000000000
54451  45.351  -22.320  33.462 0.0000000000
54492  42.783  -22.883  30.248 0.0000000000
54543  40.004  -23.113  27.011 0.0000000000
139267  32.207  -31.030  25.760 0.0000000000
39989  33.666  -37.500  33.394 0.0000000000
40974  30.272  -36.498  31.493 0.0000000000
40009  27.657  -37.733  30.375 0.0000000000
36848  29.716  -41.415  33.838 0.0000000000
36874  29.071  -41.007  30.954 0.0000000000
39747  24.519  -36.741  48.897 0.0000000000
40758  23.460  -36.393  49.110 0.0000000000
38840  40.338  -38.074  36.666 0.0000000000
38838  41.958  -38.096  36.943 0.0000000000
39944  40.504  -37.505  35.240 0.0000000000
40920  40.947  -36.874  34.332 0.0000000000
132695  39.237  -36.973  34.341 0.0000000000
40930  38.334  -36.393  33.253 0.0000000000
39959  37.450  -37.322  34.811 0.0000000000
65276  45.985  -11.885  27.555 0.0000000000
64312  44.761  -12.447  25.253 0.0000000000
63308  43.187  -13.620  24.112 0.0000000000
40852  24.381  -36.153  39.731 0.0000000000
131659  23.784  -36.098  38.138 0.0000000000
40853  23.624  -36.559  40.126 0.0000000000
34880  21.255  -42.556  41.769 0.0000000000
34891  20.773  -42.676  40.582 0.0000000000
33965  20.517  -43.361  41.122 0.0000000000
33968  19.574  -44.094  40.231 0.0000000000
33006  19.893  -44.055  40.941 0.0000000000
38691  34.268  -38.644  46.080 0.0000000000
37737  35.295  -39.573  45.377 0.0000000000
125725  36.852  -40.529  44.143 0.0000000000
35739  34.928  -40.708  43.925 0.0000000000
35763  34.444  -40.686  43.222 0.0000000000
35741  33.551  -40.431  44.222 0.0000000000
123052  25.686  -37.167  41.807 0.0000000000
119666  26.193  -37.353  41.265 0.0000000000
40837  25.082  -36.437  40.332 0.0000000000
40864  25.202  -35.774  38.300 0.0000000000
57468  47.443  -20.008  23.987 0.0000000000
58526  46.712  -18.587  23.530 0.0000000000
57478  46.295  -19.271  22.378 0.0000000000
65225  51.017  -11.937  34.434 0.0000000000
64266  50.907  -13.160  33.372 0.0000000000
64252  51.502  -13.248  34.446 0.0000000000
55447  50.408  -21.361  34.365 0.0000000000
55472  50.179  -21.205  32.818 0.0000000000
54462  49.103  -21.689  32.542 0.0000000000
137741  47.407  -21.713  30.943 0.0000000000
136611  47.891  -21.656  32.019 0.0000000000
47754  40.161  -30.045  29.872 0.0000000000
48711  41.403  -28.959  30.698 0.0000000000
48731  39.981  -28.615  28.832 0.0000000000
49678  39.943  -27.983  28.429 0.0000000000
48751  38.291  -28.615  27.284 0.0000000000
48767  36.673  -28.669  26.114 0.0000000000
47801  36.775  -29.625  27.275 0.0000000000
39933  29.792  -36.925  36.065 0.0000000000
40912  29.890  -36.677  35.177 0.0000000000
132961  29.349  -38.016  35.460 0.0000000000
68238  53.638  -8.523  22.540 0.0000000000
67271  52.971  -8.987  23.052 0.0000000000
39804  24.927  -37.491  45.099 0.0000000000
39817  23.393  -37.407  44.196 0.0000000000
39805  24.249  -37.392  45.483 0.0000000000
38697  21.779  -38.368  46.891 0.0000000000
118971  21.868  -38.332  45.853 0.0000000000
36703  21.312  -39.952  45.713 0.0000000000
121786  21.578  -40.970  44.485 0.0000000000
129282  21.490  -40.881  45.328 0.0000000000
128442  31.253  -38.026  47.511 0.0000000000
37706  30.636  -38.846  46.971 0.0000000000
38677  29.567  -38.158  47.453 0.0000000000
39777  26.433  -37.541  47.641 0.0000000000
133130  27.015  -38.102  46.135 0.0000000000
38695  26.226  -37.826  46.013 0.0000000000
38741  25.959  -37.768  44.098 0.0000000000
41814  44.554  -35.763  37.527 0.0000000000
42707  45.535  -34.108  38.677 0.0000000000
43663  45.591  -33.353  38.132 0.0000000000
45544  45.810  -31.735  37.194 0.0000000000
136021  44.721  -33.703  36.616 0.0000000000
42767  40.289  -34.497  32.499 0.0000000000
43702  41.388  -33.461  33.128 0.0000000000
43726  40.378  -33.015  31.900 0.0000000000
45641  40.030  -32.133  31.002 0.0000000000
44656  38.645  -32.873  30.299 0.0000000000
44668  36.858  -32.899  28.835 0.0000000000
43742  37.620  -33.847  29.805 0.0000000000
41877  34.369  -35.662  31.443 0.0000000000
42797  35.326  -34.779  29.961 0.0000000000
42798  33.606  -34.932  30.125 0.0000000000
41902  31.295  -35.015  29.529 0.0000000000
41891  32.240  -35.682  30.325 0.0000000000
34899  28.674  -42.628  38.373 0.0000000000
34898  29.698  -42.986  38.226 0.0000000000
33984  29.395  -43.852  38.069 0.0000000000
119496  50.321  -10.838  26.152 0.0000000000
66311  50.382  -10.423  24.672 0.0000000000
140111  49.024  -10.826  25.144 0.0000000000
126165  45.400  -11.791  23.530 0.0000000000
36850  24.308  -39.970  33.367 0.0000000000
37900  24.131  -39.044  32.709 0.0000000000
129761  22.346  -38.339  41.601 0.0000000000
38791  22.387  -38.321  40.150 0.0000000000
36794  21.845  -39.731  39.455 0.0000000000
34909  20.077  -42.152  37.912 0.0000000000
35818  20.481  -41.494  37.427 0.0000000000
36759  37.633  -40.336  41.781 0.0000000000
141966  39.998  -39.829  42.017 0.0000000000
36772  38.267  -39.867  40.587 0.0000000000
37818  39.602  -39.532  39.618 0.0000000000
37820  38.041  -39.617  39.359 0.0000000000
37838  36.707  -39.556  37.917 0.0000000000
36791  36.379  -40.157  39.571 0.0000000000
124472  33.928  -39.460  40.953 0.0000000000
119073  34.316  -39.090  39.473 0.0000000000
38799  32.857  -37.780  39.822 0.0000000000
39898  32.736  -37.049  38.428 0.0000000000
125501  31.755  -36.857  39.559 0.0000000000
37756  29.980  -39.788  44.081 0.0000000000
37772  30.973  -39.881  43.540 0.0000000000
37786  29.529  -39.454  42.895 0.0000000000
38790  28.224  -37.595  40.172 0.0000000000
38789  29.033  -37.791  40.485 0.0000000000
39867  28.890  -37.339  39.665 0.0000000000
129235  28.930  -37.040  38.831 0.0000000000
39900  28.398  -37.082  38.205 0.0000000000
37859  28.179  -38.971  37.427 0.0000000000
39919  27.022  -37.335  37.545 0.0000000000
132313  25.238  -37.622  35.436 0.0000000000
37870  25.610  -39.242  36.447 0.0000000000
36828  24.786  -39.533  35.086 0.0000000000
60450  43.779  -16.738  27.443 0.0000000000
124305  43.762  -16.345  25.486 0.0000000000
122650  44.485  -16.741  26.359 0.0000000000
60523  47.742  -16.817  24.598 0.0000000000
33867  21.715  -42.876  47.980 0.0000000000
121523  21.700  -43.064  46.201 0.0000000000
32985  21.208  -44.081  46.672 0.0000000000
136526  18.587  -46.948  45.926 0.0000000000
31135  18.998  -46.543  45.412 0.0000000000
32065  20.125  -45.492  44.607 0.0000000000
31143  19.240  -45.891  43.875 0.0000000000
31150  18.885  -45.973  42.247 0.0000000000
31148  18.530  -46.301  42.605 0.0000000000
66273  53.694  -10.200  27.687 0.0000000000
66241  51.471  -10.135  29.453 0.0000000000
66232  50.761  -9.968  29.855 0.0000000000
133103  48.930  -10.662  28.590 0.0000000000
67191  48.825  -9.834  29.885 0.0000000000
65249  47.554  -11.149  31.253 0.0000000000
133930  47.288  -10.994  30.597 0.0000000000
63268  47.462  -12.606  30.603 0.0000000000
132077  46.593  -13.707  29.863 0.0000000000
63278  47.474  -13.623  30.427 0.0000000000
130607  49.897  -16.534  30.192 0.0000000000
60416  48.165  -16.292  30.238 0.0000000000
59444  48.901  -17.684  29.411 0.0000000000
57425  48.339  -19.139  27.756 0.0000000000
58475  50.019  -18.754  28.123 0.0000000000
127547  52.882  -15.637  34.665 0.0000000000
61398  52.169  -15.545  33.722 0.0000000000
59393  52.552  -17.193  33.439 0.0000000000
122097  49.983  -21.482  29.668 0.0000000000
56490  51.110  -20.406  29.613 0.0000000000
55530  50.126  -21.109  27.826 0.0000000000
56513  49.437  -20.759  26.451 0.0000000000
55560  48.331  -21.487  26.151 0.0000000000
54570  46.931  -21.787  25.513 0.0000000000
54556  46.974  -21.842  26.524 0.0000000000
55533  44.482  -21.707  28.346 0.0000000000
137178  44.339  -21.787  26.869 0.0000000000
120287  42.875  -21.672  26.942 0.0000000000
124968  41.230  -21.480  26.338 0.0000000000
53392  48.091  -23.745  37.791 0.0000000000
47651  45.410  -30.064  35.699 0.0000000000
48604  46.765  -28.239  36.633 0.0000000000
48617  45.729  -28.477  35.274 0.0000000000
50617  43.723  -26.017  32.342 0.0000000000
50603  44.994  -26.241  33.533 0.0000000000
132576  44.576  -25.009  32.867 0.0000000000
53423  45.906  -23.461  34.685 0.0000000000
53438  44.370  -23.628  32.762 0.0000000000
54466  43.702  -22.900  31.645 0.0000000000
53446  42.892  -24.125  30.971 0.0000000000
51659  39.486  -25.199  26.920 0.0000000000
52551  40.348  -24.443  27.748 0.0000000000
52561  38.660  -24.397  26.051 0.0000000000
54560  38.821  -23.003  26.041 0.0000000000
52573  37.336  -24.154  25.012 0.0000000000
51703  36.349  -25.229  24.220 0.0000000000
49768  33.487  -27.495  24.242 0.0000000000
50763  33.495  -26.448  23.135 0.0000000000
44696  34.242  -32.463  27.270 0.0000000000
45712  33.796  -31.184  26.514 0.0000000000
45714  32.394  -31.753  26.100 0.0000000000
140736  28.983  -31.404  24.640 0.0000000000
38859  34.761  -38.451  35.532 0.0000000000
38870  34.515  -38.138  34.779 0.0000000000
39962  33.587  -37.783  34.357 0.0000000000
40935  29.408  -36.666  33.411 0.0000000000
119768  31.049  -36.825  32.872 0.0000000000
40958  29.196  -36.588  32.596 0.0000000000
40976  28.519  -36.621  31.336 0.0000000000
40002  28.246  -37.218  31.698 0.0000000000
34934  30.985  -43.264  35.210 0.0000000000
35838  29.899  -41.586  34.714 0.0000000000
34942  30.829  -43.007  34.241 0.0000000000
34964  30.717  -42.471  31.571 0.0000000000
36893  28.768  -40.477  29.292 0.0000000000
67275  49.846  -9.868  22.377 0.0000000000
67285  50.419  -9.444  21.860 0.0000000000
124658  45.562  -15.351  25.034 0.0000000000
39778  25.487  -37.395  47.768 0.0000000000
39792  23.921  -37.372  46.911 0.0000000000
39779  24.452  -37.321  47.925 0.0000000000
39767  22.698  -37.430  48.258 0.0000000000
38681  21.925  -38.015  47.945 0.0000000000
39764  26.188  -37.142  48.454 0.0000000000
38797  42.608  -38.841  39.111 0.0000000000
38783  44.205  -38.105  40.329 0.0000000000
38820  42.979  -38.348  37.930 0.0000000000
40877  43.796  -37.023  37.183 0.0000000000
41823  43.702  -35.698  36.251 0.0000000000
136971  43.153  -34.818  35.436 0.0000000000
41840  42.177  -35.908  34.738 0.0000000000
41845  40.522  -35.654  33.318 0.0000000000
41859  38.871  -35.674  32.014 0.0000000000
41886  37.262  -35.184  30.616 0.0000000000
40969  37.328  -35.831  31.709 0.0000000000
40951  36.608  -36.042  32.382 0.0000000000
132870  34.710  -36.120  32.278 0.0000000000
34004  27.768  -43.215  36.415 0.0000000000
33031  28.858  -44.221  36.666 0.0000000000
33049  28.712  -44.475  34.859 0.0000000000
66290  48.859  -11.204  27.177 0.0000000000
65303  48.131  -11.059  25.492 0.0000000000
65293  46.541  -11.542  25.780 0.0000000000
140696  45.216  -12.067  25.085 0.0000000000
40913  25.045  -35.846  35.593 0.0000000000
40926  24.248  -36.606  34.125 0.0000000000
40915  23.843  -36.182  35.209 0.0000000000
132166  22.787  -37.337  35.450 0.0000000000
134103  22.527  -37.968  36.086 0.0000000000
134063  21.693  -40.803  41.578 0.0000000000
36779  21.586  -40.863  40.385 0.0000000000
35791  21.375  -41.577  40.578 0.0000000000
34901  20.307  -42.288  38.816 0.0000000000
32083  18.699  -45.360  39.320 0.0000000000
36730  37.677  -40.494  42.989 0.0000000000
35773  36.325  -40.940  41.746 0.0000000000
36775  35.831  -40.670  40.676 0.0000000000
35775  35.438  -40.951  41.971 0.0000000000
36762  34.169  -40.440  42.181 0.0000000000
37796  32.737  -39.252  41.989 0.0000000000
38757  27.503  -38.532  42.639 0.0000000000
38756  28.150  -38.824  42.374 0.0000000000
38775  27.560  -38.330  41.868 0.0000000000
39869  26.781  -37.484  40.652 0.0000000000
39885  27.119  -37.089  39.060 0.0000000000
39902  26.727  -36.904  38.324 0.0000000000
39903  25.885  -36.511  38.627 0.0000000000
40882  25.416  -35.812  37.364 0.0000000000
58506  45.967  -18.211  26.855 0.0000000000
59483  46.156  -17.519  26.004 0.0000000000
131929  46.486  -18.226  25.222 0.0000000000
59511  46.778  -17.936  23.524 0.0000000000
30075  17.300  -47.753  46.389 0.0000000000
30094  17.493  -47.176  44.647 0.0000000000
30104  17.466  -46.915  43.738 0.0000000000
123765  16.901  -47.333  44.263 0.0000000000
64275  49.214  -12.752  31.990 0.0000000000
127003  48.982  -13.796  31.278 0.0000000000
63266  49.626  -13.607  31.867 0.0000000000
62326  50.379  -15.135  31.660 0.0000000000
61438  51.147  -16.213  31.110 0.0000000000
57360  51.929  -19.563  34.504 0.0000000000
57369  52.218  -18.695  33.253 0.0000000000
56454  50.854  -20.565  32.977 0.0000000000
55504  50.021  -21.442  30.854 0.0000000000
54504  48.678  -21.702  29.294 0.0000000000
54522  47.281  -21.733  28.357 0.0000000000
123580  47.616  -21.725  29.746 0.0000000000
135823  45.924  -21.637  29.523 0.0000000000
55519  44.740  -21.595  29.442 0.0000000000
47700  42.814  -29.990  32.589 0.0000000000
48650  44.026  -28.606  33.580 0.0000000000
130424  42.708  -28.710  32.197 0.0000000000
49634  42.232  -27.710  31.546 0.0000000000
50654  41.855  -26.427  30.673 0.0000000000
51619  41.770  -25.543  30.157 0.0000000000
50668  40.872  -26.195  29.046 0.0000000000
50692  39.629  -26.583  27.392 0.0000000000
50704  38.032  -26.622  25.675 0.0000000000
50720  36.897  -26.690  24.637 0.0000000000
49746  36.672  -27.608  24.858 0.0000000000
48785  35.361  -28.494  25.256 0.0000000000
48787  33.556  -28.832  25.225 0.0000000000
43780  31.405  -33.450  27.543 0.0000000000
44714  31.393  -32.519  26.514 0.0000000000
43796  29.278  -33.051  26.574 0.0000000000
43822  27.759  -33.301  25.344 0.0000000000
42888  27.104  -34.591  24.479 0.0000000000
40895  32.491  -36.871  36.116 0.0000000000
39963  32.955  -37.575  34.632 0.0000000000
40922  31.392  -36.521  34.732 0.0000000000
40924  29.658  -36.666  34.243 0.0000000000
38873  28.793  -37.816  34.111 0.0000000000
34028  32.319  -43.685  33.405 0.0000000000
34016  34.059  -44.376  33.289 0.0000000000
132771  55.009  -8.221  22.082 0.0000000000
69180  53.746  -7.803  21.029 0.0000000000
69181  52.152  -8.041  20.337 0.0000000000
39838  24.312  -37.051  42.812 0.0000000000
40827  23.721  -36.670  41.027 0.0000000000
39839  23.319  -37.192  42.441 0.0000000000
38742  22.598  -37.735  42.882 0.0000000000
38760  22.268  -38.471  42.368 0.0000000000
38711  22.569  -37.771  45.469 0.0000000000
38728  22.093  -38.444  44.208 0.0000000000
132951  21.908  -39.880  42.260 0.0000000000
35764  21.657  -41.270  42.804 0.0000000000
34854  21.638  -42.116  43.556 0.0000000000
130262  21.470  -42.862  43.232 0.0000000000
37720  33.098  -39.583  45.922 0.0000000000
36699  32.548  -39.922  45.271 0.0000000000
36692  31.363  -39.598  46.058 0.0000000000
36702  30.256  -39.566  45.572 0.0000000000
143812  28.733  -39.265  44.999 0.0000000000
37724  28.711  -38.349  47.012 0.0000000000
37725  28.433  -38.725  46.213 0.0000000000
37759  28.143  -39.075  44.430 0.0000000000
38740  26.793  -38.151  43.711 0.0000000000
38759  26.149  -37.735  43.263 0.0000000000
56548  46.443  -20.678  23.390 0.0000000000
57479  45.837  -19.792  21.901 0.0000000000
56561  45.219  -20.462  21.979 0.0000000000
64233  51.807  -12.907  35.402 0.0000000000
59355  52.639  -17.591  36.644 0.0000000000
57345  52.430  -19.479  36.137 0.0000000000
56413  51.594  -20.692  36.090 0.0000000000
55437  50.635  -21.459  35.257 0.0000000000
46606  45.729  -30.638  36.438 0.0000000000
45591  44.350  -31.243  35.062 0.0000000000
43692  43.172  -33.402  35.003 0.0000000000
45593  43.099  -31.968  33.942 0.0000000000
45611  42.796  -31.361  33.287 0.0000000000
46662  41.959  -31.146  32.116 0.0000000000
46694  40.176  -30.786  30.326 0.0000000000
46709  38.762  -30.783  29.208 0.0000000000
46726  36.917  -30.821  28.010 0.0000000000
45668  37.667  -31.690  28.885 0.0000000000
44680  35.583  -32.761  28.051 0.0000000000
44682  33.926  -33.243  27.750 0.0000000000
42807  36.088  -34.499  29.555 0.0000000000
43757  34.887  -34.052  28.829 0.0000000000
43768  32.757  -33.878  28.318 0.0000000000
124882  32.126  -34.240  28.744 0.0000000000
42814  29.883  -34.887  29.196 0.0000000000
41916  28.051  -35.519  28.821 0.0000000000
122754  29.401  -38.812  37.032 0.0000000000
37868  30.008  -39.973  36.417 0.0000000000
128265  29.672  -41.240  37.215 0.0000000000
34915  30.802  -43.517  37.236 0.0000000000
134920  32.231  -44.782  35.894 0.0000000000
120352  30.697  -45.446  36.406 0.0000000000
32119  32.083  -45.841  35.955 0.0000000000
66310  52.001  -9.946  24.676 0.0000000000
67255  52.094  -9.274  23.226 0.0000000000
66321  51.146  -10.192  24.317 0.0000000000
67258  50.021  -10.154  23.156 0.0000000000
66330  49.242  -10.248  22.845 0.0000000000
66313  48.205  -10.892  24.684 0.0000000000
66324  47.374  -10.900  23.236 0.0000000000
39888  22.677  -37.555  39.789 0.0000000000
38833  22.544  -38.377  37.713 0.0000000000
37872  21.811  -39.722  36.789 0.0000000000
132264  21.475  -40.438  38.027 0.0000000000
36817  21.421  -40.372  37.277 0.0000000000
37804  41.721  -39.399  40.588 0.0000000000
37833  41.186  -39.137  38.990 0.0000000000
37850  39.999  -38.776  38.175 0.0000000000
129251  38.289  -38.199  36.416 0.0000000000
39947  37.145  -37.834  35.408 0.0000000000
38843  36.528  -38.773  36.505 0.0000000000
37866  35.541  -39.151  36.914 0.0000000000
38826  34.806  -38.929  36.951 0.0000000000
36805  35.632  -39.874  39.048 0.0000000000
38810  34.613  -38.979  37.818 0.0000000000
39914  33.542  -37.847  37.188 0.0000000000
39915  32.887  -37.125  37.519 0.0000000000
40879  31.548  -36.324  37.221 0.0000000000
40880  30.640  -36.428  37.505 0.0000000000
36733  32.487  -40.309  43.972 0.0000000000
125890  32.315  -39.701  42.781 0.0000000000
38771  31.337  -38.327  41.608 0.0000000000
38755  29.033  -38.948  42.140 0.0000000000
134587  30.570  -38.272  41.511 0.0000000000
39864  31.514  -37.327  40.395 0.0000000000
40849  30.450  -36.633  39.070 0.0000000000
40881  29.870  -36.679  37.794 0.0000000000
134596  29.192  -37.436  37.056 0.0000000000
37858  28.906  -38.878  37.299 0.0000000000
37842  27.908  -40.003  37.744 0.0000000000
35814  27.215  -41.853  37.777 0.0000000000
37860  26.166  -39.424  36.980 0.0000000000
35816  26.172  -40.996  36.946 0.0000000000
34918  26.669  -42.080  36.406 0.0000000000
34928  26.561  -42.125  35.462 0.0000000000
63301  43.503  -14.031  26.761 0.0000000000
126746  42.799  -13.990  24.096 0.0000000000
62374  42.565  -15.078  24.501 0.0000000000
59496  46.638  -17.493  25.345 0.0000000000
60502  47.349  -16.769  25.583 0.0000000000
57488  46.104  -19.065  21.514 0.0000000000
40744  22.268  -36.793  49.385 0.0000000000
143479  22.030  -37.331  49.359 0.0000000000
38665  21.451  -38.489  48.652 0.0000000000
36684  21.238  -40.499  48.875 0.0000000000
36694  21.562  -40.758  47.115 0.0000000000
35734  21.695  -41.683  45.898 0.0000000000
33915  21.630  -43.171  45.372 0.0000000000
32996  21.063  -44.021  43.932 0.0000000000
32056  20.379  -45.244  47.496 0.0000000000
32058  20.825  -44.734  46.248 0.0000000000
32064  20.624  -44.846  44.467 0.0000000000
33000  20.471  -44.493  42.758 0.0000000000
32076  19.278  -45.546  41.902 0.0000000000
67231  54.385  -9.827  25.391 0.0000000000
118878  53.107  -10.198  26.036 0.0000000000
140371  51.836  -10.538  26.612 0.0000000000
66288  51.124  -10.732  26.840 0.0000000000
66239  53.360  -9.794  29.323 0.0000000000
66261  51.194  -10.496  28.565 0.0000000000
66276  49.531  -11.118  27.384 0.0000000000
66277  49.091  -11.050  27.928 0.0000000000
66278  47.624  -11.180  27.727 0.0000000000
65275  46.388  -11.665  28.503 0.0000000000
67192  47.909  -10.015  29.974 0.0000000000
65262  46.612  -11.575  29.258 0.0000000000
64302  45.369  -12.760  28.166 0.0000000000
62349  45.111  -14.468  28.842 0.0000000000
61461  45.344  -15.510  29.244 0.0000000000
59458  44.971  -17.176  28.675 0.0000000000
61442  47.908  -15.482  30.483 0.0000000000
60438  46.581  -16.845  29.754 0.0000000000
59457  45.692  -17.889  28.517 0.0000000000
57437  46.615  -18.906  27.193 0.0000000000
57446  47.795  -19.703  25.434 0.0000000000
57458  48.070  -20.254  24.727 0.0000000000
62303  51.770  -14.620  33.912 0.0000000000
138988  51.587  -16.023  32.175 0.0000000000
59427  51.808  -17.342  30.329 0.0000000000
57389  52.048  -18.865  31.216 0.0000000000
57412  51.736  -18.830  29.750 0.0000000000
59456  51.184  -18.290  28.889 0.0000000000
139964  50.025  -20.011  27.088 0.0000000000
56514  49.065  -20.599  25.944 0.0000000000
56536  47.313  -20.741  23.905 0.0000000000
55600  46.736  -21.295  24.125 0.0000000000
55602  45.055  -21.415  24.267 0.0000000000
55544  45.191  -21.873  26.672 0.0000000000
55580  43.753  -21.568  25.708 0.0000000000
54406  49.972  -21.752  36.986 0.0000000000
55439  48.678  -21.796  35.473 0.0000000000
143606  47.483  -25.813  37.009 0.0000000000
49576  45.588  -27.685  34.737 0.0000000000
50577  46.643  -26.154  35.454 0.0000000000
51543  47.029  -24.718  36.213 0.0000000000
52458  46.992  -23.822  36.130 0.0000000000
54429  46.783  -22.436  35.231 0.0000000000
55462  46.838  -21.618  33.748 0.0000000000
55476  45.689  -21.710  32.951 0.0000000000
54481  44.206  -22.002  31.287 0.0000000000
55521  42.983  -21.965  29.121 0.0000000000
53465  41.799  -23.921  29.414 0.0000000000
53479  41.316  -23.608  28.672 0.0000000000
54541  41.327  -22.324  27.806 0.0000000000
55565  39.841  -22.055  26.217 0.0000000000
51705  34.941  -25.913  23.622 0.0000000000
51743  33.870  -25.720  22.024 0.0000000000
138281  35.249  -30.343  26.889 0.0000000000
47817  34.139  -29.828  26.104 0.0000000000
47830  32.768  -29.498  25.319 0.0000000000
45728  30.560  -31.523  25.590 0.0000000000
46779  31.062  -30.080  24.876 0.0000000000
39960  35.692  -37.732  34.635 0.0000000000
39975  34.928  -37.167  33.491 0.0000000000
40954  33.334  -37.156  32.635 0.0000000000
39991  32.174  -37.115  33.106 0.0000000000
40955  32.570  -37.068  32.425 0.0000000000
40972  32.186  -36.712  31.623 0.0000000000
40985  30.820  -36.296  30.821 0.0000000000
41895  28.737  -35.952  30.183 0.0000000000
40997  27.401  -36.769  29.216 0.0000000000
37876  29.863  -39.844  35.549 0.0000000000
37882  29.151  -39.379  34.225 0.0000000000
37899  28.605  -39.324  32.825 0.0000000000
34950  31.521  -43.111  32.743 0.0000000000
35855  29.478  -41.341  32.368 0.0000000000
131399  28.283  -38.980  32.046 0.0000000000
37912  28.035  -39.368  30.591 0.0000000000
37928  27.643  -39.235  29.342 0.0000000000
68240  51.687  -8.967  21.894 0.0000000000
124111  51.778  -8.541  21.066 0.0000000000
68287  50.888  -8.361  19.991 0.0000000000
122293  43.081  -14.539  24.780 0.0000000000
38854  40.011  -37.776  35.905 0.0000000000
38853  40.893  -37.895  35.927 0.0000000000
137692  39.749  -37.468  35.286 0.0000000000
128580  39.922  -37.108  34.607 0.0000000000
39945  39.117  -37.313  34.981 0.0000000000
39958  38.466  -37.078  34.584 0.0000000000
64313  44.864  -12.419  26.082 0.0000000000
63309  43.519  -13.229  25.217 0.0000000000
40838  24.219  -36.417  40.495 0.0000000000
40866  23.823  -36.087  39.054 0.0000000000
33964  20.875  -43.251  41.860 0.0000000000
34881  20.960  -42.787  41.269 0.0000000000
33002  20.333  -44.116  41.868 0.0000000000
37719  33.838  -39.692  45.594 0.0000000000
37718  34.441  -39.359  45.674 0.0000000000
37738  34.608  -39.915  45.268 0.0000000000
36697  35.366  -40.231  44.945 0.0000000000
36713  34.457  -40.460  44.447 0.0000000000
35740  34.158  -40.570  44.057 0.0000000000
35733  33.697  -40.318  44.555 0.0000000000
39853  25.386  -36.882  41.183 0.0000000000
135325  46.813  -19.430  23.438 0.0000000000
57472  46.547  -19.863  22.975 0.0000000000
64242  51.442  -12.439  34.738 0.0000000000
55459  49.814  -21.498  33.700 0.0000000000
55460  48.706  -21.673  33.220 0.0000000000
140117  38.935  -30.040  28.822 0.0000000000
47775  40.030  -29.346  29.289 0.0000000000
47788  39.385  -29.334  28.703 0.0000000000
139275  39.012  -29.050  28.148 0.0000000000
47799  38.426  -29.156  27.836 0.0000000000
47800  37.633  -29.267  27.452 0.0000000000
47790  37.976  -29.832  28.074 0.0000000000
133860  29.473  -37.593  36.113 0.0000000000
67253  54.327  -9.232  24.038 0.0000000000
68224  53.949  -8.890  23.297 0.0000000000
67254  53.399  -9.253  23.871 0.0000000000
37726  21.386  -39.094  46.222 0.0000000000
135452  21.272  -39.978  46.605 0.0000000000
40765  31.084  -37.025  47.743 0.0000000000
38676  30.248  -38.311  47.322 0.0000000000
38660  29.757  -37.844  47.619 0.0000000000
39790  25.825  -37.582  46.836 0.0000000000
38726  25.856  -37.751  45.067 0.0000000000
42719  44.932  -35.026  37.805 0.0000000000
42708  45.252  -34.912  38.492 0.0000000000
42718  45.320  -34.230  37.951 0.0000000000
43664  45.263  -33.520  37.389 0.0000000000
42768  39.720  -34.555  31.926 0.0000000000
43712  40.072  -33.754  31.916 0.0000000000
42783  39.401  -34.031  31.453 0.0000000000
44640  39.799  -33.024  31.356 0.0000000000
43727  39.039  -33.462  30.838 0.0000000000
42794  38.254  -33.904  30.310 0.0000000000
41890  33.617  -35.532  30.844 0.0000000000
122172  32.986  -35.428  30.432 0.0000000000
41879  32.769  -36.155  31.008 0.0000000000
33986  28.251  -42.904  38.110 0.0000000000
33977  28.969  -43.256  38.327 0.0000000000
33985  28.663  -43.533  37.852 0.0000000000
120959  49.872  -10.631  25.172 0.0000000000
66304  49.267  -10.940  25.857 0.0000000000
133023  24.480  -39.022  33.727 0.0000000000
38883  24.316  -38.023  32.937 0.0000000000
140979  22.252  -38.939  41.185 0.0000000000
37809  22.225  -39.071  40.555 0.0000000000
34919  19.845  -42.066  36.999 0.0000000000
118816  37.473  -40.221  41.043 0.0000000000
131723  38.239  -39.989  41.270 0.0000000000
36789  37.856  -39.806  39.978 0.0000000000
36790  37.142  -39.937  39.553 0.0000000000
120170  36.749  -40.253  40.119 0.0000000000
38769  33.158  -38.782  41.120 0.0000000000
138015  33.144  -38.342  40.323 0.0000000000
39863  32.231  -37.349  39.981 0.0000000000
37773  29.280  -39.638  43.653 0.0000000000
130115  30.117  -39.751  43.532 0.0000000000
135559  28.060  -37.206  39.126 0.0000000000
39918  27.949  -37.493  37.731 0.0000000000
38874  24.965  -37.667  34.690 0.0000000000
38862  25.008  -38.669  35.472 0.0000000000
38863  24.746  -38.680  34.542 0.0000000000
36839  24.606  -40.043  34.431 0.0000000000
59465  44.253  -17.087  27.304 0.0000000000
59475  44.163  -16.880  26.644 0.0000000000
34808  21.516  -42.697  48.934 0.0000000000
33868  21.334  -43.317  48.442 0.0000000000
32979  21.404  -43.559  47.474 0.0000000000
125157  20.981  -43.905  48.067 0.0000000000
30085  18.211  -46.925  45.188 0.0000000000
31140  18.793  -46.343  44.473 0.0000000000
31139  19.515  -45.943  44.809 0.0000000000
31144  18.653  -46.263  43.492 0.0000000000
67203  54.598  -9.331  28.385 0.0000000000
67187  54.102  -9.037  29.043 0.0000000000
66231  51.400  -9.785  30.218 0.0000000000
67190  49.871  -9.839  29.862 0.0000000000
67177  49.416  -9.357  30.685 0.0000000000
64277  47.818  -12.133  31.178 0.0000000000
65256  47.313  -11.718  30.652 0.0000000000
63267  48.253  -13.109  31.017 0.0000000000
60435  49.443  -17.024  29.755 0.0000000000
59443  49.940  -17.624  29.302 0.0000000000
58453  49.432  -18.207  28.843 0.0000000000
127548  52.973  -16.930  34.671 0.0000000000
135807  52.663  -16.565  33.956 0.0000000000
59384  52.685  -17.475  34.168 0.0000000000
54519  49.138  -21.688  28.715 0.0000000000
55516  50.164  -21.308  28.630 0.0000000000
54536  49.104  -21.594  27.784 0.0000000000
55543  48.763  -21.542  26.920 0.0000000000
54554  48.177  -21.650  26.980 0.0000000000
54555  47.687  -21.702  26.667 0.0000000000
54538  47.683  -21.692  27.502 0.0000000000
55534  43.407  -21.734  28.390 0.0000000000
55546  43.732  -21.726  27.489 0.0000000000
125087  42.263  -21.474  26.341 0.0000000000
55548  41.910  -21.765  27.225 0.0000000000
47668  44.831  -29.957  34.859 0.0000000000
47667  45.287  -29.233  35.127 0.0000000000
47683  44.728  -29.196  34.468 0.0000000000
50616  44.442  -25.917  32.875 0.0000000000
51589  44.052  -25.224  32.357 0.0000000000
52495  44.575  -24.285  33.005 0.0000000000
52506  43.710  -24.558  31.940 0.0000000000
53439  43.888  -23.721  32.146 0.0000000000
52507  43.150  -24.709  31.419 0.0000000000
51669  38.936  -25.216  26.310 0.0000000000
52560  39.235  -24.429  26.621 0.0000000000
51683  38.305  -25.152  25.755 0.0000000000
52572  38.000  -24.318  25.532 0.0000000000
51702  36.917  -24.787  24.601 0.0000000000
49769  32.673  -27.640  24.045 0.0000000000
48812  31.896  -27.862  23.755 0.0000000000
44697  33.258  -32.865  27.183 0.0000000000
45696  33.575  -32.056  26.803 0.0000000000
45697  32.844  -32.305  26.602 0.0000000000
129883  34.315  -38.397  35.697 0.0000000000
38860  34.166  -38.150  34.907 0.0000000000
40936  28.772  -36.924  33.054 0.0000000000
39992  28.426  -37.413  32.527 0.0000000000
40959  28.666  -36.763  32.197 0.0000000000
38897  28.099  -38.046  31.949 0.0000000000
34002  31.718  -44.006  35.684 0.0000000000
34009  31.780  -43.722  34.523 0.0000000000
66334  48.987  -9.977  22.136 0.0000000000
67287  48.715  -9.796  21.379 0.0000000000
39765  25.140  -37.090  48.546 0.0000000000
143648  24.495  -37.099  48.598 0.0000000000
39748  23.387  -36.702  49.145 0.0000000000
39766  23.736  -37.117  48.602 0.0000000000
38664  22.005  -37.581  48.972 0.0000000000
39745  26.511  -36.654  48.738 0.0000000000
38808  42.455  -38.698  38.436 0.0000000000
38807  43.119  -38.506  38.763 0.0000000000
128507  42.244  -38.425  37.692 0.0000000000
39942  42.113  -37.534  35.695 0.0000000000
39929  43.114  -37.563  36.782 0.0000000000
40894  42.823  -37.303  36.087 0.0000000000
40893  43.748  -36.401  36.657 0.0000000000
40907  43.179  -36.479  35.958 0.0000000000
41834  42.674  -36.154  35.285 0.0000000000
40918  42.195  -36.603  34.964 0.0000000000
40928  39.681  -36.304  33.383 0.0000000000
137694  40.233  -36.194  33.503 0.0000000000
41846  39.866  -35.848  33.009 0.0000000000
40948  39.273  -35.975  32.717 0.0000000000
41860  38.128  -35.758  31.845 0.0000000000
40949  38.639  -36.045  32.529 0.0000000000
135964  35.902  -36.247  32.883 0.0000000000
41861  35.701  -35.906  32.208 0.0000000000
40952  35.167  -36.508  32.875 0.0000000000
34011  27.698  -43.249  35.388 0.0000000000
34003  28.340  -43.913  35.877 0.0000000000
138702  28.129  -43.777  34.858 0.0000000000
65291  48.458  -11.149  26.367 0.0000000000
64327  44.135  -12.863  24.830 0.0000000000
63324  43.376  -13.888  23.956 0.0000000000
41824  25.030  -35.547  36.264 0.0000000000
40914  24.500  -35.996  35.067 0.0000000000
41819  24.210  -35.692  36.590 0.0000000000
39921  23.298  -36.686  37.513 0.0000000000
40900  23.628  -36.222  36.460 0.0000000000
39936  22.992  -37.245  36.487 0.0000000000
143265  22.870  -37.645  37.356 0.0000000000
35776  21.623  -41.364  41.946 0.0000000000
36764  21.546  -41.259  41.157 0.0000000000
143428  21.406  -41.740  41.065 0.0000000000
34894  20.522  -42.487  39.722 0.0000000000
34902  19.695  -42.841  38.358 0.0000000000
33978  19.351  -43.557  38.728 0.0000000000
33972  19.469  -43.800  39.542 0.0000000000
33009  19.108  -44.603  39.843 0.0000000000
37735  36.995  -39.260  45.023 0.0000000000
141873  36.403  -40.770  43.970 0.0000000000
36731  36.792  -40.745  43.483 0.0000000000
35750  36.291  -40.887  43.042 0.0000000000
35772  36.888  -40.774  42.070 0.0000000000
35761  36.299  -40.950  42.416 0.0000000000
35774  35.890  -40.944  41.494 0.0000000000
124610  35.822  -41.028  42.144 0.0000000000
36747  34.806  -40.768  42.556 0.0000000000
37795  33.611  -39.706  41.693 0.0000000000
37783  33.255  -40.053  42.567 0.0000000000
127089  26.908  -38.140  42.962 0.0000000000
38776  26.954  -38.069  42.247 0.0000000000
39870  25.982  -37.026  40.482 0.0000000000
39886  26.591  -37.105  39.817 0.0000000000
141661  26.422  -36.899  39.084 0.0000000000
41804  25.018  -35.518  37.541 0.0000000000
41817  25.152  -35.535  36.896 0.0000000000
40899  25.451  -35.976  36.345 0.0000000000
58514  46.299  -18.227  26.031 0.0000000000
135872  46.690  -18.720  25.222 0.0000000000
58535  46.663  -18.502  22.809 0.0000000000
59525  46.857  -17.897  22.646 0.0000000000
59536  46.879  -17.883  21.847 0.0000000000
30086  17.414  -47.503  45.539 0.0000000000
30095  16.788  -47.716  44.985 0.0000000000
136210  49.837  -13.010  32.368 0.0000000000
63255  51.090  -13.935  33.193 0.0000000000
140006  50.849  -14.335  32.671 0.0000000000
62325  50.978  -15.013  32.303 0.0000000000
61424  51.017  -15.720  31.665 0.0000000000
61423  51.377  -15.634  32.220 0.0000000000
56440  51.506  -20.171  34.142 0.0000000000
57370  51.828  -19.505  33.692 0.0000000000
56441  51.010  -20.596  33.802 0.0000000000
54460  49.695  -21.501  32.163 0.0000000000
55487  50.079  -21.365  31.884 0.0000000000
54476  49.607  -21.579  31.416 0.0000000000
137719  49.359  -21.671  30.556 0.0000000000
54489  48.841  -21.717  30.083 0.0000000000
129903  48.287  -21.700  29.852 0.0000000000
136662  48.565  -21.701  30.456 0.0000000000
54480  47.167  -21.727  30.323 0.0000000000
119599  46.265  -21.601  30.279 0.0000000000
140807  45.298  -21.544  30.258 0.0000000000
142088  41.935  -29.877  31.543 0.0000000000
47716  42.999  -29.179  32.585 0.0000000000
47732  42.402  -29.395  32.005 0.0000000000
125118  41.338  -28.059  30.467 0.0000000000
49635  41.830  -28.308  31.104 0.0000000000
49655  41.782  -27.420  30.911 0.0000000000
121441  42.252  -26.907  31.345 0.0000000000
49656  41.324  -27.153  30.214 0.0000000000
50667  41.304  -26.271  29.874 0.0000000000
49676  40.944  -26.978  29.521 0.0000000000
49693  38.824  -27.961  27.098 0.0000000000
50679  39.998  -26.806  27.948 0.0000000000
49708  39.081  -27.130  26.942 0.0000000000
50703  38.571  -26.845  26.305 0.0000000000
49726  37.990  -27.616  25.948 0.0000000000
49745  37.435  -27.194  25.214 0.0000000000
48784  36.267  -28.335  25.342 0.0000000000
48786  34.491  -28.596  25.250 0.0000000000
48769  34.942  -28.986  25.710 0.0000000000
43781  30.481  -33.500  27.485 0.0000000000
43795  30.117  -33.007  26.900 0.0000000000
43782  29.481  -33.559  27.307 0.0000000000
42868  27.068  -34.470  25.443 0.0000000000
120913  27.306  -33.807  24.949 0.0000000000
139358  32.209  -36.819  35.256 0.0000000000
40910  31.390  -36.399  35.493 0.0000000000
39950  29.485  -37.219  35.367 0.0000000000
143675  29.386  -36.992  34.691 0.0000000000
39964  29.000  -37.108  33.974 0.0000000000
130706  53.249  -8.250  21.784 0.0000000000
68253  54.155  -8.165  21.937 0.0000000000
68254  52.722  -8.121  21.041 0.0000000000
39828  23.374  -37.317  43.326 0.0000000000
120178  23.418  -37.468  46.028 0.0000000000
37760  21.722  -38.995  44.638 0.0000000000
38712  22.018  -38.339  45.004 0.0000000000
38743  22.091  -38.685  43.270 0.0000000000
36736  21.809  -40.067  43.087 0.0000000000
137580  21.627  -40.295  43.983 0.0000000000
35754  21.639  -41.102  43.679 0.0000000000
34845  21.576  -42.871  43.937 0.0000000000
39775  31.976  -37.995  47.446 0.0000000000
39774  32.764  -37.796  47.105 0.0000000000
38674  32.423  -38.548  47.003 0.0000000000
37703  32.804  -39.123  46.475 0.0000000000
37721  32.381  -39.519  46.206 0.0000000000
37722  31.673  -39.436  46.405 0.0000000000
121271  30.279  -39.134  46.573 0.0000000000
36693  30.621  -39.468  46.106 0.0000000000
131859  29.847  -39.371  46.015 0.0000000000
36718  29.514  -39.476  45.135 0.0000000000
37739  29.000  -39.174  45.749 0.0000000000
38662  28.372  -37.643  47.949 0.0000000000
38678  28.899  -38.066  47.602 0.0000000000
38679  28.151  -37.964  47.568 0.0000000000
38709  27.611  -38.484  45.788 0.0000000000
37740  28.196  -38.970  45.365 0.0000000000
38724  27.498  -38.591  44.929 0.0000000000
127359  27.423  -38.605  44.102 0.0000000000
38725  26.743  -38.154  44.540 0.0000000000
39826  25.124  -37.371  43.588 0.0000000000
118995  25.583  -37.294  42.595 0.0000000000
58348  52.621  -18.617  36.432 0.0000000000
137001  52.299  -18.302  37.112 0.0000000000
57333  51.689  -20.026  37.419 0.0000000000
57346  52.063  -20.111  36.611 0.0000000000
56402  51.482  -20.625  36.904 0.0000000000
55436  51.125  -21.169  35.636 0.0000000000
55424  51.083  -21.100  36.512 0.0000000000
39896  44.257  -37.440  38.920 0.0000000000
45563  45.030  -32.208  36.270 0.0000000000
45562  45.457  -31.478  36.472 0.0000000000
45578  44.803  -31.546  35.701 0.0000000000
46623  45.243  -30.884  35.923 0.0000000000
42746  42.758  -34.318  34.898 0.0000000000
42737  43.525  -34.059  35.553 0.0000000000
44614  41.907  -32.773  33.289 0.0000000000
44599  42.461  -32.725  33.907 0.0000000000
123673  42.394  -32.105  33.337 0.0000000000
45625  42.196  -31.603  32.748 0.0000000000
46647  42.535  -30.823  32.671 0.0000000000
45626  41.549  -31.943  32.267 0.0000000000
119749  38.938  -32.137  30.241 0.0000000000
45654  40.383  -31.381  30.820 0.0000000000
45655  39.587  -31.602  30.413 0.0000000000
46695  39.510  -30.811  29.816 0.0000000000
45667  38.212  -31.615  29.309 0.0000000000
46710  37.988  -31.050  28.795 0.0000000000
43754  37.278  -33.378  29.378 0.0000000000
44669  36.042  -33.272  28.568 0.0000000000
44681  34.753  -33.040  27.847 0.0000000000
43765  35.222  -33.537  28.374 0.0000000000
42796  36.742  -34.905  30.052 0.0000000000
122087  36.048  -34.984  30.170 0.0000000000
42809  34.462  -34.518  29.555 0.0000000000
42820  34.066  -34.094  28.803 0.0000000000
43767  33.646  -33.764  28.235 0.0000000000
42821  33.341  -34.107  28.752 0.0000000000
43769  31.818  -33.884  28.177 0.0000000000
42813  30.686  -34.795  29.195 0.0000000000
41915  28.849  -35.026  29.090 0.0000000000
41904  29.447  -35.443  29.844 0.0000000000
37857  29.377  -39.777  37.218 0.0000000000
36813  29.715  -40.242  36.957 0.0000000000
36814  29.414  -40.732  37.314 0.0000000000
137271  30.605  -44.089  37.777 0.0000000000
34906  30.288  -43.048  37.849 0.0000000000
33982  31.115  -44.205  37.295 0.0000000000
33993  31.425  -44.225  36.649 0.0000000000
33029  31.514  -44.792  36.755 0.0000000000
32122  29.407  -45.137  35.282 0.0000000000
32121  29.826  -45.130  36.269 0.0000000000
124431  30.127  -45.635  35.499 0.0000000000
31202  31.676  -46.234  35.516 0.0000000000
31201  32.322  -46.381  35.324 0.0000000000
32118  32.631  -45.912  35.511 0.0000000000
141713  49.931  -10.467  24.588 0.0000000000
66322  50.124  -10.297  24.043 0.0000000000
138199  48.640  -10.505  23.238 0.0000000000
134522  23.650  -36.923  33.086 0.0000000000
39993  23.800  -37.562  32.530 0.0000000000
39981  22.967  -37.245  32.884 0.0000000000
39855  23.223  -37.117  41.588 0.0000000000
124337  23.010  -37.031  40.167 0.0000000000
39872  22.635  -37.565  40.527 0.0000000000
124426  22.168  -39.149  38.996 0.0000000000
38800  22.452  -38.356  39.373 0.0000000000
37843  22.137  -39.144  38.144 0.0000000000
37861  22.170  -39.048  37.239 0.0000000000
35800  21.349  -41.301  39.777 0.0000000000
36795  21.592  -40.478  39.547 0.0000000000
35809  21.285  -40.944  38.772 0.0000000000
35824  20.276  -41.449  36.501 0.0000000000
35823  20.892  -40.897  36.918 0.0000000000
37782  39.612  -39.617  42.941 0.0000000000
36744  40.405  -39.760  41.768 0.0000000000
130637  41.117  -39.600  41.347 0.0000000000
37805  40.868  -39.622  40.448 0.0000000000
37816  41.456  -39.359  39.744 0.0000000000
37817  40.598  -39.486  39.671 0.0000000000
37836  38.446  -39.305  38.711 0.0000000000
37835  39.377  -39.153  38.834 0.0000000000
37851  38.981  -38.861  38.101 0.0000000000
38824  39.630  -38.447  37.389 0.0000000000
131326  38.423  -38.619  37.298 0.0000000000
38842  37.415  -38.676  36.842 0.0000000000
38825  37.400  -39.121  37.542 0.0000000000
37839  36.007  -39.806  38.034 0.0000000000
37854  35.993  -39.505  37.350 0.0000000000
37855  35.573  -39.421  37.495 0.0000000000
37867  35.199  -39.062  36.932 0.0000000000
37856  35.209  -39.311  37.571 0.0000000000
36792  35.947  -40.301  39.721 0.0000000000
36793  35.454  -40.178  39.975 0.0000000000
38811  34.014  -38.555  38.672 0.0000000000
37822  34.672  -39.209  38.684 0.0000000000
122821  33.896  -38.313  37.837 0.0000000000
38827  34.216  -38.524  37.015 0.0000000000
40847  32.041  -36.556  38.754 0.0000000000
40861  32.222  -36.530  37.857 0.0000000000
40862  31.358  -36.380  38.130 0.0000000000
36715  32.295  -40.050  44.629 0.0000000000
36734  31.582  -40.097  44.127 0.0000000000
37785  30.404  -39.482  42.887 0.0000000000
37784  31.345  -39.491  42.874 0.0000000000
37797  31.793  -38.983  42.180 0.0000000000
38772  29.951  -37.904  40.931 0.0000000000
39850  30.939  -37.770  41.029 0.0000000000
39865  30.506  -37.277  40.334 0.0000000000
39882  30.909  -36.819  39.699 0.0000000000
39883  30.095  -36.932  39.557 0.0000000000
39899  29.185  -36.923  38.069 0.0000000000
40850  29.729  -36.760  38.693 0.0000000000
39916  29.450  -36.961  37.350 0.0000000000
38828  28.923  -38.006  37.048 0.0000000000
38829  28.398  -38.006  37.301 0.0000000000
129956  27.369  -39.190  37.392 0.0000000000
36808  27.655  -40.863  38.057 0.0000000000
35808  26.909  -41.103  37.693 0.0000000000
124405  26.356  -37.439  37.118 0.0000000000
38832  26.001  -38.398  36.801 0.0000000000
36816  25.735  -40.214  36.633 0.0000000000
143168  25.767  -40.752  36.459 0.0000000000
35822  25.831  -41.066  36.290 0.0000000000
35830  26.073  -41.528  35.967 0.0000000000
62364  43.095  -14.892  26.635 0.0000000000
62375  42.728  -14.569  25.613 0.0000000000
61491  42.666  -15.451  25.493 0.0000000000
60470  44.949  -16.655  26.117 0.0000000000
61505  43.939  -16.011  24.922 0.0000000000
60501  48.300  -16.166  25.768 0.0000000000
57489  45.585  -19.880  21.260 0.0000000000
125789  45.963  -19.399  20.680 0.0000000000
41694  22.961  -35.953  49.056 0.0000000000
39732  21.638  -37.166  49.632 0.0000000000
38649  21.333  -38.025  49.495 0.0000000000
35727  21.635  -41.339  48.590 0.0000000000
36683  21.519  -40.613  48.002 0.0000000000
35731  21.773  -41.581  46.806 0.0000000000
33900  21.480  -43.643  46.011 0.0000000000
33931  21.462  -43.422  44.543 0.0000000000
32994  21.099  -44.159  44.906 0.0000000000
31128  19.581  -46.300  46.701 0.0000000000
31123  19.524  -46.328  47.651 0.0000000000
31127  19.996  -45.808  47.127 0.0000000000
32059  20.457  -45.297  46.669 0.0000000000
32062  20.456  -45.295  45.850 0.0000000000
32066  19.766  -45.645  44.102 0.0000000000
123819  20.167  -45.305  43.860 0.0000000000
32997  20.573  -44.686  43.535 0.0000000000
32068  20.050  -45.140  43.100 0.0000000000
32072  19.868  -44.972  42.320 0.0000000000
32073  19.454  -45.547  42.680 0.0000000000
31156  18.716  -46.039  41.481 0.0000000000
30113  17.359  -46.795  42.804 0.0000000000
66299  54.868  -10.028  26.009 0.0000000000
66300  54.054  -10.086  26.019 0.0000000000
66286  53.837  -10.217  26.799 0.0000000000
122637  52.737  -10.367  26.902 0.0000000000
66275  51.893  -10.552  27.345 0.0000000000
67188  53.648  -9.209  29.661 0.0000000000
67189  53.051  -9.510  30.051 0.0000000000
119989  50.387  -10.374  29.071 0.0000000000
121449  50.419  -10.773  28.153 0.0000000000
142405  49.814  -10.996  27.840 0.0000000000
66243  48.315  -10.346  29.132 0.0000000000
66263  48.246  -10.846  28.326 0.0000000000
66264  47.509  -10.929  28.508 0.0000000000
65274  46.857  -11.346  28.031 0.0000000000
66245  46.974  -11.144  28.858 0.0000000000
67178  48.396  -9.536  30.679 0.0000000000
67179  47.770  -9.930  30.784 0.0000000000
64284  46.980  -12.167  30.225 0.0000000000
65257  46.923  -11.404  30.023 0.0000000000
64290  46.482  -12.292  29.637 0.0000000000
64301  46.044  -12.176  28.888 0.0000000000
64291  45.801  -12.905  29.067 0.0000000000
63290  44.872  -13.619  28.225 0.0000000000
63289  45.799  -13.702  29.278 0.0000000000
62348  46.053  -14.501  29.558 0.0000000000
143879  44.763  -16.391  28.891 0.0000000000
60439  45.613  -16.605  29.392 0.0000000000
63276  48.993  -14.387  31.113 0.0000000000
62337  48.504  -14.856  30.840 0.0000000000
59445  47.891  -17.740  29.497 0.0000000000
60437  47.531  -16.971  29.854 0.0000000000
59446  46.899  -17.670  29.475 0.0000000000
59447  45.976  -17.468  29.225 0.0000000000
58456  46.388  -18.100  29.012 0.0000000000
58477  46.431  -18.492  28.290 0.0000000000
57426  47.326  -18.942  28.030 0.0000000000
57436  47.726  -19.317  27.066 0.0000000000
126128  48.311  -19.729  26.141 0.0000000000
57457  48.599  -20.309  25.489 0.0000000000
63216  52.133  -13.725  35.560 0.0000000000
63227  51.831  -13.688  34.855 0.0000000000
63226  51.982  -14.430  34.475 0.0000000000
60387  52.106  -16.165  33.041 0.0000000000
143215  51.845  -15.642  33.150 0.0000000000
60398  51.829  -16.530  31.757 0.0000000000
60412  51.919  -16.904  31.018 0.0000000000
59426  52.088  -17.460  30.798 0.0000000000
134774  51.398  -19.941  32.435 0.0000000000
131266  52.136  -18.859  31.973 0.0000000000
56478  51.550  -19.708  31.445 0.0000000000
56496  51.170  -20.051  28.741 0.0000000000
57401  51.465  -19.658  29.638 0.0000000000
57413  51.453  -19.196  28.983 0.0000000000
58451  51.513  -18.503  29.313 0.0000000000
57423  51.112  -19.391  28.298 0.0000000000
58494  50.283  -19.476  27.522 0.0000000000
57433  50.384  -19.954  27.437 0.0000000000
55577  48.619  -21.148  25.461 0.0000000000
135808  48.972  -20.887  25.771 0.0000000000
55598  48.190  -21.163  24.869 0.0000000000
56525  48.518  -20.761  25.212 0.0000000000
55599  47.584  -21.212  24.419 0.0000000000
55579  46.976  -21.598  24.723 0.0000000000
54571  46.161  -21.792  25.112 0.0000000000
55601  45.952  -21.570  24.442 0.0000000000
129615  44.353  -21.470  24.919 0.0000000000
54523  46.360  -21.791  28.067 0.0000000000
54540  46.084  -21.863  27.134 0.0000000000
143638  45.356  -21.854  27.277 0.0000000000
136096  43.059  -21.556  26.236 0.0000000000
124759  43.393  -21.210  24.907 0.0000000000
54407  49.143  -22.110  37.722 0.0000000000
54417  49.418  -21.937  36.820 0.0000000000
55427  49.112  -21.857  36.157 0.0000000000
54427  48.373  -22.146  36.165 0.0000000000
49552  47.025  -27.610  36.713 0.0000000000
48603  47.092  -28.018  37.304 0.0000000000
49551  47.347  -27.170  37.236 0.0000000000
50554  47.628  -26.264  37.574 0.0000000000
50563  47.318  -26.449  36.757 0.0000000000
48651  43.674  -28.083  33.065 0.0000000000
49577  44.945  -27.905  34.216 0.0000000000
49591  44.354  -27.743  33.612 0.0000000000
51562  45.738  -25.645  34.229 0.0000000000
50590  46.057  -26.260  34.681 0.0000000000
132151  47.115  -25.719  36.265 0.0000000000
51544  46.643  -25.135  35.561 0.0000000000
52457  47.393  -24.211  36.757 0.0000000000
52466  46.609  -24.302  35.694 0.0000000000
54440  45.691  -22.654  34.202 0.0000000000
134121  46.196  -22.774  34.841 0.0000000000
54439  46.391  -22.093  34.467 0.0000000000
54438  47.429  -21.761  34.556 0.0000000000
54450  45.969  -21.850  33.748 0.0000000000
130482  46.409  -21.581  33.177 0.0000000000
135409  45.138  -22.121  33.012 0.0000000000
54491  43.495  -22.345  30.655 0.0000000000
54507  43.103  -22.211  29.840 0.0000000000
54508  42.509  -22.613  29.532 0.0000000000
51629  41.333  -25.436  29.427 0.0000000000
52526  41.791  -24.755  29.725 0.0000000000
52539  41.360  -24.585  29.034 0.0000000000
53489  40.150  -23.690  27.408 0.0000000000
53488  40.722  -23.667  27.975 0.0000000000
54526  41.080  -22.989  28.130 0.0000000000
54525  41.620  -22.677  28.505 0.0000000000
54542  40.592  -22.853  27.500 0.0000000000
55549  40.928  -22.034  27.081 0.0000000000
54558  40.207  -22.441  26.815 0.0000000000
54574  37.595  -22.737  25.005 0.0000000000
50721  36.061  -27.003  24.463 0.0000000000
50743  36.278  -26.122  24.264 0.0000000000
50744  35.470  -26.416  24.084 0.0000000000
51724  33.926  -25.856  22.739 0.0000000000
50781  33.345  -26.260  22.359 0.0000000000
45693  36.218  -31.095  27.690 0.0000000000
46740  36.495  -30.347  27.556 0.0000000000
143533  35.884  -30.603  27.308 0.0000000000
45713  32.987  -30.967  25.968 0.0000000000
46752  33.663  -30.358  26.106 0.0000000000
46762  33.083  -30.153  25.761 0.0000000000
46763  32.441  -30.346  25.557 0.0000000000
44734  30.156  -32.113  25.937 0.0000000000
45715  31.016  -32.056  26.065 0.0000000000
45744  28.901  -31.035  23.923 0.0000000000
45743  29.512  -30.968  24.649 0.0000000000
127835  29.464  -30.496  24.110 0.0000000000
38857  36.309  -38.365  35.745 0.0000000000
131915  36.478  -37.756  35.023 0.0000000000
38868  35.734  -38.200  35.226 0.0000000000
38871  34.024  -37.827  34.167 0.0000000000
39961  34.813  -37.768  34.251 0.0000000000
39976  34.263  -37.532  33.662 0.0000000000
40953  34.240  -37.034  32.900 0.0000000000
39978  32.181  -37.050  34.162 0.0000000000
122531  30.707  -36.745  32.122 0.0000000000
40956  31.694  -36.911  32.235 0.0000000000
40973  31.269  -36.679  31.484 0.0000000000
40008  27.986  -37.080  30.906 0.0000000000
40986  28.924  -36.135  30.885 0.0000000000
40987  28.281  -36.475  30.555 0.0000000000
130757  28.006  -36.282  29.835 0.0000000000
40988  27.704  -36.957  30.111 0.0000000000
137266  29.917  -39.286  36.204 0.0000000000
36826  29.972  -40.612  35.933 0.0000000000
142435  29.646  -40.892  34.409 0.0000000000
36849  29.343  -40.545  33.763 0.0000000000
37891  28.998  -39.709  33.544 0.0000000000
35847  29.449  -41.179  33.154 0.0000000000
34017  33.233  -43.779  32.882 0.0000000000
35865  30.287  -42.052  31.073 0.0000000000
35854  30.022  -42.083  31.975 0.0000000000
35866  29.588  -41.497  31.466 0.0000000000
36855  28.684  -39.902  32.014 0.0000000000
36862  28.759  -40.311  31.317 0.0000000000
37905  28.359  -39.609  31.305 0.0000000000
36875  28.592  -40.262  30.470 0.0000000000
125037  28.101  -39.759  29.769 0.0000000000
136463  27.560  -39.317  28.639 0.0000000000
69178  55.376  -7.766  20.195 0.0000000000
67256  51.359  -9.716  23.390 0.0000000000
67273  51.524  -9.299  22.637 0.0000000000
68255  51.030  -9.030  21.421 0.0000000000
68270  50.957  -8.684  20.690 0.0000000000
138090  51.467  -8.322  20.365 0.0000000000
40757  24.976  -36.341  49.029 0.0000000000
126040  24.135  -36.403  49.113 0.0000000000
38822  41.478  -38.426  37.545 0.0000000000
38839  41.195  -38.103  36.752 0.0000000000
38852  41.666  -37.911  36.115 0.0000000000
39943  41.300  -37.557  35.304 0.0000000000
39956  41.276  -37.173  34.734 0.0000000000
39957  40.725  -37.205  34.682 0.0000000000
39971  39.534  -36.681  33.874 0.0000000000
39972  38.831  -36.712  33.840 0.0000000000
134839  37.421  -36.471  33.541 0.0000000000
39974  36.699  -37.044  34.244 0.0000000000
65286  46.473  -11.641  26.845 0.0000000000
40865  24.465  -35.709  38.058 0.0000000000
40883  23.965  -35.819  37.329 0.0000000000
39904  23.266  -36.652  38.589 0.0000000000
34890  21.233  -42.187  40.986 0.0000000000
33967  20.077  -43.326  40.207 0.0000000000
33007  19.343  -44.747  40.652 0.0000000000
119962  36.033  -39.004  45.383 0.0000000000
37736  36.128  -39.882  45.079 0.0000000000
36711  36.102  -40.550  44.459 0.0000000000
35751  35.225  -40.793  43.408 0.0000000000
119329  35.033  -40.812  43.007 0.0000000000
35752  34.600  -40.683  43.552 0.0000000000
35753  33.826  -40.571  43.750 0.0000000000
36732  33.213  -40.473  43.741 0.0000000000
39837  26.327  -37.581  41.999 0.0000000000
40851  25.160  -36.109  39.302 0.0000000000
122557  24.603  -35.894  38.913 0.0000000000
57459  47.258  -19.402  24.783 0.0000000000
128262  46.809  -18.864  24.306 0.0000000000
142732  46.606  -19.099  22.969 0.0000000000
29153  16.117  -48.432  46.049 0.0000000000
65226  50.153  -11.605  34.115 0.0000000000
64267  50.228  -12.751  32.972 0.0000000000
64254  50.631  -12.368  33.687 0.0000000000
64253  51.196  -12.790  34.081 0.0000000000
63243  51.347  -13.586  33.819 0.0000000000
55446  50.720  -20.970  34.105 0.0000000000
55457  50.549  -20.904  33.438 0.0000000000
55458  50.229  -21.194  33.581 0.0000000000
54448  49.827  -21.433  32.923 0.0000000000
128447  49.046  -21.678  31.691 0.0000000000
54478  48.641  -21.707  31.084 0.0000000000
54463  48.581  -21.699  31.821 0.0000000000
54479  47.991  -21.712  31.308 0.0000000000
55488  47.082  -21.590  31.771 0.0000000000
47753  40.851  -29.675  30.341 0.0000000000
48693  41.913  -29.159  31.316 0.0000000000
47774  40.509  -29.290  29.784 0.0000000000
48712  40.952  -28.745  30.041 0.0000000000
48730  40.466  -28.606  29.442 0.0000000000
49677  40.383  -27.821  29.017 0.0000000000
48740  38.954  -28.499  27.710 0.0000000000
49709  38.167  -28.143  26.667 0.0000000000
48766  37.483  -28.364  26.316 0.0000000000
48752  37.726  -28.656  26.922 0.0000000000
48753  37.091  -28.968  26.814 0.0000000000
47814  36.282  -29.255  26.721 0.0000000000
40897  30.826  -36.352  36.636 0.0000000000
132513  30.949  -36.298  35.940 0.0000000000
123082  30.331  -36.546  36.009 0.0000000000
68237  54.690  -8.526  22.790 0.0000000000
126874  52.893  -8.628  22.326 0.0000000000
39827  24.166  -37.230  43.779 0.0000000000
39816  24.270  -37.342  44.594 0.0000000000
39806  23.403  -37.451  45.059 0.0000000000
39781  22.506  -37.711  47.287 0.0000000000
38696  22.471  -37.803  46.358 0.0000000000
37741  21.529  -39.058  45.335 0.0000000000
36719  21.461  -39.919  44.749 0.0000000000
35743  21.666  -41.746  45.010 0.0000000000
39776  31.517  -37.480  47.612 0.0000000000
38675  31.655  -38.524  47.193 0.0000000000
37705  31.326  -39.007  46.894 0.0000000000
120359  30.957  -38.450  47.274 0.0000000000
37707  29.945  -38.616  47.042 0.0000000000
38680  27.330  -37.741  47.543 0.0000000000
38694  26.754  -37.809  46.811 0.0000000000
39815  25.126  -37.487  44.427 0.0000000000
39895  44.629  -36.710  38.598 0.0000000000
40860  44.925  -35.821  38.351 0.0000000000
41799  45.454  -34.760  39.093 0.0000000000
44552  45.839  -32.439  38.317 0.0000000000
135579  45.920  -31.879  37.822 0.0000000000
44553  45.593  -32.566  37.513 0.0000000000
44568  45.133  -32.844  36.799 0.0000000000
44569  44.638  -32.886  36.139 0.0000000000
42757  41.438  -34.339  33.541 0.0000000000
43701  41.971  -33.485  33.750 0.0000000000
43703  40.937  -34.123  32.939 0.0000000000
43711  40.748  -33.427  32.475 0.0000000000
44627  40.917  -32.565  32.097 0.0000000000
45627  40.993  -31.914  31.685 0.0000000000
44639  40.437  -32.403  31.562 0.0000000000
44655  39.329  -32.519  30.707 0.0000000000
44657  37.998  -33.105  29.780 0.0000000000
41888  35.403  -35.203  30.870 0.0000000000
41889  34.459  -35.042  30.498 0.0000000000
42799  32.704  -34.931  29.806 0.0000000000
42811  32.017  -34.704  29.292 0.0000000000
41901  31.914  -35.240  29.814 0.0000000000
41892  31.279  -35.724  30.183 0.0000000000
120177  28.864  -41.562  38.198 0.0000000000
143576  29.320  -41.955  38.226 0.0000000000
35805  29.124  -42.375  38.392 0.0000000000
33976  29.617  -43.448  38.186 0.0000000000
33021  30.603  -44.471  37.619 0.0000000000
66303  50.791  -10.518  25.253 0.0000000000
66312  49.314  -10.579  24.454 0.0000000000
65312  45.236  -11.944  24.205 0.0000000000
38884  22.450  -37.709  33.445 0.0000000000
38777  22.378  -38.276  40.887 0.0000000000
37823  22.174  -39.124  39.795 0.0000000000
141849  38.701  -39.926  42.310 0.0000000000
36745  39.395  -39.828  42.275 0.0000000000
36758  38.700  -39.931  41.810 0.0000000000
36771  39.224  -39.872  41.018 0.0000000000
37806  40.000  -39.763  40.346 0.0000000000
37807  39.181  -39.761  40.304 0.0000000000
140530  38.829  -39.444  39.300 0.0000000000
37837  37.435  -39.580  38.627 0.0000000000
141594  37.369  -39.391  38.021 0.0000000000
36803  36.525  -39.866  38.771 0.0000000000
36804  35.996  -39.986  38.864 0.0000000000
38786  33.791  -38.949  40.314 0.0000000000
38798  33.559  -38.400  39.600 0.0000000000
39880  33.251  -37.762  38.918 0.0000000000
39881  32.520  -37.125  39.289 0.0000000000
40848  31.170  -36.518  38.963 0.0000000000
36717  30.322  -39.733  44.799 0.0000000000
36735  30.691  -39.949  44.138 0.0000000000
138046  28.416  -38.117  40.857 0.0000000000
39884  29.442  -37.057  39.362 0.0000000000
38830  27.598  -38.128  37.352 0.0000000000
38848  25.497  -38.223  36.135 0.0000000000
37877  25.093  -39.720  35.970 0.0000000000
36827  24.969  -40.327  35.350 0.0000000000
35831  25.411  -40.988  35.472 0.0000000000
35841  24.970  -40.619  34.760 0.0000000000
35850  24.773  -40.573  33.905 0.0000000000
61478  43.527  -16.152  27.559 0.0000000000
61492  42.981  -15.840  26.471 0.0000000000
60473  43.337  -16.427  26.270 0.0000000000
60471  43.604  -16.495  25.897 0.0000000000
59524  47.357  -17.337  23.415 0.0000000000
34807  21.535  -41.911  49.074 0.0000000000
34820  21.854  -42.115  48.347 0.0000000000
34828  21.882  -42.266  47.404 0.0000000000
131628  21.747  -42.998  47.049 0.0000000000
33899  21.536  -43.493  46.691 0.0000000000
32990  21.174  -44.197  45.769 0.0000000000
30074  18.497  -47.108  46.641 0.0000000000
31129  19.079  -46.690  46.256 0.0000000000
31134  19.586  -46.199  45.804 0.0000000000
31138  20.044  -45.675  45.402 0.0000000000
31147  19.063  -45.912  43.032 0.0000000000
66272  54.649  -10.002  27.480 0.0000000000
66257  54.445  -9.776  28.264 0.0000000000
66258  53.566  -10.052  28.535 0.0000000000
66230  52.193  -9.733  30.179 0.0000000000
66242  49.326  -10.307  29.155 0.0000000000
66217  47.669  -10.460  31.561 0.0000000000
66223  47.542  -10.444  30.953 0.0000000000
132309  46.889  -12.907  30.084 0.0000000000
62339  46.902  -14.484  30.084 0.0000000000
61440  49.783  -15.857  30.722 0.0000000000
61441  48.785  -15.670  30.655 0.0000000000
60415  49.083  -16.405  30.245 0.0000000000
60436  48.487  -17.022  29.825 0.0000000000
132735  48.009  -18.759  28.497 0.0000000000
58454  48.376  -18.291  28.996 0.0000000000
58476  48.926  -18.750  28.342 0.0000000000
58495  49.445  -19.245  27.524 0.0000000000
61362  52.746  -14.963  34.839 0.0000000000
134154  52.500  -15.254  34.322 0.0000000000
61380  52.609  -15.838  34.112 0.0000000000
132023  52.414  -16.540  33.347 0.0000000000
59400  52.397  -16.974  32.663 0.0000000000
55503  50.646  -20.990  30.182 0.0000000000
56479  51.218  -20.262  30.642 0.0000000000
56491  50.729  -20.913  29.125 0.0000000000
56497  50.614  -20.669  28.237 0.0000000000
56505  50.310  -20.469  27.543 0.0000000000
56506  49.864  -20.876  27.162 0.0000000000
55559  49.021  -21.216  26.162 0.0000000000
55578  47.626  -21.520  25.044 0.0000000000
54569  47.623  -21.660  25.847 0.0000000000
54557  46.120  -21.856  26.103 0.0000000000
55518  45.608  -21.704  28.691 0.0000000000
55545  44.737  -21.798  27.424 0.0000000000
55563  43.682  -21.698  26.572 0.0000000000
55582  41.834  -21.136  25.611 0.0000000000
56527  40.925  -20.988  25.511 0.0000000000
53391  48.450  -22.826  37.869 0.0000000000
53403  48.076  -23.132  37.161 0.0000000000
47650  46.025  -29.824  36.482 0.0000000000
47649  46.823  -28.789  37.274 0.0000000000
127297  46.389  -29.000  36.584 0.0000000000
48616  46.284  -28.388  35.946 0.0000000000
49565  46.146  -27.848  35.401 0.0000000000
121653  43.431  -26.801  32.378 0.0000000000
124069  44.464  -26.806  33.269 0.0000000000
138553  43.997  -26.567  32.742 0.0000000000
140393  45.337  -25.777  33.782 0.0000000000
51577  45.354  -25.141  33.832 0.0000000000
52475  46.152  -24.400  35.013 0.0000000000
52486  45.337  -24.349  33.922 0.0000000000
53432  44.908  -23.724  33.417 0.0000000000
136311  45.178  -22.971  33.658 0.0000000000
54452  44.740  -22.717  32.965 0.0000000000
143813  44.164  -23.022  32.360 0.0000000000
53445  43.374  -23.877  31.538 0.0000000000
53455  42.623  -23.698  30.432 0.0000000000
51658  40.002  -25.183  27.502 0.0000000000
122850  40.498  -25.207  28.084 0.0000000000
52552  39.781  -24.432  27.199 0.0000000000
53500  39.580  -23.691  26.873 0.0000000000
54559  39.490  -22.885  26.472 0.0000000000
53509  38.412  -23.581  25.808 0.0000000000
53510  37.753  -23.444  25.321 0.0000000000
53522  37.139  -23.292  24.796 0.0000000000
131156  35.875  -24.663  23.689 0.0000000000
49767  34.316  -27.364  24.346 0.0000000000
50745  34.639  -26.641  23.973 0.0000000000
50746  33.849  -26.842  23.819 0.0000000000
49781  33.092  -27.061  23.574 0.0000000000
125878  34.755  -31.795  27.123 0.0000000000
46741  34.645  -31.129  26.859 0.0000000000
45695  34.205  -31.728  26.912 0.0000000000
142682  33.138  -31.695  26.337 0.0000000000
44753  28.696  -31.972  24.975 0.0000000000
45729  29.600  -31.617  25.271 0.0000000000
45745  28.493  -31.728  24.212 0.0000000000
38869  35.095  -38.272  34.992 0.0000000000
134554  33.469  -37.602  33.754 0.0000000000
40934  30.291  -36.551  33.595 0.0000000000
40957  30.010  -36.564  32.808 0.0000000000
125564  29.793  -36.530  32.158 0.0000000000
40975  29.190  -36.392  31.684 0.0000000000
38898  27.885  -37.858  31.160 0.0000000000
34926  30.542  -42.697  35.765 0.0000000000
34935  30.376  -42.418  34.961 0.0000000000
121861  30.200  -42.216  34.006 0.0000000000
34962  32.669  -42.976  31.571 0.0000000000
34963  31.586  -42.886  31.687 0.0000000000
35884  29.778  -41.560  30.572 0.0000000000
36892  29.285  -41.018  30.038 0.0000000000
67284  51.080  -9.310  22.090 0.0000000000
61504  45.205  -15.697  25.145 0.0000000000
62384  44.478  -15.428  24.510 0.0000000000
61503  46.528  -15.415  25.778 0.0000000000
121995  24.865  -37.436  46.929 0.0000000000
141198  24.324  -37.399  46.239 0.0000000000
39780  23.391  -37.395  47.642 0.0000000000
38682  21.467  -38.675  47.723 0.0000000000
39762  27.741  -37.203  48.276 0.0000000000
134690  27.005  -37.009  48.518 0.0000000000
39763  27.082  -37.413  48.182 0.0000000000
37802  43.097  -38.806  40.381 0.0000000000
38796  43.111  -38.679  39.582 0.0000000000
38795  43.808  -38.155  39.384 0.0000000000
38806  43.612  -37.939  38.391 0.0000000000
38821  42.705  -38.070  37.181 0.0000000000
39913  43.409  -37.768  37.533 0.0000000000
39912  44.049  -37.255  38.028 0.0000000000
40876  44.398  -36.511  37.788 0.0000000000
41822  44.159  -35.723  36.886 0.0000000000
42729  44.140  -35.030  36.517 0.0000000000
42736  44.166  -34.289  36.169 0.0000000000
41833  43.173  -35.558  35.664 0.0000000000
42738  42.709  -35.304  35.067 0.0000000000
42747  42.198  -35.061  34.504 0.0000000000
40919  41.570  -36.572  34.532 0.0000000000
41841  41.661  -35.687  34.175 0.0000000000
41844  41.178  -35.298  33.657 0.0000000000
41857  40.209  -35.287  32.833 0.0000000000
41858  39.598  -35.360  32.327 0.0000000000
41872  39.118  -34.968  31.651 0.0000000000
42785  37.986  -34.875  30.719 0.0000000000
41873  38.407  -35.277  31.386 0.0000000000
41874  37.702  -35.473  31.200 0.0000000000
138085  37.098  -35.551  31.134 0.0000000000
40950  37.618  -36.123  32.600 0.0000000000
41875  36.553  -35.693  31.584 0.0000000000
41876  35.192  -35.602  31.701 0.0000000000
33994  28.416  -43.708  36.979 0.0000000000
33040  29.063  -44.617  35.992 0.0000000000
131645  28.723  -44.704  33.825 0.0000000000
32133  29.202  -45.193  34.277 0.0000000000
64333  43.901  -12.833  24.661 0.0000000000
39966  24.698  -36.972  34.260 0.0000000000
39980  24.268  -37.192  33.340 0.0000000000
123988  23.968  -36.295  34.505 0.0000000000
39952  23.309  -36.721  34.653 0.0000000000
39935  23.361  -36.624  35.670 0.0000000000
38876  22.594  -37.502  34.468 0.0000000000
38864  22.333  -38.205  35.344 0.0000000000
38865  21.963  -38.977  35.381 0.0000000000
127527  21.857  -40.156  41.641 0.0000000000
36763  21.757  -40.471  41.012 0.0000000000
34893  21.060  -41.987  40.160 0.0000000000
35801  20.901  -41.746  39.276 0.0000000000
33014  19.003  -44.347  38.997 0.0000000000
37754  37.420  -39.934  44.403 0.0000000000
36710  37.563  -40.401  43.749 0.0000000000
36709  38.191  -40.136  43.367 0.0000000000
36746  37.423  -40.555  42.394 0.0000000000
35789  36.865  -40.653  41.404 0.0000000000
36774  36.314  -40.476  40.320 0.0000000000
35790  36.320  -40.775  41.057 0.0000000000
36776  35.177  -40.499  40.871 0.0000000000
35762  35.380  -40.914  42.497 0.0000000000
36761  34.958  -40.742  41.709 0.0000000000
36777  34.437  -40.160  41.288 0.0000000000
38738  28.000  -39.007  43.079 0.0000000000
37787  28.688  -39.317  42.933 0.0000000000
39852  26.907  -37.853  41.476 0.0000000000
39851  27.621  -37.975  40.916 0.0000000000
39868  27.388  -37.373  39.963 0.0000000000
39920  26.241  -36.809  37.772 0.0000000000
39934  25.865  -36.559  37.114 0.0000000000
125953  25.746  -36.199  37.870 0.0000000000
143624  25.703  -36.679  36.512 0.0000000000
39951  25.499  -36.941  35.923 0.0000000000
133882  25.241  -36.282  35.518 0.0000000000
59497  46.627  -18.084  24.394 0.0000000000
120872  17.882  -47.562  46.953 0.0000000000
121765  17.997  -47.321  46.121 0.0000000000
29166  16.149  -47.845  44.292 0.0000000000
137480  48.923  -13.161  31.522 0.0000000000
62327  49.641  -14.503  31.471 0.0000000000
63256  50.437  -13.608  32.646 0.0000000000
63265  50.298  -14.388  32.102 0.0000000000
62335  49.963  -15.230  31.221 0.0000000000
61439  50.548  -15.755  31.140 0.0000000000
60414  50.713  -16.479  30.536 0.0000000000
58375  52.488  -18.247  34.353 0.0000000000
58386  52.444  -18.041  33.698 0.0000000000
57359  52.188  -18.848  34.064 0.0000000000
56453  51.393  -20.078  33.343 0.0000000000
139877  50.576  -20.840  32.902 0.0000000000
55471  50.514  -20.962  32.384 0.0000000000
55486  50.598  -21.004  31.331 0.0000000000
54503  49.238  -21.709  29.539 0.0000000000
54520  48.561  -21.668  28.480 0.0000000000
54521  47.979  -21.650  28.239 0.0000000000
54505  47.964  -21.672  29.041 0.0000000000
122447  47.293  -21.742  29.152 0.0000000000
54506  46.600  -21.760  28.914 0.0000000000
127083  47.989  -21.729  30.501 0.0000000000
55505  46.862  -21.737  29.640 0.0000000000
52444  48.108  -24.373  38.927 0.0000000000
47685  43.674  -29.983  33.617 0.0000000000
127697  44.281  -29.100  33.970 0.0000000000
47699  43.356  -29.653  33.107 0.0000000000
128404  43.507  -28.881  33.084 0.0000000000
48671  43.121  -28.406  32.609 0.0000000000
48692  42.275  -28.543  31.730 0.0000000000
48672  42.715  -28.015  32.090 0.0000000000
49610  43.245  -27.612  32.511 0.0000000000
49633  42.797  -27.129  31.886 0.0000000000
50637  43.027  -26.225  31.822 0.0000000000
51605  42.827  -25.483  31.346 0.0000000000
51618  42.283  -25.557  30.791 0.0000000000
127115  40.565  -27.032  28.965 0.0000000000
50678  40.383  -26.523  28.442 0.0000000000
51645  40.144  -25.999  27.840 0.0000000000
132852  39.699  -25.816  27.264 0.0000000000
51670  38.531  -25.969  26.028 0.0000000000
51671  37.999  -25.827  25.550 0.0000000000
50719  37.521  -26.215  25.107 0.0000000000
49727  37.165  -28.054  25.519 0.0000000000
49747  35.769  -27.850  24.745 0.0000000000
49748  34.861  -27.977  24.744 0.0000000000
48800  33.963  -28.054  24.777 0.0000000000
48788  32.768  -28.743  24.916 0.0000000000
44699  31.813  -32.947  26.986 0.0000000000
44700  30.978  -32.973  27.007 0.0000000000
44715  30.611  -32.542  26.465 0.0000000000
126936  29.868  -32.595  26.364 0.0000000000
43797  28.349  -33.224  26.063 0.0000000000
44736  28.231  -32.684  25.244 0.0000000000
43841  27.659  -33.096  24.638 0.0000000000
39949  33.018  -37.526  35.609 0.0000000000
40911  30.686  -36.368  35.315 0.0000000000
40923  30.492  -36.455  34.475 0.0000000000
39979  28.591  -37.620  33.383 0.0000000000
130309  33.496  -45.249  34.387 0.0000000000
34008  32.699  -44.289  34.311 0.0000000000
33058  33.455  -44.721  34.082 0.0000000000
34026  34.969  -44.126  32.672 0.0000000000
34046  33.241  -43.360  32.186 0.0000000000
69169  54.745  -8.003  21.357 0.0000000000
119020  53.014  -7.661  20.254 0.0000000000
69198  51.570  -7.970  19.746 0.0000000000
66340  47.688  -10.080  21.165 0.0000000000
118872  24.893  -36.875  41.933 0.0000000000
39854  23.954  -36.840  41.850 0.0000000000
39840  22.646  -37.667  42.039 0.0000000000
37798  22.123  -39.261  41.812 0.0000000000
123588  22.623  -37.767  44.614 0.0000000000
37788  22.040  -39.272  42.562 0.0000000000
36751  21.751  -40.624  42.198 0.0000000000
34867  21.541  -42.181  42.467 0.0000000000
125674  21.248  -43.035  42.508 0.0000000000
38692  33.343  -38.442  46.556 0.0000000000
121507  33.598  -39.214  46.052 0.0000000000
36689  33.356  -39.845  45.491 0.0000000000
36698  33.197  -40.024  45.113 0.0000000000
36690  32.748  -39.809  45.672 0.0000000000
36691  32.088  -39.768  45.914 0.0000000000
36700  31.770  -39.811  45.407 0.0000000000
37723  30.994  -39.308  46.535 0.0000000000
36701  30.943  -39.689  45.501 0.0000000000
37757  29.576  -39.669  44.382 0.0000000000
37758  28.910  -39.495  44.348 0.0000000000
38661  29.051  -37.738  47.785 0.0000000000
37708  29.358  -38.391  47.188 0.0000000000
38693  27.728  -38.159  46.729 0.0000000000
143071  27.900  -38.938  43.707 0.0000000000
38739  27.435  -38.582  43.353 0.0000000000
56560  45.949  -20.201  22.596 0.0000000000
121380  52.317  -14.203  36.111 0.0000000000
61350  52.977  -15.475  35.475 0.0000000000
60315  53.073  -16.247  35.798 0.0000000000
59354  53.071  -17.113  35.653 0.0000000000
60316  52.781  -16.564  36.466 0.0000000000
58363  52.620  -18.799  35.587 0.0000000000
121118  52.208  -19.551  35.283 0.0000000000
56430  51.740  -20.198  34.893 0.0000000000
58349  52.182  -19.223  37.103 0.0000000000
56422  52.009  -20.174  35.707 0.0000000000
56423  51.491  -20.733  35.239 0.0000000000
122270  50.996  -21.124  34.791 0.0000000000
134004  50.218  -21.641  34.978 0.0000000000
46605  46.179  -30.429  37.102 0.0000000000
46624  44.832  -30.716  35.301 0.0000000000
46634  44.281  -30.608  34.645 0.0000000000
43684  43.716  -33.279  35.418 0.0000000000
44585  43.618  -32.716  35.048 0.0000000000
43693  42.560  -33.457  34.403 0.0000000000
44598  43.044  -32.715  34.516 0.0000000000
45579  44.128  -32.018  35.155 0.0000000000
45592  43.764  -31.376  34.471 0.0000000000
45610  43.303  -31.145  33.807 0.0000000000
46635  43.745  -30.574  33.987 0.0000000000
46646  43.188  -30.507  33.283 0.0000000000
46661  42.212  -30.319  32.056 0.0000000000
46679  41.582  -30.652  31.463 0.0000000000
45640  41.009  -31.317  31.244 0.0000000000
46680  40.882  -30.574  30.753 0.0000000000
141222  40.517  -30.271  30.321 0.0000000000
46708  39.473  -30.070  29.279 0.0000000000
46724  38.321  -30.318  28.603 0.0000000000
46725  37.618  -30.563  28.304 0.0000000000
45678  37.326  -31.294  28.469 0.0000000000
45679  36.664  -31.604  28.138 0.0000000000
44667  37.640  -32.414  29.248 0.0000000000
44679  36.382  -32.425  28.318 0.0000000000
45680  35.942  -31.929  27.774 0.0000000000
44695  35.132  -32.237  27.524 0.0000000000
42795  37.491  -34.570  30.115 0.0000000000
43743  36.959  -34.226  29.621 0.0000000000
42808  35.314  -34.357  29.345 0.0000000000
43756  35.671  -33.983  28.921 0.0000000000
43766  34.435  -33.675  28.258 0.0000000000
43778  33.207  -33.437  27.787 0.0000000000
43779  32.402  -33.353  27.531 0.0000000000
43770  30.899  -33.972  28.092 0.0000000000
42812  31.319  -34.427  28.813 0.0000000000
42823  30.369  -34.435  28.625 0.0000000000
42824  29.367  -34.471  28.524 0.0000000000
38847  29.269  -38.083  36.648 0.0000000000
37869  29.751  -39.228  36.773 0.0000000000
36821  29.809  -40.911  36.591 0.0000000000
123043  29.896  -42.147  37.561 0.0000000000
34916  30.348  -42.663  37.312 0.0000000000
134341  30.478  -42.651  36.609 0.0000000000
34925  31.003  -43.431  36.229 0.0000000000
33023  29.112  -44.105  37.473 0.0000000000
32096  30.351  -44.885  37.124 0.0000000000
32107  31.177  -45.049  37.063 0.0000000000
31203  30.905  -46.023  35.575 0.0000000000
32120  31.483  -45.626  36.250 0.0000000000
32106  31.716  -45.336  36.458 0.0000000000
32105  32.150  -45.389  36.015 0.0000000000
32117  32.767  -45.432  35.385 0.0000000000
33047  33.251  -45.483  34.825 0.0000000000
67241  52.804  -9.645  24.502 0.0000000000
138123  52.636  -9.354  23.722 0.0000000000
67242  51.986  -9.660  23.981 0.0000000000
67257  50.691  -10.062  23.503 0.0000000000
66323  48.434  -10.677  23.896 0.0000000000
66314  47.062  -11.167  24.086 0.0000000000
38892  23.839  -38.284  32.321 0.0000000000
39887  23.156  -36.796  39.480 0.0000000000
39905  22.782  -37.493  38.997 0.0000000000
38849  22.516  -38.202  36.863 0.0000000000
37871  22.164  -38.854  36.233 0.0000000000
123076  21.719  -39.655  35.887 0.0000000000
36778  21.874  -39.934  40.263 0.0000000000
36810  21.681  -39.953  38.659 0.0000000000
35817  21.075  -40.941  37.807 0.0000000000
132178  21.338  -40.329  36.403 0.0000000000
36829  21.227  -40.287  35.504 0.0000000000
37781  40.305  -39.663  42.366 0.0000000000
143539  42.644  -38.984  41.525 0.0000000000
37803  42.504  -39.103  40.814 0.0000000000
37815  42.365  -39.106  39.868 0.0000000000
37832  41.987  -39.083  39.035 0.0000000000
37834  40.317  -39.141  38.951 0.0000000000
37849  40.919  -38.776  38.240 0.0000000000
38823  40.631  -38.414  37.446 0.0000000000
38841  39.297  -38.110  36.588 0.0000000000
141062  38.207  -37.948  35.894 0.0000000000
39946  38.109  -37.593  35.385 0.0000000000
38856  37.422  -38.217  36.020 0.0000000000
37853  36.615  -39.196  37.153 0.0000000000
37865  35.986  -39.170  36.849 0.0000000000
38844  35.736  -38.862  36.360 0.0000000000
37875  35.195  -38.808  36.322 0.0000000000
38845  34.831  -38.712  36.294 0.0000000000
38846  34.443  -38.577  36.390 0.0000000000
37821  35.030  -39.661  39.271 0.0000000000
37840  35.182  -39.498  38.375 0.0000000000
39931  33.749  -38.143  36.180 0.0000000000
39932  33.015  -37.350  36.582 0.0000000000
40878  32.385  -36.627  36.927 0.0000000000
40898  30.021  -36.693  36.877 0.0000000000
36714  33.065  -40.220  44.648 0.0000000000
35742  33.092  -40.417  44.174 0.0000000000
36749  32.837  -40.288  43.371 0.0000000000
36750  31.914  -40.017  43.515 0.0000000000
38770  32.224  -38.457  41.480 0.0000000000
136259  29.886  -39.118  42.352 0.0000000000
38773  29.082  -38.344  41.273 0.0000000000
38754  29.864  -38.605  41.720 0.0000000000
38788  31.699  -37.915  41.064 0.0000000000
37841  28.698  -39.874  37.573 0.0000000000
36807  28.403  -40.766  37.992 0.0000000000
124151  28.180  -41.396  38.228 0.0000000000
34900  27.933  -42.259  38.201 0.0000000000
34907  27.543  -42.458  37.667 0.0000000000
38831  26.726  -38.429  37.133 0.0000000000
138169  26.704  -39.564  37.317 0.0000000000
36815  26.414  -40.305  37.274 0.0000000000
35815  26.648  -41.546  37.307 0.0000000000
34917  27.273  -42.602  36.872 0.0000000000
34927  27.136  -42.685  35.944 0.0000000000
34936  27.119  -42.716  34.901 0.0000000000
35839  25.942  -41.586  34.980 0.0000000000
34937  26.526  -42.209  34.393 0.0000000000
34944  27.068  -42.853  33.819 0.0000000000
125859  44.177  -13.245  26.894 0.0000000000
133040  42.814  -13.949  25.250 0.0000000000
61490  42.992  -15.532  23.945 0.0000000000
139720  42.906  -16.074  25.143 0.0000000000
59473  45.620  -17.269  26.707 0.0000000000
130100  45.872  -16.818  26.235 0.0000000000
60484  46.730  -16.573  26.165 0.0000000000
60483  47.801  -15.984  26.302 0.0000000000
58549  46.495  -18.711  20.834 0.0000000000
41693  23.495  -36.173  49.092 0.0000000000
39730  22.849  -36.846  49.294 0.0000000000
39731  22.109  -37.126  49.557 0.0000000000
39749  22.347  -37.035  49.447 0.0000000000
37688  21.000  -39.325  49.309 0.0000000000
37694  21.281  -39.539  48.176 0.0000000000
36686  21.306  -40.019  47.383 0.0000000000
127019  21.490  -40.840  46.232 0.0000000000
34833  21.803  -42.383  46.484 0.0000000000
34839  21.733  -42.469  45.584 0.0000000000
33930  21.666  -42.539  44.599 0.0000000000
135405  21.398  -43.348  43.764 0.0000000000
33946  21.216  -43.546  43.185 0.0000000000
32051  20.674  -44.584  47.804 0.0000000000
32980  21.014  -44.153  47.385 0.0000000000
32061  20.759  -44.753  45.399 0.0000000000
126582  20.412  -45.250  45.134 0.0000000000
32999  20.888  -44.123  43.181 0.0000000000
33003  19.634  -44.844  41.480 0.0000000000
123718  19.065  -45.485  41.105 0.0000000000
30103  18.086  -46.616  43.110 0.0000000000
30125  17.985  -46.653  42.177 0.0000000000
67239  54.834  -9.516  24.809 0.0000000000
67232  53.425  -9.897  25.304 0.0000000000
66301  52.514  -10.073  25.286 0.0000000000
66287  52.184  -10.375  26.001 0.0000000000
119596  51.315  -10.572  26.012 0.0000000000
120817  50.274  -10.967  27.249 0.0000000000
66259  52.665  -10.209  28.718 0.0000000000
66240  52.467  -10.024  29.464 0.0000000000
130678  51.922  -10.289  28.863 0.0000000000
66260  51.902  -10.451  28.168 0.0000000000
120063  51.123  -10.678  27.707 0.0000000000
140023  48.388  -11.138  27.628 0.0000000000
143129  45.801  -12.151  28.150 0.0000000000
66233  47.385  -10.560  30.150 0.0000000000
136120  47.041  -11.003  29.518 0.0000000000
62363  44.017  -14.504  27.851 0.0000000000
136117  44.397  -15.118  28.487 0.0000000000
61477  44.170  -15.873  28.460 0.0000000000
60449  44.138  -16.621  28.255 0.0000000000
59464  44.952  -17.493  27.909 0.0000000000
63277  48.343  -14.030  30.856 0.0000000000
62338  47.706  -14.616  30.508 0.0000000000
61443  47.081  -15.313  30.210 0.0000000000
60417  47.251  -16.161  30.166 0.0000000000
60418  46.349  -15.952  29.890 0.0000000000
58478  45.730  -18.122  27.673 0.0000000000
132156  47.360  -19.335  26.338 0.0000000000
137221  51.631  -12.896  34.933 0.0000000000
63242  51.652  -13.995  34.205 0.0000000000
62314  51.574  -14.898  33.310 0.0000000000
62302  52.101  -14.948  34.104 0.0000000000
62313  51.815  -15.170  33.540 0.0000000000
62324  51.413  -15.149  32.760 0.0000000000
61437  51.525  -16.302  31.503 0.0000000000
60413  51.536  -16.740  30.709 0.0000000000
60433  51.275  -17.147  29.975 0.0000000000
58400  52.476  -17.819  32.907 0.0000000000
58416  52.387  -17.664  32.107 0.0000000000
58432  52.281  -17.565  31.384 0.0000000000
57400  51.720  -19.302  30.483 0.0000000000
128289  51.980  -18.574  30.428 0.0000000000
137495  51.911  -18.042  30.101 0.0000000000
59441  51.509  -17.821  29.613 0.0000000000
59442  50.906  -17.639  29.299 0.0000000000
58452  50.506  -18.205  28.716 0.0000000000
57434  49.675  -19.845  26.921 0.0000000000
56512  49.923  -20.358  27.041 0.0000000000
57444  49.583  -20.321  26.619 0.0000000000
57445  49.118  -20.148  26.258 0.0000000000
56526  47.915  -20.722  24.498 0.0000000000
141144  46.497  -21.603  24.572 0.0000000000
54539  46.974  -21.805  27.443 0.0000000000
55561  45.293  -21.844  25.738 0.0000000000
55562  44.462  -21.797  26.170 0.0000000000
139459  44.616  -21.718  25.500 0.0000000000
55412  50.500  -21.366  37.179 0.0000000000
55425  50.602  -21.459  36.217 0.0000000000
55438  49.586  -21.718  35.245 0.0000000000
55449  49.104  -21.652  34.594 0.0000000000
51527  47.838  -25.617  38.104 0.0000000000
51528  47.741  -25.356  37.556 0.0000000000
48632  45.127  -28.498  34.665 0.0000000000
49575  46.280  -27.053  35.188 0.0000000000
49590  45.133  -27.102  33.943 0.0000000000
122999  45.735  -26.892  34.505 0.0000000000
129354  46.800  -26.871  35.804 0.0000000000
50576  47.027  -26.476  36.115 0.0000000000
133966  47.437  -25.068  36.878 0.0000000000
52450  47.774  -24.492  37.407 0.0000000000
53393  47.773  -23.800  37.164 0.0000000000
53404  47.510  -23.408  36.621 0.0000000000
54419  47.859  -22.649  36.448 0.0000000000
53416  46.454  -23.414  35.428 0.0000000000
53415  47.137  -22.929  35.972 0.0000000000
54428  47.718  -22.130  35.596 0.0000000000
137447  48.269  -21.711  34.883 0.0000000000
119760  48.491  -21.604  34.053 0.0000000000
55461  47.845  -21.558  33.510 0.0000000000
55475  46.452  -21.535  32.527 0.0000000000
120496  45.879  -21.530  31.938 0.0000000000
54464  45.038  -21.895  32.494 0.0000000000
55491  44.958  -21.692  31.653 0.0000000000
118843  44.862  -21.600  30.936 0.0000000000
54490  44.346  -21.680  30.417 0.0000000000
140305  43.390  -21.902  29.474 0.0000000000
55535  42.700  -21.891  28.463 0.0000000000
52516  42.639  -24.844  30.905 0.0000000000
53456  42.220  -24.169  30.030 0.0000000000
53464  42.297  -23.389  29.806 0.0000000000
52540  40.870  -24.471  28.366 0.0000000000
54509  41.936  -23.069  29.149 0.0000000000
54524  42.268  -22.323  28.849 0.0000000000
55536  42.073  -22.017  28.140 0.0000000000
55564  40.493  -21.851  26.499 0.0000000000
54572  39.106  -22.311  25.851 0.0000000000
51685  36.966  -25.719  24.613 0.0000000000
51704  35.693  -25.580  23.856 0.0000000000
51722  35.198  -25.178  23.340 0.0000000000
50762  34.197  -26.173  23.422 0.0000000000
51723  34.558  -25.543  23.074 0.0000000000
46739  37.215  -30.059  27.814 0.0000000000
47802  36.031  -29.937  27.102 0.0000000000
47815  35.595  -29.578  26.668 0.0000000000
46751  34.384  -30.392  26.491 0.0000000000
47816  34.874  -29.591  26.284 0.0000000000
47828  34.246  -29.224  25.760 0.0000000000
47843  32.094  -29.018  24.779 0.0000000000
127817  31.711  -32.073  26.159 0.0000000000
45727  31.501  -31.435  25.762 0.0000000000
125640  30.133  -31.048  25.128 0.0000000000
46765  30.856  -30.844  25.249 0.0000000000
46764  31.666  -30.595  25.389 0.0000000000
47831  31.896  -29.811  25.081 0.0000000000
119553  35.667  -37.124  33.931 0.0000000000
40932  35.618  -36.666  33.338 0.0000000000
40970  33.819  -36.484  32.121 0.0000000000
39977  32.936  -37.543  33.765 0.0000000000
39990  33.018  -37.461  33.131 0.0000000000
40971  33.016  -36.705  31.855 0.0000000000
40984  31.774  -36.305  30.860 0.0000000000
41893  30.264  -35.839  30.310 0.0000000000
127924  29.815  -36.206  30.892 0.0000000000
41894  29.451  -35.892  30.416 0.0000000000
41905  28.457  -35.668  29.541 0.0000000000
141955  27.841  -36.061  29.226 0.0000000000
41009  26.974  -36.844  28.303 0.0000000000
38861  29.599  -38.530  36.226 0.0000000000
120242  29.552  -38.921  35.529 0.0000000000
126882  29.425  -39.363  34.912 0.0000000000
36837  29.823  -40.782  35.179 0.0000000000
38872  29.133  -38.503  34.654 0.0000000000
38882  28.707  -38.636  33.672 0.0000000000
140641  31.422  -43.273  33.617 0.0000000000
34943  30.716  -42.756  33.301 0.0000000000
35846  29.914  -42.048  33.003 0.0000000000
34951  30.684  -42.642  32.355 0.0000000000
36854  29.034  -40.423  32.790 0.0000000000
38904  27.974  -38.748  31.300 0.0000000000
38905  27.748  -38.560  30.565 0.0000000000
37913  27.770  -39.112  30.025 0.0000000000
38915  27.513  -38.490  29.813 0.0000000000
40016  27.345  -37.659  29.550 0.0000000000
40029  27.012  -37.610  28.668 0.0000000000
40043  26.839  -37.538  27.724 0.0000000000
67272  52.255  -8.943  22.480 0.0000000000
134226  43.609  -15.171  23.890 0.0000000000
32055  20.796  -44.706  47.040 0.0000000000
33013  30.117  -44.032  38.013 0.0000000000
33022  29.885  -44.366  37.668 0.0000000000
33030  29.497  -44.631  36.945 0.0000000000
33048  32.968  -44.930  34.939 0.0000000000
33056  34.772  -44.839  33.080 0.0000000000
33975  30.242  -43.615  37.980 0.0000000000
33983  30.755  -43.866  37.697 0.0000000000
34027  34.128  -43.706  32.535 0.0000000000
34908  26.892  -42.015  37.181 0.0000000000
35738  35.844  -40.835  43.715 0.0000000000
35749  36.881  -40.759  42.731 0.0000000000
35804  29.667  -42.344  38.102 0.0000000000
35806  28.402  -41.993  38.378 0.0000000000
35807  27.703  -41.605  38.125 0.0000000000
35813  29.445  -41.540  37.816 0.0000000000
35820  29.977  -41.919  36.901 0.0000000000
35821  26.327  -41.550  36.725 0.0000000000
36712  35.245  -40.591  44.388 0.0000000000
36729  38.640  -39.990  42.787 0.0000000000
36757  39.709  -39.831  41.675 0.0000000000
36760  35.526  -40.829  41.365 0.0000000000
36838  29.512  -40.120  34.576 0.0000000000
36861  29.066  -40.774  31.825 0.0000000000
37755  36.727  -40.113  44.675 0.0000000000
37792  42.019  -39.307  41.414 0.0000000000
37819  38.641  -39.675  39.875 0.0000000000
37883  24.614  -39.378  34.471 0.0000000000
38648  21.666  -37.281  49.601 0.0000000000
38659  30.502  -37.964  47.538 0.0000000000
38931  27.245  -38.560  28.902 0.0000000000
39758  30.761  -37.488  47.652 0.0000000000
39871  23.109  -36.996  40.811 0.0000000000
39879  44.560  -37.603  39.797 0.0000000000
39897  33.343  -37.657  38.060 0.0000000000
39930  42.397  -37.797  36.445 0.0000000000
39965  25.129  -36.848  35.055 0.0000000000
39973  37.885  -36.761  34.082 0.0000000000
39994  23.170  -37.604  32.398 0.0000000000
40892  44.155  -36.310  37.207 0.0000000000
40909  41.869  -37.173  35.035 0.0000000000
40921  40.271  -36.710  34.027 0.0000000000
40925  24.827  -36.364  34.941 0.0000000000
40927  23.668  -36.614  33.921 0.0000000000
41685  22.376  -36.443  49.267 0.0000000000
41800  45.325  -35.470  39.105 0.0000000000
41825  24.605  -35.554  36.278 0.0000000000
41826  24.186  -35.813  35.840 0.0000000000
41835  24.762  -35.653  35.758 0.0000000000
42720  44.570  -35.071  37.131 0.0000000000
42730  43.670  -34.913  35.913 0.0000000000
42748  41.766  -34.939  33.963 0.0000000000
42758  40.797  -34.896  33.086 0.0000000000
42822  32.731  -34.352  29.075 0.0000000000
43683  44.168  -33.498  35.895 0.0000000000
44584  44.133  -32.772  35.571 0.0000000000
44626  41.382  -32.714  32.705 0.0000000000
44713  32.125  -32.431  26.516 0.0000000000
45530  46.175  -31.599  38.375 0.0000000000
45561  45.949  -31.106  36.952 0.0000000000
45639  41.432  -31.403  31.739 0.0000000000
45656  38.883  -31.528  29.819 0.0000000000
45669  37.108  -32.054  28.637 0.0000000000
46780  30.139  -30.367  24.649 0.0000000000
47666  45.860  -29.167  35.848 0.0000000000
47698  43.839  -29.343  33.588 0.0000000000
47829  33.563  -29.628  25.752 0.0000000000
48633  44.578  -28.509  34.084 0.0000000000
48739  39.471  -28.510  28.266 0.0000000000
48801  33.110  -28.139  24.662 0.0000000000
49563  47.093  -27.035  36.407 0.0000000000
49691  40.140  -27.294  28.422 0.0000000000
49692  39.537  -27.604  27.753 0.0000000000
50591  45.531  -26.332  34.077 0.0000000000
50638  42.472  -26.201  31.264 0.0000000000
51644  40.568  -25.839  28.423 0.0000000000
51660  39.171  -26.119  26.705 0.0000000000
52476  45.751  -24.859  34.368 0.0000000000
52487  44.962  -24.678  33.386 0.0000000000
52496  44.181  -24.404  32.519 0.0000000000
52517  42.198  -24.866  30.360 0.0000000000
53381  48.647  -22.536  38.464 0.0000000000
53424  45.428  -23.531  34.069 0.0000000000
53454  43.126  -23.304  30.933 0.0000000000
53501  39.006  -23.657  26.341 0.0000000000
54449  49.581  -21.576  32.965 0.0000000000
54461  49.435  -21.583  32.277 0.0000000000
54465  44.390  -22.319  32.119 0.0000000000
54477  49.257  -21.638  31.452 0.0000000000
54573  38.295  -22.670  25.481 0.0000000000
55426  50.026  -21.749  35.940 0.0000000000
55448  49.870  -21.614  34.369 0.0000000000
55473  48.295  -21.641  32.612 0.0000000000
55474  47.265  -21.537  32.762 0.0000000000
55490  45.624  -21.518  31.020 0.0000000000
55506  43.753  -21.788  29.840 0.0000000000
55517  49.612  -21.608  28.936 0.0000000000
55520  43.784  -21.713  29.097 0.0000000000
55531  49.654  -21.520  28.225 0.0000000000
55542  49.382  -21.276  26.938 0.0000000000
56403  51.117  -20.592  37.557 0.0000000000
56466  51.825  -19.348  31.964 0.0000000000
57379  51.890  -19.313  32.740 0.0000000000
57424  50.713  -19.524  27.839 0.0000000000
58376  52.369  -18.859  34.809 0.0000000000
58401  52.302  -18.440  32.410 0.0000000000
58417  52.302  -18.229  31.613 0.0000000000
58433  52.231  -18.080  30.849 0.0000000000
58473  51.248  -18.849  28.676 0.0000000000
58474  50.875  -18.869  28.159 0.0000000000
59375  52.889  -18.061  35.867 0.0000000000
59411  52.263  -17.147  31.898 0.0000000000
59459  44.322  -17.112  27.961 0.0000000000
60340  53.099  -16.260  35.083 0.0000000000
60378  52.385  -16.079  33.642 0.0000000000
60397  52.071  -16.634  32.178 0.0000000000
60451  43.315  -16.368  26.721 0.0000000000
60459  43.670  -16.708  26.713 0.0000000000
60472  43.490  -16.511  26.159 0.0000000000
60485  43.224  -16.342  25.846 0.0000000000
60486  43.230  -16.387  26.024 0.0000000000
61410  51.624  -15.495  32.831 0.0000000000
61422  51.780  -16.062  32.528 0.0000000000
61506  43.050  -16.191  25.572 0.0000000000
61507  42.993  -16.209  25.976 0.0000000000
62277  52.619  -14.585  35.478 0.0000000000
62289  52.367  -14.771  34.525 0.0000000000
63254  51.481  -14.289  33.594 0.0000000000
65215  51.228  -11.754  35.199 0.0000000000
122782  45.449  -32.176  36.841 0.0000000000
123582  34.736  -40.319  44.829 0.0000000000
124574  37.327  -40.079  40.364 0.0000000000
128044  38.110  -40.210  42.360 0.0000000000
128332  47.333  -21.756  27.039 0.0000000000
129355  43.529  -32.152  34.627 0.0000000000
129841  22.529  -38.389  38.554 0.0000000000
129978  43.622  -38.499  40.086 0.0000000000
132484  44.978  -25.473  33.343 0.0000000000
137039  52.863  -16.214  34.461 0.0000000000
137200  40.921  -36.207  33.892 0.0000000000
137652  35.871  -35.517  31.438 0.0000000000
138993  40.568  -31.829  31.263 0.0000000000
139411  33.170  -44.208  33.602 0.0000000000
139899  45.689  -24.120  34.429 0.0000000000
141615  25.255  -39.033  36.033 0.0000000000
141703  44.525  -34.490  36.742 0.0000000000
141919  29.229  -42.948  38.387 0.0000000000
142087  29.260  -39.943  34.015 0.0000000000
142250  48.980  -21.688  31.239 0.0000000000
142483  47.859  -10.613  28.801 0.0000000000
142590  49.672  -21.334  27.558 0.0000000000
142668  42.623  -26.612  31.589 0.0000000000
143384  40.684  -27.407  29.314 0.0000000000
143475  42.503  -24.336  30.546 0.0000000000
143639  23.732  -36.165  35.780 0.0000000000
143846  43.367  -37.007  36.506 0.0000000000
