#!ascii label  , from subject sub-v1s0x0050642_ses-1 vox2ras=TkReg
1056
133590  39.495  19.743  24.190 0.0000000000
88556  47.819  14.201  12.417 0.0000000000
91899  50.412  18.733  7.569 0.0000000000
87807  41.457  13.454  -1.658 0.0000000000
90218  39.638  16.593  16.594 0.0000000000
93382  51.856  19.974  16.046 0.0000000000
88623  44.135  15.071  4.715 0.0000000000
94244  38.853  21.482  2.130 0.0000000000
93364  49.366  19.743  18.396 0.0000000000
93370  43.814  19.803  17.678 0.0000000000
86892  43.816  11.965  12.266 0.0000000000
94979  44.670  22.769  7.379 0.0000000000
93492  44.983  21.951  2.119 0.0000000000
89446  52.673  15.725  9.278 0.0000000000
118946  47.844  17.470  2.468 0.0000000000
120398  39.431  22.812  6.512 0.0000000000
93308  45.070  19.887  22.173 0.0000000000
91767  42.349  18.774  21.191 0.0000000000
89395  41.958  15.616  13.869 0.0000000000
91858  48.489  19.282  10.889 0.0000000000
94921  46.763  22.227  10.794 0.0000000000
136256  47.304  21.632  7.166 0.0000000000
95747  45.843  23.474  4.364 0.0000000000
95022  48.958  23.191  3.974 0.0000000000
91077  48.697  17.631  15.034 0.0000000000
127039  52.088  15.921  14.939 0.0000000000
88566  49.269  14.883  11.017 0.0000000000
88645  42.937  14.334  1.653 0.0000000000
90327  46.115  16.094  3.840 0.0000000000
89527  42.569  16.108  0.443 0.0000000000
91205  43.817  17.447  1.995 0.0000000000
87789  40.502  14.218  0.811 0.0000000000
86187  40.171  11.669  3.361 0.0000000000
130852  38.003  17.231  22.711 0.0000000000
91039  40.643  17.138  20.974 0.0000000000
91850  51.453  18.009  12.337 0.0000000000
87730  44.206  12.798  9.486 0.0000000000
88598  45.530  14.717  8.614 0.0000000000
87757  42.598  13.357  6.201 0.0000000000
86957  42.983  12.476  2.927 0.0000000000
136077  50.143  21.569  22.785 0.0000000000
93305  47.722  20.501  23.235 0.0000000000
141128  46.707  20.852  18.204 0.0000000000
91841  46.014  18.126  14.746 0.0000000000
91819  41.526  18.704  16.415 0.0000000000
90243  43.822  16.417  13.112 0.0000000000
128740  45.752  13.184  12.442 0.0000000000
86122  43.718  10.946  10.563 0.0000000000
128878  35.372  17.901  21.219 0.0000000000
95698  44.740  23.817  10.946 0.0000000000
130821  41.933  22.381  8.925 0.0000000000
140844  42.019  22.899  5.283 0.0000000000
93482  41.791  21.750  2.523 0.0000000000
92645  43.565  19.370  5.848 0.0000000000
92545  52.178  18.791  19.346 0.0000000000
91094  53.757  16.862  14.153 0.0000000000
91145  53.637  17.327  8.345 0.0000000000
90293  47.747  16.623  7.295 0.0000000000
91170  49.752  17.468  5.200 0.0000000000
92674  51.630  19.127  3.445 0.0000000000
92682  47.464  20.194  2.082 0.0000000000
91184  44.700  18.166  4.236 0.0000000000
137890  38.551  22.963  6.458 0.0000000000
94967  39.708  22.842  8.248 0.0000000000
92496  42.514  19.614  24.193 0.0000000000
91755  41.590  18.446  22.888 0.0000000000
91883  49.193  18.728  9.183 0.0000000000
92617  47.842  19.565  8.604 0.0000000000
92644  48.779  19.888  7.117 0.0000000000
94234  48.195  22.461  5.733 0.0000000000
93447  49.807  21.114  5.127 0.0000000000
139032  48.211  15.179  13.144 0.0000000000
90239  49.423  15.888  13.731 0.0000000000
88567  48.577  14.488  11.496 0.0000000000
87800  42.408  13.776  -0.856 0.0000000000
89518  42.900  15.949  0.588 0.0000000000
89533  41.560  15.089  -0.666 0.0000000000
90360  42.065  16.030  0.302 0.0000000000
87801  40.226  13.612  -1.070 0.0000000000
134418  40.556  12.685  0.425 0.0000000000
86220  41.122  11.614  -0.000 0.0000000000
90178  39.145  16.143  21.829 0.0000000000
92586  49.981  19.853  13.837 0.0000000000
91838  51.308  18.765  14.143 0.0000000000
86924  42.951  12.269  8.608 0.0000000000
87741  42.873  13.095  8.068 0.0000000000
131025  42.610  11.863  6.236 0.0000000000
86949  43.318  11.802  3.488 0.0000000000
86201  43.971  11.770  1.745 0.0000000000
86967  43.806  12.334  0.691 0.0000000000
93342  44.676  20.351  19.930 0.0000000000
93341  45.478  20.603  20.354 0.0000000000
93380  45.395  20.302  17.095 0.0000000000
92579  46.097  19.293  15.753 0.0000000000
92580  45.180  19.347  15.795 0.0000000000
91057  39.675  17.250  18.526 0.0000000000
91799  40.603  18.340  18.553 0.0000000000
130132  40.113  17.904  17.251 0.0000000000
87700  42.812  13.556  13.156 0.0000000000
90234  42.417  16.324  13.626 0.0000000000
89416  44.126  14.741  12.706 0.0000000000
89415  45.202  14.917  12.751 0.0000000000
87705  44.752  13.041  12.467 0.0000000000
86898  44.773  11.993  11.567 0.0000000000
86112  43.927  11.457  11.762 0.0000000000
83526  44.266  7.991  9.182 0.0000000000
94944  45.866  22.776  9.436 0.0000000000
95714  45.536  23.591  10.573 0.0000000000
94946  44.543  22.851  9.525 0.0000000000
94933  43.898  22.957  10.380 0.0000000000
126516  43.274  22.613  7.956 0.0000000000
94981  42.670  22.674  7.138 0.0000000000
121651  43.597  22.985  5.937 0.0000000000
95038  45.272  23.354  2.280 0.0000000000
95040  43.263  22.835  2.309 0.0000000000
93480  43.248  21.625  2.389 0.0000000000
93450  43.285  20.457  4.479 0.0000000000
93449  44.163  20.262  4.537 0.0000000000
93319  50.325  19.816  21.530 0.0000000000
93317  51.364  20.051  21.369 0.0000000000
141475  51.277  18.958  19.441 0.0000000000
89411  52.134  15.345  12.369 0.0000000000
90228  53.262  15.917  14.756 0.0000000000
89421  53.682  15.618  12.172 0.0000000000
91106  54.153  16.506  10.873 0.0000000000
89457  53.789  16.071  8.716 0.0000000000
88607  44.683  15.234  7.078 0.0000000000
89463  47.217  15.672  8.376 0.0000000000
89478  46.159  16.284  6.485 0.0000000000
90345  47.317  16.732  2.790 0.0000000000
91183  48.054  17.095  4.313 0.0000000000
91182  48.842  17.676  4.128 0.0000000000
91179  51.695  17.925  4.365 0.0000000000
91936  49.635  18.869  2.588 0.0000000000
92687  48.949  20.010  2.159 0.0000000000
91945  47.445  18.647  2.026 0.0000000000
90339  42.441  16.601  2.539 0.0000000000
91196  44.889  17.928  2.998 0.0000000000
141268  42.731  16.687  3.516 0.0000000000
91186  43.323  17.190  5.205 0.0000000000
132849  51.801  21.668  17.890 0.0000000000
95001  38.025  23.244  5.220 0.0000000000
120664  38.628  22.854  3.261 0.0000000000
94099  44.747  21.385  24.978 0.0000000000
93279  43.547  20.392  24.650 0.0000000000
127917  43.685  19.510  21.236 0.0000000000
92534  43.054  19.557  19.242 0.0000000000
90224  41.105  16.414  14.867 0.0000000000
93404  47.060  20.831  10.396 0.0000000000
93414  46.687  21.251  8.723 0.0000000000
94977  46.227  22.459  7.912 0.0000000000
120559  45.113  23.053  5.987 0.0000000000
95010  46.757  23.066  5.597 0.0000000000
95753  47.027  23.857  3.265 0.0000000000
95051  46.680  23.207  1.724 0.0000000000
91816  49.247  18.596  16.399 0.0000000000
127273  50.806  17.903  17.130 0.0000000000
91084  50.156  16.808  14.994 0.0000000000
89401  51.202  15.541  13.374 0.0000000000
89435  50.908  15.470  10.297 0.0000000000
88637  43.407  14.535  3.310 0.0000000000
89487  45.457  15.871  4.542 0.0000000000
89503  44.341  15.393  2.503 0.0000000000
89511  44.459  15.831  1.458 0.0000000000
90357  45.447  16.730  1.092 0.0000000000
91214  45.766  17.399  1.182 0.0000000000
90359  42.713  16.419  0.805 0.0000000000
90350  42.024  16.212  0.977 0.0000000000
89514  40.964  15.208  1.939 0.0000000000
85392  40.995  10.782  1.953 0.0000000000
138907  38.525  18.917  23.721 0.0000000000
91019  40.430  17.749  22.810 0.0000000000
91031  39.572  16.656  22.196 0.0000000000
90186  40.089  16.717  20.393 0.0000000000
90205  39.343  16.605  18.192 0.0000000000
93390  49.200  20.557  12.908 0.0000000000
119165  49.931  18.421  11.245 0.0000000000
121237  50.311  18.271  9.232 0.0000000000
87719  46.205  13.267  10.623 0.0000000000
88578  47.137  14.156  10.293 0.0000000000
87738  45.281  13.919  9.271 0.0000000000
88608  43.884  14.616  7.172 0.0000000000
88617  43.618  14.588  6.178 0.0000000000
86170  43.048  11.704  4.455 0.0000000000
87771  42.633  13.166  4.337 0.0000000000
87776  42.875  13.920  3.839 0.0000000000
87783  42.904  13.349  2.172 0.0000000000
87794  43.268  13.165  0.198 0.0000000000
136149  42.929  12.403  -1.361 0.0000000000
85419  41.624  11.509  -0.526 0.0000000000
93289  48.986  20.965  23.562 0.0000000000
93320  48.493  20.303  21.043 0.0000000000
136560  46.352  20.290  22.039 0.0000000000
93340  46.970  20.863  20.099 0.0000000000
93365  48.378  20.186  17.819 0.0000000000
92568  47.513  19.601  16.315 0.0000000000
91087  47.348  17.276  14.403 0.0000000000
89404  46.884  15.390  13.114 0.0000000000
128989  41.586  18.270  20.899 0.0000000000
92549  41.661  19.027  18.715 0.0000000000
92573  42.635  19.338  16.933 0.0000000000
91079  41.328  17.783  15.312 0.0000000000
91831  42.805  18.582  15.430 0.0000000000
91830  43.750  18.704  15.333 0.0000000000
91090  44.635  17.673  14.132 0.0000000000
88550  46.099  15.145  12.907 0.0000000000
87704  46.549  13.418  12.306 0.0000000000
86914  45.520  12.730  10.649 0.0000000000
86916  43.634  12.123  9.514 0.0000000000
127620  42.828  10.664  8.288 0.0000000000
84422  43.435  9.409  10.321 0.0000000000
142137  43.509  9.393  8.465 0.0000000000
91759  37.388  18.835  23.192 0.0000000000
91023  36.570  17.888  22.359 0.0000000000
91034  34.706  17.287  21.007 0.0000000000
96400  45.511  24.649  11.208 0.0000000000
96402  43.285  24.661  11.529 0.0000000000
94983  40.807  22.648  7.288 0.0000000000
94999  40.551  22.818  5.416 0.0000000000
95027  40.191  22.888  3.080 0.0000000000
95013  43.403  23.180  4.957 0.0000000000
119185  42.109  23.039  2.960 0.0000000000
94256  40.654  21.706  2.261 0.0000000000
93375  52.715  19.285  17.620 0.0000000000
138126  52.608  17.170  17.469 0.0000000000
91813  53.299  17.561  16.930 0.0000000000
91823  52.784  18.306  15.486 0.0000000000
91104  52.284  17.770  12.906 0.0000000000
91133  52.588  17.676  9.804 0.0000000000
91880  52.193  18.121  7.932 0.0000000000
89450  48.387  15.085  9.807 0.0000000000
89462  48.857  15.683  8.953 0.0000000000
90278  50.400  16.335  8.027 0.0000000000
90316  46.797  16.594  5.167 0.0000000000
90303  49.501  17.021  6.752 0.0000000000
130381  51.639  16.595  6.942 0.0000000000
90300  52.872  16.847  6.453 0.0000000000
91908  52.715  18.284  6.096 0.0000000000
92642  51.150  19.428  5.762 0.0000000000
94241  50.187  21.353  3.672 0.0000000000
138134  48.884  21.787  2.014 0.0000000000
93491  46.089  21.655  2.012 0.0000000000
91939  46.289  18.475  2.293 0.0000000000
91930  46.044  18.918  2.932 0.0000000000
93466  45.491  20.241  3.571 0.0000000000
91919  44.166  18.994  5.510 0.0000000000
86172  39.748  11.701  4.129 0.0000000000
94950  39.417  22.911  9.135 0.0000000000
129477  40.179  22.857  9.061 0.0000000000
92499  40.161  20.120  24.404 0.0000000000
92498  40.900  19.769  24.553 0.0000000000
91745  40.232  19.131  24.068 0.0000000000
91882  49.804  18.692  8.338 0.0000000000
92615  48.746  19.107  8.427 0.0000000000
92628  49.421  19.259  7.492 0.0000000000
93430  48.767  20.609  6.510 0.0000000000
92643  49.526  19.784  6.571 0.0000000000
89414  48.345  14.746  12.729 0.0000000000
88568  47.953  14.036  11.872 0.0000000000
87806  42.073  13.645  -1.438 0.0000000000
126634  42.146  14.884  -0.401 0.0000000000
88672  41.384  14.146  -1.545 0.0000000000
88665  41.082  14.746  -1.217 0.0000000000
87808  40.706  13.051  -1.414 0.0000000000
86978  40.359  12.761  -0.551 0.0000000000
86226  40.934  12.044  -0.929 0.0000000000
94174  51.434  21.763  15.938 0.0000000000
93383  51.285  20.889  15.429 0.0000000000
93385  50.860  20.276  14.823 0.0000000000
93384  51.436  19.914  15.388 0.0000000000
86142  42.570  11.652  7.448 0.0000000000
86932  42.522  12.075  7.034 0.0000000000
86147  42.677  11.377  6.794 0.0000000000
86214  44.533  11.644  0.866 0.0000000000
121025  39.447  20.620  3.075 0.0000000000
126847  44.351  20.131  18.096 0.0000000000
93358  44.493  20.337  18.893 0.0000000000
93369  44.554  20.044  17.343 0.0000000000
92571  44.820  19.771  16.509 0.0000000000
91063  39.614  17.232  17.485 0.0000000000
91071  40.052  17.486  16.558 0.0000000000
87706  43.646  13.286  12.663 0.0000000000
88551  43.379  14.144  12.784 0.0000000000
88560  44.181  13.822  12.615 0.0000000000
137191  43.992  12.624  12.405 0.0000000000
86891  44.603  12.027  11.899 0.0000000000
94962  45.640  22.716  8.563 0.0000000000
94945  45.259  22.905  9.153 0.0000000000
94963  44.831  22.761  8.415 0.0000000000
94964  43.897  22.558  8.724 0.0000000000
125797  44.099  22.642  7.907 0.0000000000
94980  43.690  22.753  7.031 0.0000000000
126198  44.754  22.658  1.889 0.0000000000
94253  43.988  22.424  2.041 0.0000000000
93479  43.985  21.764  2.291 0.0000000000
129538  44.062  21.103  2.871 0.0000000000
132890  44.961  20.945  2.861 0.0000000000
93337  50.109  19.675  20.587 0.0000000000
92533  51.115  19.327  20.080 0.0000000000
121255  50.491  19.230  19.047 0.0000000000
121144  52.842  15.497  10.858 0.0000000000
89422  53.000  15.394  11.887 0.0000000000
127120  53.102  15.631  9.916 0.0000000000
126097  53.768  15.662  10.136 0.0000000000
89445  53.634  15.727  9.288 0.0000000000
89480  44.771  15.477  6.171 0.0000000000
137756  45.414  15.799  6.819 0.0000000000
89488  44.784  15.526  5.178 0.0000000000
91201  46.988  17.068  1.965 0.0000000000
91195  48.051  17.134  3.375 0.0000000000
91194  48.655  17.770  3.153 0.0000000000
91200  49.180  18.329  2.982 0.0000000000
138425  48.465  18.068  2.586 0.0000000000
91937  48.687  18.612  2.471 0.0000000000
91213  47.223  17.869  1.918 0.0000000000
142750  41.784  16.082  2.737 0.0000000000
90330  42.062  16.138  3.672 0.0000000000
89497  41.507  15.462  4.286 0.0000000000
141855  38.939  23.026  5.686 0.0000000000
119362  38.965  23.175  4.551 0.0000000000
94100  43.675  21.238  24.816 0.0000000000
93280  42.774  20.912  24.870 0.0000000000
92515  42.930  19.184  21.898 0.0000000000
92507  42.859  19.203  23.016 0.0000000000
92524  43.042  19.303  21.056 0.0000000000
92523  43.415  19.575  20.306 0.0000000000
127806  42.648  19.206  20.233 0.0000000000
93395  48.058  20.486  11.692 0.0000000000
94186  47.660  21.218  11.469 0.0000000000
92602  47.580  20.047  10.398 0.0000000000
92630  47.520  20.147  7.994 0.0000000000
93413  47.159  20.339  8.892 0.0000000000
93421  47.023  20.778  8.167 0.0000000000
94210  46.448  21.997  8.516 0.0000000000
94225  46.850  22.359  7.017 0.0000000000
94994  46.580  22.813  6.383 0.0000000000
94993  47.301  22.689  6.107 0.0000000000
95008  48.620  22.893  4.821 0.0000000000
95009  47.638  23.052  5.158 0.0000000000
95023  48.007  23.548  3.946 0.0000000000
95762  46.878  23.717  2.247 0.0000000000
95036  48.691  23.349  3.034 0.0000000000
91825  49.022  18.149  15.675 0.0000000000
91076  49.697  17.425  15.372 0.0000000000
91085  49.229  16.944  14.729 0.0000000000
89413  49.670  15.166  12.622 0.0000000000
89402  50.032  15.575  13.241 0.0000000000
118894  50.373  15.184  12.183 0.0000000000
89424  51.281  15.296  11.875 0.0000000000
89425  50.342  15.177  11.255 0.0000000000
88644  43.369  14.678  2.278 0.0000000000
142927  43.813  15.007  2.752 0.0000000000
89512  43.789  15.362  1.814 0.0000000000
119136  43.640  16.039  0.972 0.0000000000
89517  44.297  16.505  0.957 0.0000000000
89510  45.069  16.214  1.216 0.0000000000
133579  44.276  16.970  0.826 0.0000000000
133227  43.441  16.646  0.899 0.0000000000
89529  41.077  15.220  0.240 0.0000000000
89520  41.508  15.759  0.560 0.0000000000
89521  41.031  15.296  1.060 0.0000000000
89513  41.433  15.779  1.439 0.0000000000
134930  40.665  14.705  1.478 0.0000000000
87784  40.449  13.832  1.791 0.0000000000
86202  40.973  11.804  1.204 0.0000000000
120346  38.079  18.237  23.283 0.0000000000
91020  39.752  17.488  22.808 0.0000000000
91021  38.880  17.315  22.838 0.0000000000
90177  39.543  16.174  21.547 0.0000000000
90187  39.619  16.003  20.777 0.0000000000
90198  39.578  16.327  19.753 0.0000000000
133452  39.193  16.016  18.905 0.0000000000
127629  50.525  18.492  12.682 0.0000000000
137851  49.820  18.968  12.852 0.0000000000
91851  50.660  18.205  11.796 0.0000000000
119955  50.135  18.270  10.301 0.0000000000
91118  50.847  18.037  10.878 0.0000000000
87729  44.959  13.166  9.676 0.0000000000
87728  45.780  13.512  9.956 0.0000000000
140761  44.785  13.651  9.177 0.0000000000
87749  42.684  13.363  7.130 0.0000000000
87748  43.282  13.919  7.632 0.0000000000
87756  43.086  14.048  6.689 0.0000000000
87763  42.957  14.029  5.745 0.0000000000
122553  43.461  11.189  5.091 0.0000000000
118806  43.801  11.251  4.123 0.0000000000
86950  42.776  12.404  3.899 0.0000000000
87777  42.757  13.208  3.367 0.0000000000
88638  42.880  14.021  2.816 0.0000000000
86971  43.801  12.500  -0.359 0.0000000000
87799  43.210  13.135  -0.703 0.0000000000
86976  43.583  12.568  -0.974 0.0000000000
86224  43.550  11.889  -0.926 0.0000000000
93290  48.095  21.112  24.108 0.0000000000
94096  48.216  22.025  24.286 0.0000000000
93304  48.776  20.592  23.172 0.0000000000
121967  49.411  20.213  22.137 0.0000000000
119317  48.213  20.347  22.167 0.0000000000
93293  45.111  19.965  23.655 0.0000000000
93292  46.068  20.448  23.906 0.0000000000
93307  45.830  20.112  22.726 0.0000000000
121980  46.036  20.870  18.637 0.0000000000
119216  46.192  20.871  19.699 0.0000000000
93356  47.026  20.976  19.127 0.0000000000
121476  47.955  20.720  19.197 0.0000000000
93355  47.600  20.709  18.250 0.0000000000
93377  48.058  19.869  16.928 0.0000000000
93378  47.159  20.198  16.814 0.0000000000
91827  46.503  18.632  15.273 0.0000000000
91088  46.467  17.466  14.303 0.0000000000
91096  46.917  16.875  13.952 0.0000000000
90240  46.921  16.225  13.508 0.0000000000
91030  40.469  17.168  22.071 0.0000000000
91029  41.137  17.671  21.478 0.0000000000
91777  41.010  17.858  20.496 0.0000000000
91798  41.101  18.838  18.150 0.0000000000
127788  41.084  18.698  18.907 0.0000000000
92559  41.788  19.178  17.851 0.0000000000
92548  42.377  19.358  18.483 0.0000000000
92574  41.978  19.202  17.012 0.0000000000
132171  40.819  17.096  15.286 0.0000000000
90235  41.742  16.390  14.240 0.0000000000
91100  43.153  16.990  13.597 0.0000000000
137828  42.904  17.574  14.253 0.0000000000
91091  43.710  17.627  14.155 0.0000000000
91843  44.183  18.208  14.708 0.0000000000
91099  44.173  17.114  13.558 0.0000000000
89405  45.351  15.821  12.990 0.0000000000
88558  46.122  14.107  12.676 0.0000000000
88549  46.783  14.638  12.817 0.0000000000
86896  46.206  12.905  11.332 0.0000000000
86889  46.043  12.719  12.009 0.0000000000
86121  44.157  11.480  11.133 0.0000000000
86128  44.048  11.698  10.423 0.0000000000
86129  43.468  11.221  9.770 0.0000000000
86136  42.974  11.456  8.981 0.0000000000
85309  43.082  10.736  9.177 0.0000000000
83542  43.886  8.686  8.653 0.0000000000
83556  43.988  9.173  7.662 0.0000000000
92509  36.951  19.725  22.318 0.0000000000
91770  35.771  18.545  21.554 0.0000000000
91761  36.266  18.477  22.090 0.0000000000
91024  35.996  17.874  21.739 0.0000000000
91032  36.373  17.143  21.787 0.0000000000
91033  35.612  17.205  21.333 0.0000000000
134272  46.128  24.073  11.038 0.0000000000
134551  45.358  24.071  11.047 0.0000000000
138275  44.969  25.081  11.348 0.0000000000
96401  44.791  24.411  11.271 0.0000000000
122682  44.173  25.042  11.448 0.0000000000
95699  43.949  24.028  11.349 0.0000000000
94948  42.517  22.448  9.739 0.0000000000
94949  41.008  22.605  8.992 0.0000000000
94965  41.357  22.535  8.102 0.0000000000
120401  42.087  22.739  6.162 0.0000000000
120400  41.136  22.677  6.338 0.0000000000
94998  41.421  22.826  5.305 0.0000000000
119363  40.849  22.992  4.226 0.0000000000
95011  45.383  23.235  5.197 0.0000000000
95012  44.347  23.160  5.262 0.0000000000
95024  44.735  23.388  3.972 0.0000000000
95041  42.565  22.647  2.363 0.0000000000
95025  42.965  23.192  2.911 0.0000000000
118831  41.626  22.358  2.360 0.0000000000
95042  40.715  22.327  2.524 0.0000000000
120632  41.161  21.135  3.087 0.0000000000
92661  43.022  19.972  5.453 0.0000000000
94857  50.651  22.344  21.312 0.0000000000
129518  52.030  19.524  19.875 0.0000000000
132598  51.577  21.287  20.238 0.0000000000
93352  52.314  19.883  18.975 0.0000000000
93363  52.474  19.873  18.112 0.0000000000
92544  52.613  18.901  18.594 0.0000000000
91075  50.981  16.985  15.766 0.0000000000
91814  51.713  17.673  17.794 0.0000000000
91074  52.247  16.754  16.517 0.0000000000
90227  53.759  16.256  14.435 0.0000000000
90214  53.369  16.597  15.909 0.0000000000
91073  53.585  16.875  15.538 0.0000000000
91822  53.327  17.582  15.788 0.0000000000
91083  53.524  17.204  14.860 0.0000000000
91846  52.305  17.954  13.926 0.0000000000
124540  53.652  17.131  13.321 0.0000000000
91132  53.721  17.270  9.288 0.0000000000
91116  53.628  17.208  10.359 0.0000000000
91146  52.950  17.833  8.675 0.0000000000
91867  51.678  17.898  8.923 0.0000000000
91879  53.082  17.928  7.764 0.0000000000
88587  46.761  14.433  9.690 0.0000000000
88586  47.431  14.777  9.671 0.0000000000
88597  46.693  15.060  8.900 0.0000000000
90280  47.827  16.148  8.103 0.0000000000
120215  47.832  15.482  8.882 0.0000000000
137628  48.496  16.055  8.375 0.0000000000
89461  49.852  15.934  8.853 0.0000000000
90279  49.346  16.247  8.224 0.0000000000
89495  45.385  15.783  3.458 0.0000000000
90317  46.164  16.216  4.859 0.0000000000
90326  46.781  16.433  4.246 0.0000000000
91161  49.177  17.315  5.925 0.0000000000
91160  50.368  17.154  5.983 0.0000000000
119830  50.368  16.840  6.760 0.0000000000
90302  51.183  16.812  6.475 0.0000000000
90289  52.409  16.535  7.080 0.0000000000
90313  51.642  17.112  5.729 0.0000000000
91927  51.611  18.465  3.877 0.0000000000
91178  52.255  17.846  5.003 0.0000000000
92657  52.011  19.027  4.702 0.0000000000
92641  52.060  18.999  5.494 0.0000000000
92658  51.293  19.732  4.890 0.0000000000
93446  50.491  20.592  4.660 0.0000000000
93464  50.670  20.652  3.486 0.0000000000
93496  48.175  20.347  1.993 0.0000000000
93488  48.969  20.930  2.080 0.0000000000
93497  47.638  20.999  1.938 0.0000000000
94262  47.465  21.887  1.745 0.0000000000
93490  46.984  21.160  2.003 0.0000000000
91204  44.808  17.662  1.735 0.0000000000
91203  45.569  17.769  1.624 0.0000000000
91197  44.054  17.523  3.522 0.0000000000
91924  45.500  18.735  3.700 0.0000000000
92668  45.935  19.615  3.435 0.0000000000
91918  44.834  18.919  4.685 0.0000000000
137301  44.274  18.409  5.029 0.0000000000
90318  42.713  16.604  5.636 0.0000000000
86958  40.271  12.398  2.922 0.0000000000
94985  38.141  22.842  7.479 0.0000000000
126330  39.144  22.807  7.402 0.0000000000
94984  39.973  22.773  7.364 0.0000000000
92486  42.082  20.416  24.909 0.0000000000
92487  41.376  20.263  24.864 0.0000000000
92508  42.068  19.068  23.471 0.0000000000
91754  42.340  18.739  22.355 0.0000000000
91869  48.767  18.927  9.999 0.0000000000
92609  48.079  19.420  10.122 0.0000000000
92616  48.310  19.172  9.289 0.0000000000
92629  48.312  19.629  7.788 0.0000000000
93419  48.053  20.336  7.276 0.0000000000
94224  47.685  22.048  6.523 0.0000000000
94223  48.510  21.641  6.165 0.0000000000
93448  49.176  21.182  5.806 0.0000000000
136818  49.674  21.869  4.667 0.0000000000
91086  48.262  17.071  14.520 0.0000000000
90232  48.819  16.383  14.154 0.0000000000
123103  48.978  15.283  13.089 0.0000000000
125456  48.950  14.898  12.508 0.0000000000
88554  49.363  14.874  11.898 0.0000000000
88651  42.675  14.927  0.443 0.0000000000
88650  43.185  15.244  1.177 0.0000000000
89519  42.418  15.657  0.135 0.0000000000
89528  42.028  15.648  -0.112 0.0000000000
141365  41.266  15.121  -0.736 0.0000000000
88659  40.986  15.014  -0.600 0.0000000000
132390  40.273  13.688  -0.128 0.0000000000
130080  40.441  13.441  0.877 0.0000000000
86221  40.848  12.010  0.117 0.0000000000
85412  41.168  11.491  0.583 0.0000000000
90170  38.019  16.573  22.160 0.0000000000
90169  38.724  16.577  22.263 0.0000000000
93387  50.174  20.524  14.231 0.0000000000
92585  50.610  19.613  14.295 0.0000000000
118815  51.325  18.285  13.271 0.0000000000
131218  43.578  12.896  8.865 0.0000000000
137300  44.299  13.390  9.066 0.0000000000
140180  42.547  12.719  7.358 0.0000000000
134708  42.471  12.656  6.608 0.0000000000
86185  44.294  11.414  2.887 0.0000000000
86956  43.496  11.927  2.604 0.0000000000
86962  43.284  12.408  1.889 0.0000000000
86213  44.317  11.980  0.032 0.0000000000
93291  47.038  20.735  24.059 0.0000000000
93324  44.866  20.211  21.001 0.0000000000
93357  45.293  20.693  19.233 0.0000000000
133362  46.045  20.699  17.686 0.0000000000
93379  46.294  20.352  16.881 0.0000000000
92570  45.719  19.876  16.334 0.0000000000
91828  45.585  18.759  15.238 0.0000000000
91047  40.446  17.460  19.968 0.0000000000
91786  40.830  18.233  19.532 0.0000000000
91056  40.225  17.720  19.013 0.0000000000
91808  40.569  18.403  17.637 0.0000000000
91820  40.670  18.255  16.637 0.0000000000
88552  42.668  14.484  13.239 0.0000000000
89408  42.662  15.445  13.269 0.0000000000
89407  43.524  15.606  12.894 0.0000000000
89406  44.451  15.699  12.856 0.0000000000
88559  45.052  13.928  12.651 0.0000000000
143404  45.415  12.639  12.218 0.0000000000
86890  45.286  12.328  11.930 0.0000000000
83527  43.685  8.612  9.670 0.0000000000
83541  44.534  8.191  8.541 0.0000000000
94932  46.295  22.520  10.155 0.0000000000
95713  46.392  23.176  10.694 0.0000000000
95729  45.877  23.088  10.157 0.0000000000
95730  45.313  23.142  9.867 0.0000000000
95715  44.703  23.347  10.366 0.0000000000
132296  44.123  23.469  10.862 0.0000000000
94947  43.498  22.569  9.648 0.0000000000
133896  42.914  22.492  8.848 0.0000000000
126515  42.302  22.492  8.028 0.0000000000
120402  42.952  22.824  6.349 0.0000000000
94997  42.671  23.015  5.319 0.0000000000
95755  45.477  23.578  3.279 0.0000000000
118955  43.839  23.261  2.854 0.0000000000
95053  44.245  22.928  2.165 0.0000000000
137696  43.413  22.588  2.107 0.0000000000
93481  42.659  21.546  2.583 0.0000000000
93469  42.414  21.054  3.243 0.0000000000
93468  43.513  20.900  3.334 0.0000000000
92660  43.932  19.810  5.283 0.0000000000
94120  50.270  20.780  22.647 0.0000000000
93301  51.241  20.708  21.605 0.0000000000
93318  51.010  19.780  21.607 0.0000000000
142168  51.487  19.468  20.593 0.0000000000
91797  52.182  18.285  18.943 0.0000000000
89400  52.341  15.454  13.703 0.0000000000
90229  52.736  15.983  15.331 0.0000000000
89399  53.151  15.574  13.880 0.0000000000
89398  53.631  15.719  13.152 0.0000000000
90246  54.177  15.969  12.409 0.0000000000
91102  53.959  16.833  12.486 0.0000000000
90250  54.128  15.848  11.448 0.0000000000
91115  54.210  16.457  9.824 0.0000000000
91131  54.114  16.452  8.859 0.0000000000
88606  45.402  15.363  7.731 0.0000000000
89464  46.095  15.363  8.208 0.0000000000
89472  46.222  15.916  7.491 0.0000000000
90294  46.906  16.485  6.960 0.0000000000
90336  46.757  16.313  3.232 0.0000000000
90335  47.408  16.683  3.755 0.0000000000
91181  49.975  17.761  4.453 0.0000000000
91169  50.801  17.456  5.116 0.0000000000
119070  50.370  18.016  3.917 0.0000000000
91929  50.225  18.332  3.219 0.0000000000
91935  50.552  18.845  2.703 0.0000000000
92680  50.305  19.548  2.486 0.0000000000
92681  49.539  19.590  2.301 0.0000000000
92688  48.351  19.571  2.092 0.0000000000
92683  47.155  19.177  2.132 0.0000000000
90348  43.050  17.065  1.855 0.0000000000
90338  43.218  17.099  2.855 0.0000000000
90328  43.363  17.073  4.073 0.0000000000
91185  43.948  17.711  4.704 0.0000000000
90329  42.742  16.551  4.515 0.0000000000
90319  42.165  15.933  4.926 0.0000000000
94172  51.759  21.537  17.042 0.0000000000
120397  37.544  23.052  6.317 0.0000000000
95030  37.729  22.222  2.955 0.0000000000
95029  38.541  22.127  2.361 0.0000000000
124643  44.450  20.536  24.699 0.0000000000
93294  44.145  19.772  23.800 0.0000000000
92495  43.313  19.618  23.896 0.0000000000
92506  43.671  19.429  22.442 0.0000000000
93309  44.344  19.730  21.651 0.0000000000
93325  44.155  19.895  20.589 0.0000000000
93343  43.920  19.946  19.576 0.0000000000
93359  43.789  19.887  18.593 0.0000000000
134856  40.211  16.947  15.900 0.0000000000
90225  40.507  16.376  15.473 0.0000000000
89396  41.433  15.700  14.563 0.0000000000
88545  41.824  14.974  14.302 0.0000000000
131287  42.230  14.897  13.712 0.0000000000
133794  43.132  12.568  12.896 0.0000000000
86113  43.347  11.213  12.494 0.0000000000
132204  47.316  21.955  11.294 0.0000000000
94195  46.658  21.646  10.284 0.0000000000
93407  47.195  20.363  9.772 0.0000000000
93408  46.773  21.031  9.609 0.0000000000
94202  46.379  21.995  9.374 0.0000000000
94978  45.477  22.752  7.683 0.0000000000
121867  45.315  22.875  6.776 0.0000000000
122138  46.089  22.783  7.004 0.0000000000
94995  45.935  23.011  6.053 0.0000000000
131136  46.186  23.232  5.182 0.0000000000
138551  46.851  23.531  4.514 0.0000000000
95754  46.286  23.698  3.669 0.0000000000
95763  46.158  23.685  2.718 0.0000000000
95769  46.037  23.296  1.960 0.0000000000
94264  45.540  22.567  1.761 0.0000000000
92556  49.008  19.566  17.451 0.0000000000
92555  50.087  19.131  18.054 0.0000000000
91815  50.061  18.330  16.924 0.0000000000
91824  50.128  17.811  16.301 0.0000000000
90230  51.061  16.262  14.855 0.0000000000
90231  49.870  16.410  14.371 0.0000000000
90238  50.549  15.962  13.953 0.0000000000
89394  51.662  15.730  14.262 0.0000000000
138829  52.018  15.345  13.025 0.0000000000
89434  51.569  15.388  11.032 0.0000000000
130133  52.078  15.630  10.145 0.0000000000
88630  44.077  15.123  3.596 0.0000000000
126770  44.739  15.512  3.206 0.0000000000
89502  45.185  15.738  2.232 0.0000000000
90337  46.002  16.053  2.751 0.0000000000
90347  45.798  16.240  1.718 0.0000000000
90346  46.565  16.442  2.249 0.0000000000
90356  46.220  16.831  1.478 0.0000000000
91202  46.489  17.582  1.567 0.0000000000
91215  44.899  17.255  1.040 0.0000000000
91206  43.270  16.996  1.249 0.0000000000
90349  42.589  16.629  1.465 0.0000000000
90340  41.899  16.222  1.884 0.0000000000
138813  41.385  15.669  2.350 0.0000000000
88646  40.628  14.536  2.404 0.0000000000
86968  40.536  12.831  1.459 0.0000000000
86963  40.532  12.318  2.076 0.0000000000
86186  40.585  11.588  2.410 0.0000000000
91746  39.263  18.974  23.944 0.0000000000
91757  39.928  18.236  23.446 0.0000000000
91758  39.062  18.168  23.367 0.0000000000
90176  40.097  16.518  21.392 0.0000000000
91048  39.857  17.066  19.444 0.0000000000
90210  39.339  16.432  17.418 0.0000000000
93391  48.644  20.484  12.316 0.0000000000
92594  48.550  19.709  11.899 0.0000000000
92589  49.543  19.703  13.168 0.0000000000
92593  49.274  19.310  12.412 0.0000000000
92601  49.145  18.950  11.594 0.0000000000
91857  49.278  18.680  10.658 0.0000000000
91881  50.937  18.260  8.168 0.0000000000
87718  46.847  13.537  10.951 0.0000000000
88577  47.465  13.944  10.874 0.0000000000
87727  46.487  13.843  10.140 0.0000000000
88588  46.087  14.254  9.429 0.0000000000
87740  43.713  13.659  8.430 0.0000000000
137358  43.962  14.299  8.023 0.0000000000
88599  44.639  14.780  7.922 0.0000000000
138335  44.215  15.014  6.465 0.0000000000
88624  43.543  14.554  5.252 0.0000000000
86155  43.037  11.080  6.005 0.0000000000
86156  42.820  11.724  5.373 0.0000000000
86939  42.523  12.518  5.742 0.0000000000
86171  42.651  12.409  4.837 0.0000000000
87764  42.585  13.251  5.276 0.0000000000
87770  42.922  13.946  4.805 0.0000000000
88631  43.473  14.555  4.284 0.0000000000
87787  43.182  13.037  1.188 0.0000000000
87788  42.846  13.851  0.952 0.0000000000
87795  42.606  13.991  -0.097 0.0000000000
86977  42.881  13.085  -1.283 0.0000000000
86982  42.230  12.905  -1.663 0.0000000000
86225  41.972  12.053  -1.478 0.0000000000
85418  42.609  11.576  -0.947 0.0000000000
94110  49.492  21.301  23.305 0.0000000000
93303  49.636  20.587  22.952 0.0000000000
143619  49.433  19.968  21.104 0.0000000000
93338  48.844  20.280  19.996 0.0000000000
94098  45.576  21.658  24.928 0.0000000000
93306  46.707  20.324  23.055 0.0000000000
93323  45.646  20.298  21.487 0.0000000000
137624  46.449  20.617  20.921 0.0000000000
93322  47.164  20.337  22.070 0.0000000000
93339  47.762  20.695  20.010 0.0000000000
93354  48.642  20.350  18.812 0.0000000000
141405  48.097  19.460  16.408 0.0000000000
124876  48.206  18.205  15.342 0.0000000000
92578  47.044  19.145  15.775 0.0000000000
91826  47.427  18.460  15.315 0.0000000000
91839  47.787  17.759  14.917 0.0000000000
90233  47.771  16.446  13.924 0.0000000000
125052  47.662  15.600  13.353 0.0000000000
88548  47.573  14.765  12.877 0.0000000000
91756  40.785  18.299  23.301 0.0000000000
91768  41.729  18.217  21.869 0.0000000000
127611  41.333  18.408  20.144 0.0000000000
91785  41.478  18.743  19.500 0.0000000000
91776  41.916  18.773  20.231 0.0000000000
92535  42.179  19.139  19.402 0.0000000000
92547  43.118  19.615  18.138 0.0000000000
92557  43.184  19.542  17.266 0.0000000000
91080  40.624  17.693  15.856 0.0000000000
91833  41.117  18.259  15.884 0.0000000000
132879  42.289  17.093  14.138 0.0000000000
91078  42.213  17.916  14.772 0.0000000000
91832  41.874  18.419  15.628 0.0000000000
91818  42.459  18.992  16.271 0.0000000000
91817  43.369  19.117  16.025 0.0000000000
92572  43.877  19.567  16.739 0.0000000000
92581  44.268  19.261  15.913 0.0000000000
91842  45.103  18.241  14.673 0.0000000000
91089  45.563  17.611  14.174 0.0000000000
90242  44.724  16.480  13.202 0.0000000000
134877  45.476  16.489  13.333 0.0000000000
91097  46.084  16.864  13.700 0.0000000000
90241  46.145  16.023  13.214 0.0000000000
87703  47.270  13.732  12.110 0.0000000000
87710  46.717  13.313  11.778 0.0000000000
86897  45.511  12.416  11.496 0.0000000000
86915  44.568  12.391  10.189 0.0000000000
86137  42.633  11.557  8.134 0.0000000000
85333  42.679  11.011  7.431 0.0000000000
86115  43.704  10.767  11.298 0.0000000000
127473  43.514  10.204  10.732 0.0000000000
85296  43.365  10.288  9.826 0.0000000000
84438  43.443  9.395  9.293 0.0000000000
130716  43.214  10.050  8.844 0.0000000000
84447  43.319  9.833  7.967 0.0000000000
92500  38.679  19.781  23.875 0.0000000000
91747  37.930  19.316  23.517 0.0000000000
91022  37.252  17.995  22.875 0.0000000000
91760  36.793  18.841  22.662 0.0000000000
90171  37.195  17.023  22.304 0.0000000000
131548  34.787  18.004  20.863 0.0000000000
90180  36.060  16.444  21.326 0.0000000000
121156  43.076  23.920  11.519 0.0000000000
95716  43.313  23.286  11.084 0.0000000000
95700  42.444  23.493  11.397 0.0000000000
94966  40.483  22.733  8.177 0.0000000000
120399  40.260  22.735  6.448 0.0000000000
94982  41.715  22.584  7.191 0.0000000000
95000  39.682  22.915  5.541 0.0000000000
95014  39.948  23.052  4.411 0.0000000000
95015  39.417  23.073  3.570 0.0000000000
95044  39.227  21.988  2.036 0.0000000000
94996  44.473  22.929  6.427 0.0000000000
120203  43.651  23.321  3.986 0.0000000000
119581  42.754  23.235  4.035 0.0000000000
119364  41.850  23.069  4.245 0.0000000000
95026  41.195  22.909  3.035 0.0000000000
94257  39.638  21.528  2.157 0.0000000000
93470  40.050  21.049  2.500 0.0000000000
93451  42.199  20.623  4.461 0.0000000000
94133  51.222  21.478  21.132 0.0000000000
94158  51.973  21.147  18.683 0.0000000000
94167  52.155  20.792  17.994 0.0000000000
136329  52.194  19.939  16.790 0.0000000000
91806  50.760  18.363  17.776 0.0000000000
91805  51.792  18.010  18.496 0.0000000000
91804  52.475  17.803  18.338 0.0000000000
90222  52.783  16.389  16.153 0.0000000000
91069  53.117  16.954  17.164 0.0000000000
91803  53.098  17.560  17.980 0.0000000000
92564  53.114  18.332  17.385 0.0000000000
92565  52.571  19.186  16.631 0.0000000000
92577  52.155  19.093  15.647 0.0000000000
91837  52.136  18.535  14.816 0.0000000000
91107  53.594  17.219  11.550 0.0000000000
91108  52.526  17.740  11.937 0.0000000000
91117  51.630  17.869  11.406 0.0000000000
139592  51.194  17.950  9.943 0.0000000000
91898  51.448  18.526  7.245 0.0000000000
119947  47.983  14.131  11.176 0.0000000000
88576  48.518  14.623  10.707 0.0000000000
89437  49.050  15.073  10.313 0.0000000000
89436  49.846  15.297  10.355 0.0000000000
89448  50.367  15.669  9.547 0.0000000000
89460  50.970  16.038  8.694 0.0000000000
89479  45.539  15.995  5.695 0.0000000000
90307  46.279  16.378  5.662 0.0000000000
90305  47.591  16.861  6.398 0.0000000000
90325  47.400  16.778  4.666 0.0000000000
90314  48.225  17.151  5.778 0.0000000000
90304  48.481  17.058  6.665 0.0000000000
90291  49.862  16.634  7.430 0.0000000000
89459  52.155  15.969  8.565 0.0000000000
90276  52.730  16.235  7.884 0.0000000000
90288  53.101  16.568  7.398 0.0000000000
91154  53.342  17.035  7.018 0.0000000000
91167  52.379  17.327  5.453 0.0000000000
91907  53.159  17.447  6.227 0.0000000000
91896  53.177  17.818  6.942 0.0000000000
91897  52.534  18.305  7.032 0.0000000000
91909  51.870  18.822  6.349 0.0000000000
92627  50.576  19.144  6.682 0.0000000000
93428  50.445  20.163  5.345 0.0000000000
93465  50.080  21.348  4.385 0.0000000000
94242  49.793  22.018  3.985 0.0000000000
94251  50.201  21.067  2.910 0.0000000000
94261  49.539  21.506  2.399 0.0000000000
95048  49.032  22.496  2.501 0.0000000000
124652  47.414  22.861  1.687 0.0000000000
94263  46.519  22.420  1.680 0.0000000000
91946  46.772  18.269  1.914 0.0000000000
91938  46.661  18.529  2.111 0.0000000000
92684  46.847  19.346  2.386 0.0000000000
91931  45.655  18.226  2.506 0.0000000000
92677  46.489  19.577  2.782 0.0000000000
92676  46.654  20.485  2.378 0.0000000000
93478  45.956  20.750  2.841 0.0000000000
93467  44.782  20.391  3.917 0.0000000000
92659  44.680  19.669  4.869 0.0000000000
91172  43.696  18.082  5.704 0.0000000000
85411  41.427  11.072  0.468 0.0000000000
85404  41.251  10.947  1.128 0.0000000000
86906  44.853  12.039  10.965 0.0000000000
86925  42.608  12.259  7.821 0.0000000000
86983  41.476  12.680  -1.585 0.0000000000
87717  47.391  13.741  11.523 0.0000000000
87739  44.582  14.095  8.671 0.0000000000
88555  48.483  14.522  12.161 0.0000000000
88557  47.070  14.034  12.571 0.0000000000
88616  44.170  15.057  5.675 0.0000000000
88652  40.751  14.853  0.746 0.0000000000
88658  41.505  15.464  -0.210 0.0000000000
88664  41.718  14.395  -1.065 0.0000000000
88666  40.486  14.394  -0.944 0.0000000000
88673  40.745  14.014  -1.532 0.0000000000
89393  52.616  15.666  14.530 0.0000000000
89403  48.464  15.744  13.587 0.0000000000
89410  52.957  15.363  12.931 0.0000000000
89412  51.252  15.358  12.612 0.0000000000
89423  52.157  15.384  11.637 0.0000000000
89433  53.739  15.586  11.143 0.0000000000
89447  51.503  15.754  9.413 0.0000000000
89449  49.359  15.462  9.639 0.0000000000
89458  53.205  15.912  8.578 0.0000000000
89471  47.083  16.110  7.772 0.0000000000
89496  44.734  15.535  4.144 0.0000000000
89504  41.427  15.561  3.278 0.0000000000
90215  53.107  16.626  16.456 0.0000000000
90216  52.872  16.695  16.864 0.0000000000
90220  53.509  16.373  15.232 0.0000000000
90221  53.138  16.291  15.683 0.0000000000
90223  52.046  16.333  15.610 0.0000000000
90237  54.015  16.325  13.434 0.0000000000
90244  43.064  16.215  13.185 0.0000000000
90259  54.121  15.882  10.450 0.0000000000
90267  54.065  15.923  9.483 0.0000000000
90275  53.339  16.252  8.123 0.0000000000
90277  51.614  16.338  7.748 0.0000000000
90287  53.513  16.635  8.024 0.0000000000
90290  50.848  16.584  7.201 0.0000000000
90292  48.733  16.620  7.594 0.0000000000
90301  52.090  16.758  6.376 0.0000000000
90306  46.840  16.630  6.049 0.0000000000
90312  52.466  16.977  5.899 0.0000000000
90315  47.454  16.871  5.513 0.0000000000
90358  44.803  16.740  0.893 0.0000000000
91062  40.024  17.896  18.073 0.0000000000
91068  53.447  16.942  16.395 0.0000000000
91070  51.457  17.358  16.859 0.0000000000
91082  53.710  16.692  14.855 0.0000000000
91092  41.535  17.152  14.705 0.0000000000
91095  53.340  17.483  14.068 0.0000000000
91098  45.103  17.093  13.635 0.0000000000
91103  53.288  17.480  12.573 0.0000000000
91159  52.780  17.201  5.877 0.0000000000
91168  51.706  17.508  4.973 0.0000000000
91171  48.739  17.416  5.030 0.0000000000
91180  50.978  17.759  4.417 0.0000000000
91192  51.048  18.065  3.758 0.0000000000
91193  49.526  18.062  3.678 0.0000000000
91212  47.958  18.242  2.178 0.0000000000
91744  41.218  19.012  23.859 0.0000000000
91769  41.080  17.825  22.427 0.0000000000
91796  52.683  18.134  18.678 0.0000000000
91807  41.230  18.836  17.255 0.0000000000
91829  44.670  18.786  15.255 0.0000000000
91836  52.994  17.847  14.828 0.0000000000
91840  46.916  17.965  14.822 0.0000000000
91844  43.248  18.130  14.750 0.0000000000
91848  49.834  18.683  12.135 0.0000000000
91868  49.503  18.546  9.870 0.0000000000
91916  52.738  17.713  5.599 0.0000000000
91917  52.478  18.405  5.186 0.0000000000
91923  52.091  18.414  4.507 0.0000000000
91928  51.130  18.578  3.161 0.0000000000
91943  48.867  19.235  2.291 0.0000000000
91944  48.164  18.927  2.095 0.0000000000
91947  46.182  17.971  1.700 0.0000000000
92497  41.711  19.630  24.459 0.0000000000
92505  44.494  19.665  22.748 0.0000000000
92522  51.415  19.617  20.890 0.0000000000
92532  51.742  19.295  20.202 0.0000000000
92546  51.822  18.819  19.592 0.0000000000
92553  52.994  18.314  18.203 0.0000000000
92554  51.299  18.610  18.835 0.0000000000
92558  42.511  19.404  17.599 0.0000000000
92566  49.595  18.898  17.173 0.0000000000
92567  48.689  19.273  16.651 0.0000000000
92569  46.626  19.786  16.276 0.0000000000
92576  53.020  18.378  16.329 0.0000000000
92583  51.389  19.367  14.853 0.0000000000
92588  50.351  19.015  13.541 0.0000000000
92590  48.981  19.915  12.605 0.0000000000
92595  47.969  19.935  11.140 0.0000000000
92610  47.622  19.734  9.499 0.0000000000
92666  51.569  19.531  4.117 0.0000000000
92667  50.983  20.262  4.137 0.0000000000
92669  45.345  19.577  4.206 0.0000000000
92675  51.078  19.364  2.838 0.0000000000
92689  47.763  19.453  2.032 0.0000000000
93276  47.052  21.441  24.483 0.0000000000
93278  45.387  20.792  24.738 0.0000000000
93302  50.930  20.332  22.028 0.0000000000
93321  47.491  20.531  20.987 0.0000000000
93335  51.704  19.979  20.543 0.0000000000
93336  51.025  19.538  20.958 0.0000000000
93353  49.747  19.756  19.480 0.0000000000
93366  47.608  20.394  17.406 0.0000000000
93367  46.891  20.633  17.481 0.0000000000
93368  45.120  20.562  18.098 0.0000000000
93376  51.770  20.785  16.407 0.0000000000
93396  47.491  20.625  11.056 0.0000000000
93420  47.374  20.893  7.536 0.0000000000
93429  49.644  20.420  5.874 0.0000000000
93431  47.910  21.168  6.851 0.0000000000
93463  51.202  19.905  3.433 0.0000000000
93477  50.728  20.236  2.774 0.0000000000
93483  39.319  21.023  2.303 0.0000000000
93487  49.859  20.460  2.326 0.0000000000
93489  48.222  21.389  1.911 0.0000000000
94097  47.413  21.972  24.610 0.0000000000
94109  50.165  22.338  22.251 0.0000000000
94111  48.731  21.417  23.867 0.0000000000
94119  50.778  21.345  22.073 0.0000000000
94132  51.473  20.663  21.009 0.0000000000
94187  47.073  21.386  10.939 0.0000000000
94233  49.097  22.018  5.290 0.0000000000
94243  49.334  22.531  4.424 0.0000000000
94252  49.692  21.880  3.151 0.0000000000
94254  43.233  22.216  2.101 0.0000000000
94255  42.540  22.120  2.175 0.0000000000
94265  42.956  22.476  2.126 0.0000000000
94961  46.112  22.454  8.766 0.0000000000
95028  39.321  22.563  2.679 0.0000000000
95035  49.345  22.679  3.496 0.0000000000
95037  47.786  23.804  2.634 0.0000000000
95039  44.658  23.394  2.753 0.0000000000
95043  39.941  22.152  2.240 0.0000000000
95049  48.211  23.261  2.095 0.0000000000
95050  47.420  23.525  1.946 0.0000000000
95052  45.267  22.997  1.778 0.0000000000
97056  45.570  25.459  11.342 0.0000000000
119673  52.686  17.644  10.932 0.0000000000
119786  45.962  22.949  1.655 0.0000000000
119856  48.241  22.337  1.877 0.0000000000
119868  50.367  20.143  22.254 0.0000000000
121745  40.357  20.743  3.345 0.0000000000
122638  40.669  14.592  0.017 0.0000000000
122792  50.253  19.746  6.004 0.0000000000
125707  47.830  14.415  10.421 0.0000000000
126321  52.178  20.396  17.315 0.0000000000
126885  43.106  19.322  16.629 0.0000000000
128012  47.076  20.090  2.229 0.0000000000
128346  39.461  16.695  18.965 0.0000000000
128921  44.762  12.348  12.176 0.0000000000
129698  43.210  14.902  12.863 0.0000000000
130896  54.169  16.487  11.742 0.0000000000
131212  51.948  18.930  4.065 0.0000000000
131572  40.498  10.749  3.042 0.0000000000
132147  44.017  17.222  1.142 0.0000000000
133058  53.420  17.364  7.591 0.0000000000
135976  46.665  15.623  8.168 0.0000000000
136781  47.995  19.648  10.649 0.0000000000
137776  50.480  20.877  4.095 0.0000000000
138082  42.854  20.236  24.630 0.0000000000
138207  46.799  21.609  7.858 0.0000000000
138221  43.331  19.368  21.618 0.0000000000
138815  48.164  18.923  15.916 0.0000000000
138822  53.063  17.637  13.340 0.0000000000
139021  50.489  15.378  12.794 0.0000000000
139718  53.613  15.865  13.962 0.0000000000
139934  47.960  17.050  5.048 0.0000000000
140873  49.325  17.639  4.715 0.0000000000
141690  51.764  17.787  10.585 0.0000000000
