#!ascii label  , from subject sub-v1s0x0050642_ses-1 vox2ras=TkReg
1717
126482  9.557  -43.993  45.913 0.0000000000
65295  40.439  -10.968  25.962 0.0000000000
45534  30.092  -31.991  38.012 0.0000000000
42696  41.494  -35.203  39.078 0.0000000000
43670  20.461  -33.747  37.461 0.0000000000
35730  18.317  -41.669  47.043 0.0000000000
71993  49.605  -4.393  19.583 0.0000000000
70053  49.775  -6.712  28.782 0.0000000000
54443  39.096  -21.678  34.034 0.0000000000
75667  53.536  -0.298  11.354 0.0000000000
43559  27.372  -34.005  43.191 0.0000000000
33903  14.371  -44.064  46.317 0.0000000000
70099  49.991  -6.821  24.129 0.0000000000
68227  45.314  -8.519  23.711 0.0000000000
62340  43.293  -14.517  30.842 0.0000000000
129342  45.698  -10.841  32.325 0.0000000000
59449  40.503  -17.997  29.687 0.0000000000
46636  37.432  -30.660  34.694 0.0000000000
43656  35.867  -33.417  38.303 0.0000000000
43564  22.320  -33.976  43.223 0.0000000000
39768  19.628  -37.171  48.913 0.0000000000
40829  18.547  -37.370  41.963 0.0000000000
35778  16.465  -41.545  41.539 0.0000000000
45552  25.292  -31.760  37.405 0.0000000000
121874  55.586  -3.186  19.610 0.0000000000
71006  55.706  -5.551  24.748 0.0000000000
69090  43.648  -7.265  28.197 0.0000000000
58352  40.469  -19.003  36.460 0.0000000000
48593  40.964  -28.516  37.012 0.0000000000
136947  51.487  -3.185  14.674 0.0000000000
119369  57.593  -3.703  15.165 0.0000000000
73082  59.422  -3.580  11.644 0.0000000000
42605  26.153  -34.737  45.620 0.0000000000
33906  11.619  -43.983  45.986 0.0000000000
33862  13.474  -43.955  49.713 0.0000000000
33874  11.499  -43.562  48.953 0.0000000000
69171  45.443  -7.519  21.508 0.0000000000
60380  45.217  -16.546  33.421 0.0000000000
62292  46.269  -14.861  34.363 0.0000000000
34827  4.320  -43.261  48.323 0.0000000000
60475  39.397  -16.403  26.557 0.0000000000
45601  30.817  -31.634  34.811 0.0000000000
44590  33.768  -32.710  35.333 0.0000000000
44559  32.534  -32.638  37.706 0.0000000000
43632  21.396  -33.467  39.934 0.0000000000
42648  19.758  -35.110  43.010 0.0000000000
42700  19.419  -35.322  39.516 0.0000000000
44562  23.035  -32.460  37.232 0.0000000000
44502  23.622  -32.902  40.192 0.0000000000
38667  18.472  -39.249  47.800 0.0000000000
72983  52.724  -3.672  19.407 0.0000000000
71959  55.724  -3.950  22.062 0.0000000000
119907  52.916  -4.664  22.139 0.0000000000
125274  50.100  -7.481  26.681 0.0000000000
69115  53.045  -7.243  26.906 0.0000000000
68202  39.108  -9.269  24.889 0.0000000000
68199  41.595  -8.066  25.491 0.0000000000
67214  41.581  -9.002  27.117 0.0000000000
57371  36.709  -19.427  33.249 0.0000000000
58391  38.594  -18.653  33.531 0.0000000000
56415  39.245  -20.286  35.885 0.0000000000
44555  38.830  -33.436  36.822 0.0000000000
47654  39.133  -29.908  36.183 0.0000000000
45531  40.475  -31.661  38.320 0.0000000000
123140  48.606  -3.784  17.120 0.0000000000
73938  48.577  -2.957  15.000 0.0000000000
73010  50.624  -3.356  17.364 0.0000000000
143200  53.580  -2.775  17.120 0.0000000000
74861  57.729  -1.797  9.956 0.0000000000
73985  56.578  -2.436  11.122 0.0000000000
137361  58.512  -3.550  13.060 0.0000000000
131863  54.936  -2.985  12.496 0.0000000000
43631  28.659  -33.060  40.407 0.0000000000
43628  31.083  -33.793  40.406 0.0000000000
42662  29.764  -34.645  42.650 0.0000000000
32986  17.403  -44.368  46.308 0.0000000000
33850  18.631  -44.571  49.607 0.0000000000
32971  15.763  -44.960  49.604 0.0000000000
71079  47.987  -5.207  19.906 0.0000000000
71057  50.417  -5.389  22.109 0.0000000000
70141  48.327  -6.262  21.877 0.0000000000
119300  47.723  -7.764  24.156 0.0000000000
69120  47.706  -7.678  26.331 0.0000000000
63310  41.991  -12.911  27.985 0.0000000000
65277  43.254  -11.011  28.874 0.0000000000
127574  44.599  -12.849  31.449 0.0000000000
53440  39.290  -23.581  32.618 0.0000000000
43599  42.462  -33.171  40.852 0.0000000000
126504  7.595  -44.158  45.791 0.0000000000
33877  8.912  -43.754  48.384 0.0000000000
33879  6.649  -43.785  48.107 0.0000000000
63325  39.847  -13.119  25.346 0.0000000000
62377  40.843  -14.805  27.197 0.0000000000
61446  42.103  -16.050  30.126 0.0000000000
59396  43.544  -18.301  33.193 0.0000000000
45613  35.201  -31.462  33.499 0.0000000000
43685  36.698  -33.420  35.966 0.0000000000
42711  37.921  -34.657  38.364 0.0000000000
43601  34.372  -34.145  41.240 0.0000000000
140700  37.299  -34.034  41.649 0.0000000000
42608  23.405  -34.741  45.664 0.0000000000
41706  21.830  -35.773  48.776 0.0000000000
42611  20.487  -35.046  45.298 0.0000000000
40797  18.790  -36.989  45.036 0.0000000000
37742  17.941  -39.464  45.165 0.0000000000
40854  18.484  -36.998  39.179 0.0000000000
132872  17.776  -39.393  41.891 0.0000000000
35744  17.706  -41.956  44.038 0.0000000000
34848  15.488  -43.464  43.908 0.0000000000
34860  12.719  -43.338  43.212 0.0000000000
33949  10.628  -43.686  43.483 0.0000000000
47675  28.222  -29.861  35.146 0.0000000000
48628  26.158  -29.308  34.939 0.0000000000
46578  27.477  -31.601  37.755 0.0000000000
44522  26.082  -32.529  39.757 0.0000000000
43587  24.457  -33.607  42.632 0.0000000000
69144  57.367  -7.070  23.548 0.0000000000
71008  53.211  -5.831  24.352 0.0000000000
67259  42.957  -9.323  23.107 0.0000000000
69136  44.155  -7.967  25.832 0.0000000000
70068  46.259  -6.729  28.144 0.0000000000
68149  44.859  -8.681  30.084 0.0000000000
70005  45.964  -6.778  31.161 0.0000000000
132659  38.515  -18.477  29.949 0.0000000000
58390  41.064  -18.677  33.466 0.0000000000
58350  43.379  -18.864  37.017 0.0000000000
133514  39.672  -26.403  34.388 0.0000000000
51546  40.980  -25.482  35.314 0.0000000000
122654  41.886  -30.390  40.278 0.0000000000
50548  42.617  -26.473  38.542 0.0000000000
54420  41.880  -22.937  36.536 0.0000000000
55399  41.931  -21.059  38.522 0.0000000000
58287  43.265  -19.344  40.056 0.0000000000
140125  52.471  -2.421  12.907 0.0000000000
73045  54.336  -3.757  14.538 0.0000000000
73005  56.614  -3.004  17.326 0.0000000000
121893  26.661  -34.985  47.155 0.0000000000
134910  11.105  -43.921  45.212 0.0000000000
33889  11.752  -43.807  47.533 0.0000000000
143645  10.593  -43.953  47.029 0.0000000000
59376  45.868  -17.424  34.742 0.0000000000
60364  46.628  -16.337  35.115 0.0000000000
135592  3.284  -43.219  45.957 0.0000000000
45569  30.689  -31.754  36.433 0.0000000000
45567  31.629  -32.158  36.320 0.0000000000
45533  30.918  -32.203  37.876 0.0000000000
43657  20.822  -33.624  38.283 0.0000000000
43634  20.063  -34.022  39.738 0.0000000000
42712  19.743  -34.620  38.274 0.0000000000
136658  22.360  -32.508  35.729 0.0000000000
44563  21.677  -32.991  36.964 0.0000000000
143473  22.030  -33.025  38.570 0.0000000000
36687  18.392  -40.743  47.318 0.0000000000
127437  18.867  -42.312  48.742 0.0000000000
71991  51.391  -4.049  19.700 0.0000000000
71977  52.450  -4.279  20.625 0.0000000000
71963  51.860  -4.564  21.218 0.0000000000
69088  50.155  -7.007  28.099 0.0000000000
69086  51.962  -7.081  28.013 0.0000000000
66305  39.498  -9.857  25.619 0.0000000000
67222  40.591  -8.845  26.111 0.0000000000
133182  41.240  -9.714  26.818 0.0000000000
120880  37.894  -21.323  32.996 0.0000000000
55452  38.067  -20.729  34.570 0.0000000000
56433  38.023  -20.197  34.749 0.0000000000
55440  39.424  -21.141  35.485 0.0000000000
43655  40.227  -34.180  37.756 0.0000000000
45532  39.877  -32.238  37.580 0.0000000000
44512  40.861  -33.111  38.767 0.0000000000
72999  48.919  -3.901  18.080 0.0000000000
73011  49.657  -3.593  17.427 0.0000000000
72997  50.414  -3.739  18.668 0.0000000000
72996  51.908  -3.406  18.348 0.0000000000
74863  55.316  -0.838  10.813 0.0000000000
74847  54.737  -1.447  11.473 0.0000000000
73972  55.780  -3.014  12.152 0.0000000000
124264  54.042  -1.527  11.918 0.0000000000
43608  27.624  -33.402  41.480 0.0000000000
43606  29.522  -34.004  41.578 0.0000000000
42663  28.875  -34.426  42.898 0.0000000000
32988  16.009  -44.647  46.161 0.0000000000
32982  16.900  -44.867  47.624 0.0000000000
33870  15.310  -44.523  48.099 0.0000000000
33852  13.268  -44.125  50.639 0.0000000000
32964  14.633  -44.928  50.677 0.0000000000
71080  46.390  -5.754  19.499 0.0000000000
71068  47.633  -5.716  20.514 0.0000000000
70155  46.936  -6.253  20.804 0.0000000000
69161  45.645  -7.807  22.346 0.0000000000
69160  46.438  -7.578  22.601 0.0000000000
68226  46.196  -8.354  24.049 0.0000000000
69148  47.674  -7.974  24.844 0.0000000000
68208  46.307  -8.387  24.884 0.0000000000
63281  42.731  -14.013  29.824 0.0000000000
63280  43.265  -13.284  30.058 0.0000000000
63270  43.590  -13.765  30.805 0.0000000000
71086  46.854  -5.118  18.783 0.0000000000
33910  7.141  -44.087  46.785 0.0000000000
33911  6.141  -44.144  46.589 0.0000000000
131087  38.893  -13.987  24.597 0.0000000000
62395  40.187  -13.916  25.855 0.0000000000
61516  39.851  -14.853  25.931 0.0000000000
59466  40.167  -16.997  28.129 0.0000000000
60452  40.729  -16.571  28.489 0.0000000000
59448  41.087  -17.424  29.683 0.0000000000
59413  42.570  -17.401  31.307 0.0000000000
59414  41.975  -17.792  31.071 0.0000000000
45615  33.388  -31.720  33.233 0.0000000000
122878  34.569  -33.075  36.961 0.0000000000
44572  35.048  -33.159  36.007 0.0000000000
43669  36.029  -33.675  37.359 0.0000000000
43667  37.629  -34.218  37.095 0.0000000000
124026  36.592  -33.686  38.725 0.0000000000
42676  31.915  -34.780  41.889 0.0000000000
43627  32.997  -33.929  40.470 0.0000000000
42659  33.374  -34.802  42.070 0.0000000000
43556  36.872  -34.286  42.732 0.0000000000
42673  38.980  -34.950  41.790 0.0000000000
43533  22.762  -34.610  44.938 0.0000000000
138803  21.872  -34.882  45.951 0.0000000000
43546  21.306  -34.534  44.052 0.0000000000
41766  19.064  -35.968  42.217 0.0000000000
126342  19.170  -35.980  44.203 0.0000000000
40805  18.584  -37.419  43.721 0.0000000000
38713  18.192  -38.403  45.634 0.0000000000
39829  18.186  -38.187  43.277 0.0000000000
40867  18.469  -36.773  38.227 0.0000000000
139165  16.446  -40.562  40.255 0.0000000000
37811  17.108  -39.867  40.208 0.0000000000
36753  17.191  -41.137  41.845 0.0000000000
36737  17.737  -41.173  43.527 0.0000000000
35766  16.871  -41.795  42.311 0.0000000000
129633  17.137  -43.211  44.169 0.0000000000
35767  16.012  -42.104  42.078 0.0000000000
34861  11.901  -43.346  42.934 0.0000000000
47689  29.051  -29.795  33.576 0.0000000000
48642  27.801  -28.850  33.838 0.0000000000
46615  24.845  -31.159  36.120 0.0000000000
47661  25.966  -30.658  35.947 0.0000000000
46612  26.894  -30.713  36.497 0.0000000000
46580  26.187  -31.618  37.463 0.0000000000
45522  26.473  -32.207  39.026 0.0000000000
45523  25.543  -32.412  39.030 0.0000000000
43612  22.773  -33.494  41.619 0.0000000000
44470  24.040  -33.350  41.881 0.0000000000
128435  23.000  -33.788  42.847 0.0000000000
43544  23.467  -34.301  44.356 0.0000000000
41708  20.408  -36.139  48.611 0.0000000000
136081  8.222  -43.383  49.802 0.0000000000
141614  9.192  -43.420  50.513 0.0000000000
71974  56.951  -3.719  21.063 0.0000000000
71935  56.215  -4.660  23.319 0.0000000000
71020  57.282  -5.562  23.370 0.0000000000
71004  56.949  -5.960  24.070 0.0000000000
70085  56.566  -7.116  25.068 0.0000000000
70123  50.364  -5.894  22.894 0.0000000000
71026  51.322  -5.916  23.420 0.0000000000
70098  51.639  -6.512  24.343 0.0000000000
70064  54.808  -7.181  27.506 0.0000000000
69124  42.264  -7.858  26.655 0.0000000000
69137  43.260  -7.957  25.673 0.0000000000
134069  43.440  -7.484  26.520 0.0000000000
69104  45.593  -7.115  27.305 0.0000000000
70070  44.376  -6.833  28.099 0.0000000000
65258  44.548  -11.252  30.604 0.0000000000
66246  44.081  -10.310  29.564 0.0000000000
67181  44.948  -9.630  30.533 0.0000000000
58437  36.943  -18.377  29.947 0.0000000000
58368  39.378  -19.001  35.539 0.0000000000
120727  39.454  -18.525  33.056 0.0000000000
136594  41.056  -18.733  35.254 0.0000000000
137087  41.800  -18.818  34.778 0.0000000000
122346  42.333  -18.913  36.495 0.0000000000
46649  36.458  -30.475  33.610 0.0000000000
47701  37.455  -29.399  33.847 0.0000000000
48606  39.945  -28.871  36.267 0.0000000000
48634  39.111  -27.995  34.959 0.0000000000
48618  40.275  -27.698  35.784 0.0000000000
50592  40.369  -26.145  34.934 0.0000000000
50565  41.158  -26.628  36.039 0.0000000000
45512  41.956  -31.616  40.656 0.0000000000
121442  42.852  -25.882  39.003 0.0000000000
51529  42.566  -25.343  37.830 0.0000000000
53383  42.730  -23.765  38.329 0.0000000000
54397  42.276  -22.452  38.135 0.0000000000
54383  42.892  -22.693  39.526 0.0000000000
73048  50.076  -3.003  14.753 0.0000000000
73060  51.768  -3.060  13.835 0.0000000000
73059  53.139  -3.397  13.551 0.0000000000
73047  52.284  -3.346  14.535 0.0000000000
72993  54.326  -2.995  18.559 0.0000000000
118857  54.798  -2.768  17.198 0.0000000000
143745  55.631  -2.807  18.280 0.0000000000
72990  57.572  -3.350  18.596 0.0000000000
120055  58.879  -2.913  10.625 0.0000000000
73055  58.078  -3.651  13.750 0.0000000000
73040  58.695  -4.255  15.002 0.0000000000
73029  58.352  -3.902  15.927 0.0000000000
42625  26.518  -34.581  44.778 0.0000000000
42623  28.295  -34.783  44.654 0.0000000000
128539  26.881  -34.826  46.168 0.0000000000
33904  13.649  -43.950  46.116 0.0000000000
33887  13.832  -43.916  47.893 0.0000000000
33888  12.552  -43.820  47.494 0.0000000000
142775  12.131  -43.604  49.270 0.0000000000
33853  11.859  -43.877  50.775 0.0000000000
69172  44.657  -7.830  21.062 0.0000000000
68243  44.359  -8.637  22.377 0.0000000000
61411  44.117  -15.939  32.359 0.0000000000
127616  44.566  -15.046  32.448 0.0000000000
61399  45.471  -15.714  33.503 0.0000000000
61363  46.803  -15.648  35.382 0.0000000000
33912  5.282  -44.043  46.519 0.0000000000
33913  3.951  -43.646  45.873 0.0000000000
34830  3.526  -43.180  47.821 0.0000000000
61518  38.892  -15.484  25.317 0.0000000000
59461  39.221  -17.865  28.092 0.0000000000
119889  32.927  -32.063  33.942 0.0000000000
45582  32.027  -32.300  35.490 0.0000000000
121191  32.940  -32.614  36.942 0.0000000000
44557  34.322  -32.976  37.977 0.0000000000
119051  21.960  -33.687  41.699 0.0000000000
43591  20.909  -34.265  42.678 0.0000000000
43613  20.529  -33.996  41.161 0.0000000000
42678  19.681  -34.851  40.944 0.0000000000
41783  19.092  -35.889  40.564 0.0000000000
35792  15.125  -41.470  40.659 0.0000000000
36781  14.625  -41.007  40.079 0.0000000000
45572  23.489  -31.784  35.911 0.0000000000
45553  23.729  -32.232  37.352 0.0000000000
44543  24.668  -32.507  38.949 0.0000000000
120149  23.133  -32.717  38.706 0.0000000000
44526  22.155  -33.144  39.688 0.0000000000
39769  18.991  -38.153  48.478 0.0000000000
72982  53.505  -3.563  19.509 0.0000000000
72959  55.922  -3.664  21.259 0.0000000000
71975  54.154  -4.030  21.095 0.0000000000
122382  54.285  -4.263  21.928 0.0000000000
71937  54.351  -4.952  23.595 0.0000000000
136838  50.547  -7.412  25.483 0.0000000000
70091  51.896  -6.981  25.168 0.0000000000
131829  52.150  -7.380  27.076 0.0000000000
69097  52.935  -7.145  27.866 0.0000000000
68229  40.731  -8.742  24.234 0.0000000000
68214  40.327  -8.631  24.938 0.0000000000
69125  41.704  -8.139  26.359 0.0000000000
69107  42.552  -7.856  27.309 0.0000000000
143414  45.977  -9.349  32.846 0.0000000000
128484  36.273  -18.591  32.460 0.0000000000
122579  37.079  -18.360  32.258 0.0000000000
58383  37.558  -19.366  33.886 0.0000000000
58369  38.791  -19.562  35.286 0.0000000000
57335  40.009  -19.887  36.567 0.0000000000
45566  37.837  -32.328  35.898 0.0000000000
46625  38.028  -30.495  35.291 0.0000000000
45564  39.118  -31.370  36.702 0.0000000000
46589  39.687  -30.741  37.063 0.0000000000
47615  40.771  -30.131  38.041 0.0000000000
73025  47.316  -3.673  16.296 0.0000000000
73939  47.578  -2.767  15.110 0.0000000000
73024  48.557  -3.609  16.316 0.0000000000
135868  49.609  -3.405  15.871 0.0000000000
119295  50.871  -3.148  15.809 0.0000000000
73937  52.429  -2.925  15.998 0.0000000000
73021  51.994  -2.918  16.744 0.0000000000
72995  52.792  -3.218  18.273 0.0000000000
75688  56.699  -0.626  10.080 0.0000000000
73996  57.200  -2.196  10.578 0.0000000000
73983  58.542  -3.048  11.483 0.0000000000
73968  59.132  -3.481  12.024 0.0000000000
73970  57.756  -3.104  12.089 0.0000000000
73073  56.343  -3.415  12.655 0.0000000000
73057  55.908  -3.719  13.351 0.0000000000
44542  29.663  -32.344  38.674 0.0000000000
127810  31.013  -32.830  39.071 0.0000000000
44497  29.556  -33.225  40.128 0.0000000000
42677  30.956  -34.643  41.784 0.0000000000
42642  31.347  -35.083  43.423 0.0000000000
136501  17.996  -43.437  47.057 0.0000000000
133280  18.515  -43.496  48.753 0.0000000000
32975  17.562  -44.514  48.080 0.0000000000
32969  17.640  -45.182  49.709 0.0000000000
32972  14.982  -44.632  50.004 0.0000000000
32963  15.719  -45.349  50.395 0.0000000000
71994  48.685  -4.729  19.589 0.0000000000
71980  49.869  -4.919  20.857 0.0000000000
71066  49.274  -5.254  20.903 0.0000000000
71043  49.184  -5.944  22.106 0.0000000000
70111  49.314  -6.632  23.410 0.0000000000
70127  46.742  -7.060  21.957 0.0000000000
70125  48.043  -6.831  22.672 0.0000000000
69153  49.021  -7.115  24.046 0.0000000000
127975  49.354  -7.516  25.167 0.0000000000
69118  49.263  -7.501  26.523 0.0000000000
69089  48.948  -7.037  27.841 0.0000000000
64321  41.380  -12.272  26.833 0.0000000000
65287  42.052  -11.415  27.536 0.0000000000
64304  42.890  -11.834  28.805 0.0000000000
65259  44.026  -11.897  30.308 0.0000000000
64278  44.996  -12.122  31.697 0.0000000000
63257  45.261  -13.464  32.575 0.0000000000
127107  45.527  -12.819  32.612 0.0000000000
65230  46.255  -11.439  33.319 0.0000000000
54453  39.498  -22.821  33.077 0.0000000000
43620  42.272  -34.333  40.311 0.0000000000
73026  46.426  -3.553  16.166 0.0000000000
72012  47.254  -4.337  17.570 0.0000000000
72002  48.368  -4.389  18.661 0.0000000000
125404  53.640  0.923  10.342 0.0000000000
76507  53.078  0.690  11.065 0.0000000000
126481  8.576  -44.094  45.807 0.0000000000
33908  9.014  -43.997  46.734 0.0000000000
33909  8.117  -44.065  46.683 0.0000000000
33893  7.201  -43.896  47.777 0.0000000000
125930  6.849  -43.300  49.474 0.0000000000
33881  5.142  -43.608  47.955 0.0000000000
65305  39.184  -10.655  25.448 0.0000000000
65313  39.112  -11.773  25.063 0.0000000000
64328  40.294  -12.356  25.638 0.0000000000
63317  41.091  -13.117  26.739 0.0000000000
63302  41.800  -13.803  28.235 0.0000000000
62350  42.358  -14.749  29.745 0.0000000000
61494  40.617  -15.597  27.455 0.0000000000
61479  41.398  -15.450  28.638 0.0000000000
61445  42.493  -15.339  30.259 0.0000000000
60399  43.481  -16.494  31.907 0.0000000000
59395  44.087  -17.513  32.857 0.0000000000
59387  44.359  -18.226  34.613 0.0000000000
45612  36.003  -31.226  33.858 0.0000000000
44603  34.230  -32.553  34.589 0.0000000000
44601  35.931  -32.497  34.762 0.0000000000
44600  36.688  -32.244  35.039 0.0000000000
44571  37.518  -33.230  36.103 0.0000000000
42722  38.947  -34.848  37.478 0.0000000000
41802  40.175  -35.808  38.471 0.0000000000
44516  32.412  -32.934  39.093 0.0000000000
44515  33.362  -33.048  39.181 0.0000000000
44513  34.912  -33.271  39.449 0.0000000000
42638  35.144  -34.689  42.717 0.0000000000
121096  35.995  -33.940  41.577 0.0000000000
43642  36.661  -33.628  39.681 0.0000000000
42687  37.882  -34.343  40.106 0.0000000000
41781  39.362  -35.957  39.971 0.0000000000
40836  40.745  -36.562  40.829 0.0000000000
42578  23.415  -35.043  47.443 0.0000000000
42579  22.590  -35.082  47.348 0.0000000000
42581  21.019  -35.299  47.101 0.0000000000
121101  19.611  -36.198  47.023 0.0000000000
42647  20.025  -34.903  43.772 0.0000000000
41741  19.247  -36.111  45.736 0.0000000000
39793  18.860  -37.248  46.507 0.0000000000
39782  18.532  -38.099  46.874 0.0000000000
37727  18.104  -39.308  46.507 0.0000000000
36696  18.098  -40.951  46.393 0.0000000000
125469  19.310  -35.321  38.511 0.0000000000
124322  18.893  -36.439  39.944 0.0000000000
40840  18.508  -37.283  41.066 0.0000000000
38801  17.449  -38.719  38.866 0.0000000000
143253  17.904  -38.527  40.650 0.0000000000
38778  17.941  -38.613  41.880 0.0000000000
37776  17.916  -39.549  43.560 0.0000000000
36720  17.879  -41.074  44.441 0.0000000000
124423  18.083  -42.282  46.373 0.0000000000
33917  17.695  -43.827  45.867 0.0000000000
33918  16.649  -44.178  45.067 0.0000000000
33934  15.054  -43.799  44.644 0.0000000000
125318  14.589  -42.744  42.589 0.0000000000
34849  14.423  -43.421  43.967 0.0000000000
33935  13.535  -43.646  44.389 0.0000000000
133302  12.209  -43.778  44.446 0.0000000000
120660  11.259  -43.737  43.896 0.0000000000
121977  9.906  -43.918  44.124 0.0000000000
33939  9.036  -43.915  43.722 0.0000000000
33940  7.535  -44.078  43.917 0.0000000000
127951  30.146  -30.943  33.682 0.0000000000
46626  29.748  -30.976  35.573 0.0000000000
46610  29.374  -31.179  36.753 0.0000000000
47676  27.328  -29.705  35.396 0.0000000000
46611  27.698  -30.641  36.473 0.0000000000
45550  28.833  -31.549  37.660 0.0000000000
45520  28.152  -32.189  39.034 0.0000000000
44498  27.327  -32.704  40.300 0.0000000000
43609  26.807  -33.348  41.753 0.0000000000
44501  24.509  -32.842  40.530 0.0000000000
44484  25.322  -33.094  41.640 0.0000000000
125743  25.835  -33.660  42.795 0.0000000000
123647  25.201  -34.152  44.210 0.0000000000
140755  24.760  -34.806  46.188 0.0000000000
33876  9.776  -43.681  48.494 0.0000000000
34799  10.728  -43.589  50.220 0.0000000000
71946  57.069  -4.340  22.312 0.0000000000
71056  51.217  -4.953  21.869 0.0000000000
135751  53.202  -5.138  23.247 0.0000000000
71007  54.846  -5.609  24.771 0.0000000000
70089  53.617  -6.673  25.716 0.0000000000
70088  54.619  -6.545  25.967 0.0000000000
70087  55.979  -6.575  25.917 0.0000000000
67288  43.095  -9.415  22.231 0.0000000000
123491  44.462  -8.738  23.303 0.0000000000
68228  41.595  -8.735  24.119 0.0000000000
141295  43.833  -8.681  24.489 0.0000000000
68196  44.832  -8.464  25.209 0.0000000000
68195  45.852  -8.017  26.051 0.0000000000
70067  47.134  -7.039  27.577 0.0000000000
132145  47.961  -6.575  28.913 0.0000000000
66266  42.457  -10.094  27.876 0.0000000000
68172  43.229  -8.649  28.275 0.0000000000
132761  43.679  -8.019  28.529 0.0000000000
68138  45.610  -8.818  31.649 0.0000000000
141284  45.189  -7.360  30.215 0.0000000000
69078  44.701  -6.972  29.231 0.0000000000
70042  46.229  -6.465  29.676 0.0000000000
126444  47.911  -6.362  29.803 0.0000000000
58496  38.023  -18.357  27.805 0.0000000000
58458  39.271  -18.412  29.523 0.0000000000
119607  38.170  -18.387  31.914 0.0000000000
58421  39.871  -18.564  31.278 0.0000000000
58420  40.788  -18.551  31.359 0.0000000000
58403  41.809  -18.609  32.422 0.0000000000
58377  43.539  -18.700  35.043 0.0000000000
59358  44.239  -18.440  36.597 0.0000000000
47686  38.359  -29.089  34.854 0.0000000000
51578  39.493  -25.083  33.355 0.0000000000
52477  40.539  -24.447  34.221 0.0000000000
53425  40.859  -23.612  34.503 0.0000000000
44511  41.236  -32.736  39.609 0.0000000000
126324  41.390  -30.899  39.873 0.0000000000
47594  41.734  -29.525  38.891 0.0000000000
49515  42.397  -28.120  39.193 0.0000000000
49538  41.844  -27.510  37.337 0.0000000000
51530  42.161  -25.627  37.039 0.0000000000
52467  41.774  -23.903  35.850 0.0000000000
126796  40.873  -22.135  35.579 0.0000000000
54421  41.156  -22.040  36.360 0.0000000000
55415  40.777  -20.628  37.282 0.0000000000
56392  41.214  -20.258  37.845 0.0000000000
54369  43.034  -22.034  40.315 0.0000000000
56379  42.460  -20.380  39.461 0.0000000000
57318  41.934  -19.573  38.138 0.0000000000
58313  42.770  -19.024  37.995 0.0000000000
75668  52.771  -0.161  11.723 0.0000000000
74848  53.328  -1.075  12.013 0.0000000000
129310  54.071  -2.794  12.650 0.0000000000
73058  54.429  -3.733  13.606 0.0000000000
73032  55.539  -3.746  15.053 0.0000000000
73930  53.989  -2.955  16.103 0.0000000000
123694  55.410  -3.192  16.047 0.0000000000
119683  56.293  -3.434  15.877 0.0000000000
73004  57.903  -3.443  17.354 0.0000000000
42566  24.602  -35.373  48.342 0.0000000000
42565  25.285  -35.315  48.359 0.0000000000
33923  10.170  -43.958  45.105 0.0000000000
126483  10.597  -43.976  46.138 0.0000000000
59356  45.878  -17.517  35.695 0.0000000000
60318  46.423  -17.013  36.265 0.0000000000
45570  30.011  -31.495  36.849 0.0000000000
45547  31.259  -32.114  37.130 0.0000000000
43648  20.101  -33.987  38.808 0.0000000000
43658  20.027  -33.982  37.900 0.0000000000
44547  21.068  -33.431  37.374 0.0000000000
35726  18.941  -41.485  48.631 0.0000000000
137763  18.550  -42.223  47.945 0.0000000000
71992  50.483  -4.106  19.484 0.0000000000
71978  51.640  -4.351  20.428 0.0000000000
71979  50.853  -4.403  20.248 0.0000000000
143909  49.466  -6.941  28.135 0.0000000000
70052  50.641  -6.736  28.861 0.0000000000
66292  40.137  -10.001  26.026 0.0000000000
66291  40.859  -10.396  26.419 0.0000000000
55463  38.561  -21.596  33.387 0.0000000000
55464  37.876  -21.009  33.841 0.0000000000
123804  38.461  -21.221  34.161 0.0000000000
55451  38.769  -21.126  34.814 0.0000000000
55450  39.640  -21.693  34.631 0.0000000000
143119  41.081  -34.935  38.550 0.0000000000
43641  40.895  -34.157  38.375 0.0000000000
143203  41.342  -34.491  38.904 0.0000000000
72000  49.881  -4.039  19.000 0.0000000000
72998  49.713  -3.782  18.366 0.0000000000
74864  54.358  -0.412  10.977 0.0000000000
121179  54.009  -0.946  11.568 0.0000000000
43584  27.454  -33.721  42.243 0.0000000000
121855  28.197  -33.771  41.909 0.0000000000
43558  28.135  -34.001  42.661 0.0000000000
33902  15.119  -44.308  46.119 0.0000000000
33885  15.372  -44.555  47.285 0.0000000000
121724  14.795  -44.231  46.822 0.0000000000
71069  46.906  -5.869  20.165 0.0000000000
70156  46.304  -6.257  20.260 0.0000000000
68242  45.115  -8.349  22.817 0.0000000000
68241  45.944  -8.096  23.185 0.0000000000
68225  46.991  -8.134  24.452 0.0000000000
130077  43.150  -14.039  30.370 0.0000000000
62329  43.799  -14.380  31.371 0.0000000000
126506  6.600  -44.217  45.745 0.0000000000
63333  38.495  -13.436  24.332 0.0000000000
62406  39.449  -14.141  25.215 0.0000000000
132793  39.289  -14.947  25.380 0.0000000000
60441  40.523  -17.390  28.933 0.0000000000
59428  41.585  -17.557  30.335 0.0000000000
59429  40.996  -17.961  30.175 0.0000000000
44556  35.209  -33.340  37.664 0.0000000000
122784  35.509  -33.497  36.698 0.0000000000
136862  36.515  -33.786  37.888 0.0000000000
42660  32.642  -34.946  42.366 0.0000000000
42675  32.759  -34.708  41.719 0.0000000000
121840  33.244  -35.057  42.824 0.0000000000
43545  22.600  -34.289  44.059 0.0000000000
42628  21.960  -34.549  44.499 0.0000000000
136545  21.927  -34.318  43.824 0.0000000000
40815  18.872  -36.743  42.482 0.0000000000
134481  18.890  -36.776  43.283 0.0000000000
40816  18.585  -37.428  42.845 0.0000000000
39818  18.272  -38.040  44.247 0.0000000000
36766  16.814  -40.910  41.086 0.0000000000
34868  16.463  -42.476  42.775 0.0000000000
46595  25.061  -31.507  36.826 0.0000000000
46628  25.431  -30.710  35.676 0.0000000000
46614  25.564  -31.070  36.359 0.0000000000
46613  26.249  -30.928  36.461 0.0000000000
46594  25.814  -31.430  37.019 0.0000000000
45539  26.100  -31.944  38.165 0.0000000000
135786  25.113  -32.052  38.157 0.0000000000
43589  22.508  -33.738  42.352 0.0000000000
43588  23.330  -33.580  42.217 0.0000000000
43563  23.162  -33.961  43.524 0.0000000000
40768  19.818  -36.548  48.422 0.0000000000
34802  7.587  -43.226  50.771 0.0000000000
34790  8.356  -43.405  50.956 0.0000000000
72980  56.617  -3.173  19.534 0.0000000000
72967  57.271  -3.533  20.178 0.0000000000
72968  56.238  -3.412  20.378 0.0000000000
71022  56.002  -5.012  24.108 0.0000000000
71021  56.803  -5.170  23.831 0.0000000000
71005  56.524  -5.645  24.523 0.0000000000
70095  56.676  -6.350  24.836 0.0000000000
70110  50.504  -6.320  23.570 0.0000000000
119506  50.874  -6.526  24.076 0.0000000000
69123  42.925  -7.466  27.003 0.0000000000
69106  43.761  -7.102  27.488 0.0000000000
69105  44.706  -6.982  27.401 0.0000000000
65251  44.971  -11.357  31.324 0.0000000000
66225  44.942  -10.508  30.992 0.0000000000
66224  45.488  -10.658  31.640 0.0000000000
125366  36.722  -18.233  30.828 0.0000000000
136403  40.053  -18.884  35.960 0.0000000000
122183  40.245  -18.752  35.325 0.0000000000
58367  40.786  -18.807  35.901 0.0000000000
58366  41.620  -18.831  35.741 0.0000000000
58351  41.304  -18.933  36.483 0.0000000000
46637  36.735  -30.943  34.259 0.0000000000
46648  37.120  -30.143  34.099 0.0000000000
47652  40.455  -29.130  36.862 0.0000000000
48605  40.522  -28.277  36.344 0.0000000000
120837  40.879  -27.421  36.179 0.0000000000
49539  41.229  -27.857  36.823 0.0000000000
120410  43.130  -25.967  39.819 0.0000000000
52445  42.895  -24.460  38.861 0.0000000000
53375  42.912  -23.646  39.173 0.0000000000
52440  43.143  -24.417  39.690 0.0000000000
120039  50.785  -3.139  15.018 0.0000000000
122744  49.951  -2.707  14.150 0.0000000000
73943  50.771  -2.902  14.180 0.0000000000
73954  51.122  -2.441  13.467 0.0000000000
120671  55.157  -2.938  18.819 0.0000000000
72992  56.056  -2.904  18.877 0.0000000000
73982  59.202  -3.276  11.324 0.0000000000
73090  59.400  -3.323  10.697 0.0000000000
73081  59.614  -3.780  11.285 0.0000000000
73043  57.303  -3.745  14.389 0.0000000000
73041  58.472  -3.981  14.307 0.0000000000
120355  58.248  -3.862  15.164 0.0000000000
42604  26.958  -34.751  45.403 0.0000000000
33905  12.661  -43.905  45.838 0.0000000000
126484  13.011  -43.891  46.771 0.0000000000
127134  12.135  -43.925  46.744 0.0000000000
125524  11.424  -43.674  48.193 0.0000000000
123649  12.177  -43.657  48.361 0.0000000000
119843  12.535  -43.789  50.069 0.0000000000
33863  11.564  -43.626  49.944 0.0000000000
68257  44.196  -8.449  21.489 0.0000000000
68258  43.691  -8.983  21.883 0.0000000000
61400  44.819  -15.814  32.971 0.0000000000
60379  45.749  -16.369  33.872 0.0000000000
33927  4.233  -43.724  45.006 0.0000000000
120142  2.760  -43.046  47.315 0.0000000000
119903  2.767  -43.000  48.117 0.0000000000
45600  31.629  -31.976  34.778 0.0000000000
45568  32.090  -32.428  37.010 0.0000000000
44575  32.478  -32.496  36.213 0.0000000000
44558  33.442  -32.812  37.687 0.0000000000
120192  33.653  -32.918  38.441 0.0000000000
119965  21.403  -33.658  40.893 0.0000000000
121438  21.112  -33.959  41.832 0.0000000000
42688  19.746  -34.709  40.063 0.0000000000
42689  19.407  -35.332  40.335 0.0000000000
143786  19.308  -35.434  40.963 0.0000000000
44576  22.532  -32.588  36.633 0.0000000000
127151  22.853  -31.988  35.350 0.0000000000
45554  23.317  -32.155  36.653 0.0000000000
44561  23.136  -32.551  37.913 0.0000000000
43647  21.626  -33.337  38.975 0.0000000000
44504  21.982  -33.357  40.355 0.0000000000
38666  18.799  -38.940  48.553 0.0000000000
37695  18.801  -39.824  48.556 0.0000000000
72970  53.897  -3.757  20.250 0.0000000000
72971  53.002  -3.882  20.094 0.0000000000
71962  52.690  -4.487  21.393 0.0000000000
71961  53.492  -4.375  21.619 0.0000000000
71949  53.661  -4.580  22.388 0.0000000000
71948  54.513  -4.533  22.775 0.0000000000
71039  53.717  -4.837  23.097 0.0000000000
69117  50.667  -7.539  26.150 0.0000000000
69116  51.405  -7.431  26.495 0.0000000000
139835  50.784  -7.462  26.795 0.0000000000
68215  39.528  -8.988  24.628 0.0000000000
68201  39.770  -8.954  25.211 0.0000000000
67221  41.047  -8.876  26.566 0.0000000000
68187  41.086  -8.408  26.118 0.0000000000
68186  41.557  -8.424  26.695 0.0000000000
69108  41.992  -8.080  26.858 0.0000000000
68179  42.045  -8.412  27.222 0.0000000000
58408  35.799  -18.878  32.658 0.0000000000
58394  36.354  -19.002  33.121 0.0000000000
141610  36.247  -18.827  32.863 0.0000000000
58393  36.994  -19.144  33.488 0.0000000000
56424  38.719  -20.292  35.346 0.0000000000
57356  38.404  -19.924  35.070 0.0000000000
57348  38.948  -20.003  35.610 0.0000000000
58354  39.242  -19.652  35.772 0.0000000000
56414  39.788  -20.257  36.357 0.0000000000
45565  38.551  -31.891  36.285 0.0000000000
45546  39.137  -32.360  36.828 0.0000000000
46577  40.070  -31.226  37.687 0.0000000000
46588  40.328  -30.420  37.596 0.0000000000
46576  40.636  -30.796  38.233 0.0000000000
134731  48.031  -3.716  16.484 0.0000000000
73038  47.988  -3.392  15.761 0.0000000000
120944  49.273  -3.553  16.491 0.0000000000
73023  50.195  -3.373  16.435 0.0000000000
73036  50.159  -3.262  15.500 0.0000000000
120996  51.136  -3.098  16.637 0.0000000000
73009  51.505  -3.190  17.473 0.0000000000
72984  51.984  -3.695  19.202 0.0000000000
142085  52.513  -3.471  18.834 0.0000000000
140049  53.150  -3.388  18.889 0.0000000000
74846  55.764  -1.847  11.108 0.0000000000
135696  56.509  -1.839  10.699 0.0000000000
73984  57.475  -2.785  11.230 0.0000000000
73971  56.706  -2.991  11.882 0.0000000000
73074  55.589  -3.401  12.740 0.0000000000
120947  55.078  -3.606  13.174 0.0000000000
44518  28.950  -32.481  39.172 0.0000000000
122913  29.661  -32.833  39.407 0.0000000000
43582  29.306  -34.242  42.151 0.0000000000
142933  29.955  -33.958  41.230 0.0000000000
42661  30.476  -34.743  42.394 0.0000000000
118991  31.176  -34.891  42.569 0.0000000000
42643  30.421  -34.919  43.235 0.0000000000
33901  17.779  -43.997  46.655 0.0000000000
33884  17.854  -44.040  47.466 0.0000000000
32981  17.409  -44.505  47.038 0.0000000000
32977  16.200  -44.931  48.650 0.0000000000
32976  17.253  -44.940  48.887 0.0000000000
32970  16.625  -45.239  49.695 0.0000000000
32962  16.890  -45.668  50.162 0.0000000000
33872  13.668  -43.913  48.765 0.0000000000
33871  14.492  -44.145  48.454 0.0000000000
33861  14.333  -44.203  49.402 0.0000000000
71981  49.346  -4.853  20.277 0.0000000000
71067  48.574  -5.330  20.520 0.0000000000
70142  47.602  -6.237  21.290 0.0000000000
71060  48.191  -5.817  21.127 0.0000000000
70124  49.581  -6.181  22.792 0.0000000000
119063  48.826  -6.452  22.712 0.0000000000
69182  45.200  -7.230  20.660 0.0000000000
70143  46.173  -6.872  21.093 0.0000000000
69170  46.093  -7.365  21.904 0.0000000000
122592  47.815  -7.369  23.385 0.0000000000
69159  47.255  -7.259  22.679 0.0000000000
69154  48.556  -6.959  23.367 0.0000000000
141106  48.345  -7.401  23.940 0.0000000000
69147  49.394  -7.317  24.616 0.0000000000
139585  48.557  -7.623  24.758 0.0000000000
134137  47.950  -7.822  25.597 0.0000000000
69119  48.405  -7.588  26.380 0.0000000000
69101  48.699  -7.332  27.187 0.0000000000
69102  47.852  -7.396  27.021 0.0000000000
64316  41.842  -12.186  27.455 0.0000000000
64315  42.370  -12.029  28.077 0.0000000000
64293  42.559  -12.674  28.700 0.0000000000
63279  43.948  -12.838  30.727 0.0000000000
64285  43.566  -12.444  30.016 0.0000000000
123659  44.501  -12.056  31.021 0.0000000000
62305  45.095  -14.927  33.110 0.0000000000
62317  44.873  -14.206  32.563 0.0000000000
62316  45.437  -14.086  33.197 0.0000000000
64244  46.214  -12.821  33.767 0.0000000000
64256  45.825  -12.281  33.111 0.0000000000
65229  46.615  -11.441  34.045 0.0000000000
54467  39.001  -22.954  32.443 0.0000000000
132297  38.785  -22.231  32.707 0.0000000000
53433  39.814  -23.652  33.250 0.0000000000
73014  45.721  -3.887  16.733 0.0000000000
73013  46.796  -3.977  16.865 0.0000000000
72013  46.389  -4.452  17.407 0.0000000000
71995  47.784  -4.895  19.177 0.0000000000
72003  47.541  -4.591  18.351 0.0000000000
120457  8.047  -44.182  44.874 0.0000000000
33894  6.477  -43.961  47.434 0.0000000000
134888  7.132  -43.686  48.610 0.0000000000
34825  6.403  -43.538  48.685 0.0000000000
138690  4.984  -43.830  47.165 0.0000000000
66306  38.776  -9.836  25.178 0.0000000000
65306  38.384  -10.764  25.097 0.0000000000
64335  38.764  -12.632  24.621 0.0000000000
127108  38.170  -11.781  24.738 0.0000000000
64334  39.359  -12.641  24.961 0.0000000000
64329  39.741  -12.288  25.258 0.0000000000
64322  40.828  -12.353  26.250 0.0000000000
63318  40.528  -13.108  25.994 0.0000000000
62386  40.496  -14.442  26.501 0.0000000000
62385  41.041  -14.005  26.977 0.0000000000
62376  41.357  -14.323  27.689 0.0000000000
62365  41.614  -14.637  28.460 0.0000000000
60487  39.131  -16.018  25.873 0.0000000000
61509  39.693  -15.694  26.292 0.0000000000
60474  40.016  -16.120  27.044 0.0000000000
142283  41.190  -16.114  28.756 0.0000000000
61463  41.646  -15.937  29.359 0.0000000000
61462  42.079  -15.410  29.752 0.0000000000
61427  42.639  -16.005  30.744 0.0000000000
130324  43.154  -15.852  31.328 0.0000000000
60400  42.866  -16.667  31.290 0.0000000000
59402  43.289  -17.892  32.436 0.0000000000
59401  43.613  -17.240  32.270 0.0000000000
119793  44.301  -17.958  33.699 0.0000000000
46650  35.697  -30.711  33.195 0.0000000000
44604  33.338  -32.469  34.618 0.0000000000
43686  35.877  -33.457  35.906 0.0000000000
44588  35.486  -32.968  35.296 0.0000000000
44587  36.297  -32.987  35.368 0.0000000000
44586  37.102  -32.766  35.547 0.0000000000
42723  38.134  -34.660  37.637 0.0000000000
42710  38.638  -35.202  38.218 0.0000000000
41816  39.295  -35.276  37.870 0.0000000000
41803  39.411  -35.625  38.434 0.0000000000
44496  30.496  -33.195  39.754 0.0000000000
43646  31.639  -33.283  39.615 0.0000000000
43626  33.970  -33.817  40.462 0.0000000000
43644  33.419  -33.559  39.883 0.0000000000
44514  34.104  -33.380  39.646 0.0000000000
139173  34.650  -33.525  40.087 0.0000000000
43576  37.131  -34.103  42.127 0.0000000000
43577  36.410  -34.105  42.139 0.0000000000
43600  36.734  -33.896  41.427 0.0000000000
43623  36.728  -33.732  40.534 0.0000000000
43622  37.245  -33.900  40.112 0.0000000000
119114  37.463  -33.996  41.010 0.0000000000
42686  39.115  -35.401  40.902 0.0000000000
40846  40.176  -36.422  39.958 0.0000000000
42591  23.938  -34.899  46.583 0.0000000000
42592  23.007  -34.899  46.559 0.0000000000
42610  21.263  -34.903  45.681 0.0000000000
139589  21.458  -35.009  46.463 0.0000000000
42594  20.752  -35.184  46.233 0.0000000000
41728  20.250  -35.669  46.871 0.0000000000
42595  20.179  -35.461  45.982 0.0000000000
43567  20.283  -34.680  42.888 0.0000000000
40804  18.886  -36.675  44.182 0.0000000000
41751  19.082  -36.148  44.986 0.0000000000
40789  18.969  -36.673  45.733 0.0000000000
138032  19.214  -36.445  46.406 0.0000000000
39794  18.465  -37.910  46.030 0.0000000000
38729  18.057  -38.702  44.907 0.0000000000
134133  18.001  -39.045  45.742 0.0000000000
121654  17.988  -39.979  45.852 0.0000000000
41793  18.960  -36.103  39.050 0.0000000000
40855  18.504  -37.181  40.137 0.0000000000
38812  17.266  -38.317  37.909 0.0000000000
37810  17.499  -39.674  40.999 0.0000000000
38792  17.627  -39.181  40.396 0.0000000000
124271  17.815  -38.906  41.200 0.0000000000
38761  17.973  -38.757  42.567 0.0000000000
132385  17.874  -39.490  42.755 0.0000000000
35735  17.875  -41.911  44.930 0.0000000000
34840  17.936  -42.834  45.493 0.0000000000
34846  17.686  -42.766  44.507 0.0000000000
34847  16.412  -43.398  43.938 0.0000000000
135791  16.781  -43.742  44.472 0.0000000000
33933  16.022  -43.888  44.510 0.0000000000
33919  15.716  -44.278  45.349 0.0000000000
35780  14.643  -41.978  41.226 0.0000000000
35768  15.080  -42.284  41.954 0.0000000000
34870  13.556  -42.933  42.653 0.0000000000
34859  13.533  -43.335  43.579 0.0000000000
122234  14.194  -43.743  44.733 0.0000000000
33936  12.779  -43.792  44.846 0.0000000000
33947  12.790  -43.620  44.029 0.0000000000
34862  11.106  -43.364  42.763 0.0000000000
126096  11.376  -43.579  43.366 0.0000000000
33938  10.768  -43.865  44.385 0.0000000000
143588  8.381  -44.051  44.098 0.0000000000
33951  8.166  -43.862  43.126 0.0000000000
47674  28.915  -29.924  34.468 0.0000000000
46639  29.471  -30.466  34.090 0.0000000000
136960  29.154  -30.464  35.180 0.0000000000
124956  29.218  -30.791  36.093 0.0000000000
143945  26.392  -28.824  34.609 0.0000000000
48643  27.029  -28.659  34.294 0.0000000000
48627  26.841  -29.153  35.002 0.0000000000
46592  27.222  -31.125  37.091 0.0000000000
46591  28.147  -31.224  37.258 0.0000000000
45536  28.290  -31.693  38.037 0.0000000000
45537  27.724  -31.903  38.468 0.0000000000
44521  26.888  -32.438  39.702 0.0000000000
44499  26.543  -32.697  40.407 0.0000000000
44483  27.048  -32.964  41.016 0.0000000000
124106  26.116  -32.917  41.201 0.0000000000
44524  23.815  -32.706  39.221 0.0000000000
44523  24.471  -32.710  39.708 0.0000000000
44485  24.610  -32.999  41.353 0.0000000000
43586  25.247  -33.466  42.330 0.0000000000
133027  25.161  -33.671  42.957 0.0000000000
43561  25.563  -33.881  43.511 0.0000000000
43562  24.695  -33.850  43.502 0.0000000000
143883  23.418  -34.575  44.994 0.0000000000
43532  24.040  -34.555  45.056 0.0000000000
42607  24.151  -34.749  45.784 0.0000000000
41705  22.580  -35.752  48.815 0.0000000000
33858  18.911  -43.659  49.445 0.0000000000
33892  8.538  -43.922  47.520 0.0000000000
33891  9.393  -43.867  47.608 0.0000000000
34789  9.910  -43.687  50.945 0.0000000000
34800  9.920  -43.530  50.514 0.0000000000
33837  10.422  -43.744  51.093 0.0000000000
118796  11.230  -43.993  51.101 0.0000000000
141836  10.607  -44.397  51.346 0.0000000000
71958  56.638  -3.894  21.887 0.0000000000
70108  57.304  -6.314  23.568 0.0000000000
71965  50.441  -4.968  21.366 0.0000000000
70109  52.294  -5.965  23.925 0.0000000000
120056  52.229  -5.459  23.234 0.0000000000
71025  52.868  -5.476  23.597 0.0000000000
71024  53.571  -5.277  23.689 0.0000000000
70096  54.117  -6.073  25.085 0.0000000000
69132  52.238  -7.306  26.122 0.0000000000
70090  52.742  -6.848  25.474 0.0000000000
70079  53.098  -7.050  26.180 0.0000000000
70077  55.110  -6.856  26.751 0.0000000000
131240  55.439  -6.581  26.166 0.0000000000
70076  55.782  -6.955  26.582 0.0000000000
70075  56.062  -7.156  26.189 0.0000000000
67276  42.491  -9.583  22.521 0.0000000000
67289  42.430  -9.691  21.757 0.0000000000
68244  43.726  -9.058  22.790 0.0000000000
68213  41.159  -8.351  24.884 0.0000000000
68212  42.030  -8.289  24.781 0.0000000000
68211  43.111  -8.517  24.780 0.0000000000
68197  43.975  -8.461  25.060 0.0000000000
138070  45.661  -8.377  25.381 0.0000000000
69135  45.042  -8.001  25.948 0.0000000000
143677  45.856  -6.905  27.720 0.0000000000
134086  46.342  -7.157  27.344 0.0000000000
70055  47.173  -6.643  28.454 0.0000000000
65278  42.623  -11.065  28.155 0.0000000000
133463  42.141  -10.681  27.571 0.0000000000
66265  43.044  -10.246  28.428 0.0000000000
67193  44.521  -9.541  29.735 0.0000000000
67205  43.424  -9.514  28.591 0.0000000000
68171  43.730  -8.855  28.738 0.0000000000
68160  44.274  -8.505  29.242 0.0000000000
69049  45.810  -7.213  31.704 0.0000000000
127904  45.550  -8.001  31.239 0.0000000000
69065  45.504  -7.232  30.733 0.0000000000
69077  45.106  -6.985  30.002 0.0000000000
70043  45.329  -6.716  29.477 0.0000000000
70024  45.733  -6.732  30.298 0.0000000000
135884  37.775  -18.511  29.488 0.0000000000
58459  38.578  -18.471  29.083 0.0000000000
58406  37.611  -18.518  32.759 0.0000000000
58423  37.411  -18.289  31.326 0.0000000000
123244  38.452  -18.491  32.834 0.0000000000
140189  40.393  -18.579  33.017 0.0000000000
58405  39.224  -18.453  32.079 0.0000000000
121709  40.292  -18.596  32.184 0.0000000000
137298  41.141  -18.657  32.003 0.0000000000
141391  41.487  -18.694  32.963 0.0000000000
58365  42.574  -18.828  35.436 0.0000000000
58378  42.782  -18.811  34.505 0.0000000000
58364  43.417  -18.768  36.030 0.0000000000
59378  44.307  -18.364  35.603 0.0000000000
47670  38.584  -29.649  35.459 0.0000000000
49579  39.247  -27.226  34.471 0.0000000000
49592  39.052  -26.596  33.810 0.0000000000
50593  39.475  -25.824  33.784 0.0000000000
51563  40.566  -25.265  34.608 0.0000000000
53426  40.322  -23.675  33.874 0.0000000000
52468  41.099  -24.457  35.064 0.0000000000
43621  41.771  -33.457  40.009 0.0000000000
46536  42.206  -30.914  40.868 0.0000000000
127544  41.671  -31.084  40.372 0.0000000000
46564  41.491  -30.312  39.428 0.0000000000
142029  41.940  -29.765  39.716 0.0000000000
49514  42.806  -27.477  39.709 0.0000000000
48562  42.731  -28.293  40.021 0.0000000000
49525  42.521  -27.290  38.825 0.0000000000
49526  42.048  -27.981  38.238 0.0000000000
50549  42.270  -27.012  37.974 0.0000000000
50556  42.026  -26.613  37.191 0.0000000000
50555  42.408  -26.152  37.808 0.0000000000
124408  42.150  -23.898  36.816 0.0000000000
52459  41.953  -24.771  36.529 0.0000000000
53405  41.432  -22.850  35.666 0.0000000000
129185  41.629  -22.255  36.870 0.0000000000
55414  41.853  -21.742  38.029 0.0000000000
54409  41.325  -21.584  37.242 0.0000000000
55400  41.425  -20.913  37.905 0.0000000000
56404  40.754  -20.114  37.415 0.0000000000
56391  41.679  -20.471  38.289 0.0000000000
130795  43.209  -22.947  40.331 0.0000000000
54351  43.574  -22.761  40.924 0.0000000000
56367  42.813  -20.372  40.152 0.0000000000
57302  42.733  -19.761  39.614 0.0000000000
134814  42.254  -20.182  39.192 0.0000000000
57303  42.429  -19.654  38.805 0.0000000000
58303  42.512  -19.441  38.569 0.0000000000
58302  42.888  -19.385  39.336 0.0000000000
76496  52.326  0.683  11.613 0.0000000000
73945  48.032  -2.290  14.532 0.0000000000
73974  52.058  -1.807  12.775 0.0000000000
74828  52.287  -0.904  12.313 0.0000000000
125405  52.816  -1.858  12.484 0.0000000000
74827  53.640  -2.056  12.305 0.0000000000
73973  53.186  -2.754  12.871 0.0000000000
121119  53.758  -3.710  13.838 0.0000000000
122521  55.245  -3.951  13.993 0.0000000000
73931  52.916  -2.838  16.805 0.0000000000
73936  53.233  -2.932  15.987 0.0000000000
141962  53.569  -2.822  16.576 0.0000000000
135649  55.669  -2.841  17.483 0.0000000000
73020  54.706  -2.923  16.405 0.0000000000
73019  56.030  -3.074  16.669 0.0000000000
73018  56.892  -3.241  16.569 0.0000000000
136894  57.328  -3.224  17.157 0.0000000000
119717  58.011  -3.504  18.113 0.0000000000
74873  57.479  -0.890  9.765 0.0000000000
74872  58.182  -1.202  9.454 0.0000000000
119714  58.914  -3.675  12.713 0.0000000000
137184  25.775  -34.877  47.065 0.0000000000
130818  11.274  -43.942  46.841 0.0000000000
33890  10.992  -43.826  47.631 0.0000000000
59385  45.620  -17.103  33.961 0.0000000000
60365  46.216  -16.602  34.502 0.0000000000
60342  46.431  -16.995  35.319 0.0000000000
45584  30.388  -31.455  35.565 0.0000000000
45583  31.199  -31.882  35.575 0.0000000000
44560  31.712  -32.461  37.758 0.0000000000
125273  20.749  -33.707  39.350 0.0000000000
43633  20.648  -33.806  40.290 0.0000000000
42699  19.760  -34.661  39.167 0.0000000000
44577  21.856  -32.822  36.159 0.0000000000
120073  22.430  -32.754  37.518 0.0000000000
44546  21.710  -33.098  38.014 0.0000000000
37709  18.418  -39.972  47.655 0.0000000000
36682  19.112  -40.610  48.972 0.0000000000
36685  18.721  -40.635  48.159 0.0000000000
35725  19.002  -41.934  49.105 0.0000000000
71990  52.203  -4.029  19.892 0.0000000000
69099  50.485  -7.304  27.397 0.0000000000
69098  51.291  -7.345  27.305 0.0000000000
69087  51.022  -7.019  28.094 0.0000000000
70051  51.690  -6.737  29.053 0.0000000000
67233  39.436  -9.376  25.307 0.0000000000
66293  39.991  -9.209  25.796 0.0000000000
139299  40.591  -9.423  26.319 0.0000000000
56455  37.297  -20.624  33.355 0.0000000000
56442  37.591  -20.344  34.121 0.0000000000
56434  37.533  -19.967  34.145 0.0000000000
56432  38.386  -20.553  35.054 0.0000000000
55430  39.074  -20.586  35.739 0.0000000000
43665  39.436  -34.044  37.255 0.0000000000
44554  39.488  -33.086  37.155 0.0000000000
44535  40.031  -33.273  37.623 0.0000000000
133043  40.470  -32.618  38.206 0.0000000000
134398  50.271  -3.538  18.010 0.0000000000
123872  50.980  -3.449  18.150 0.0000000000
72985  51.183  -3.681  18.951 0.0000000000
124622  55.988  -2.562  11.584 0.0000000000
73986  55.262  -2.336  11.827 0.0000000000
73987  54.446  -2.189  12.111 0.0000000000
44482  27.864  -32.970  40.818 0.0000000000
43630  29.299  -33.668  40.934 0.0000000000
43607  28.417  -33.490  41.188 0.0000000000
43583  28.686  -34.039  42.275 0.0000000000
32987  16.892  -44.719  46.446 0.0000000000
32983  16.161  -44.733  46.944 0.0000000000
138638  16.039  -44.797  47.695 0.0000000000
33851  14.110  -44.343  50.302 0.0000000000
123546  47.275  -5.443  19.669 0.0000000000
69155  46.934  -7.866  23.495 0.0000000000
68193  47.037  -8.106  25.315 0.0000000000
140493  42.263  -13.376  28.648 0.0000000000
63291  42.687  -13.333  29.286 0.0000000000
63269  44.165  -13.604  31.377 0.0000000000
63229  46.010  -13.854  33.968 0.0000000000
120720  7.040  -44.238  44.798 0.0000000000
63332  39.182  -13.332  24.772 0.0000000000
60460  39.959  -16.704  27.532 0.0000000000
127357  40.428  -16.330  27.777 0.0000000000
60440  41.147  -16.708  29.182 0.0000000000
60420  41.628  -16.765  29.894 0.0000000000
60419  42.235  -16.920  30.646 0.0000000000
58418  42.492  -18.098  31.863 0.0000000000
45614  34.303  -31.610  33.308 0.0000000000
44573  34.187  -32.877  36.090 0.0000000000
44589  34.642  -32.861  35.284 0.0000000000
43676  36.347  -33.698  36.568 0.0000000000
43675  37.155  -33.795  36.549 0.0000000000
43668  36.821  -33.964  37.178 0.0000000000
128622  37.281  -34.190  37.968 0.0000000000
43604  31.517  -34.295  41.114 0.0000000000
124996  32.056  -33.892  40.391 0.0000000000
43603  32.446  -34.357  41.126 0.0000000000
43602  33.422  -34.357  41.260 0.0000000000
43580  34.016  -34.555  41.806 0.0000000000
42636  37.530  -34.335  42.726 0.0000000000
122470  38.385  -34.594  42.068 0.0000000000
122802  22.530  -34.815  45.813 0.0000000000
42609  21.934  -34.762  45.280 0.0000000000
42629  21.235  -34.749  44.857 0.0000000000
42665  19.489  -35.305  42.251 0.0000000000
138042  19.519  -35.511  43.737 0.0000000000
41757  19.070  -36.098  43.554 0.0000000000
139077  18.622  -37.396  44.465 0.0000000000
39808  18.463  -37.828  45.142 0.0000000000
38744  18.008  -38.789  43.947 0.0000000000
40868  17.905  -37.573  38.287 0.0000000000
37824  16.489  -39.907  39.416 0.0000000000
38802  17.299  -39.335  39.564 0.0000000000
36780  17.070  -40.291  40.797 0.0000000000
36765  17.430  -40.328  41.556 0.0000000000
37789  17.723  -40.032  42.278 0.0000000000
36752  17.602  -40.643  42.232 0.0000000000
35765  17.503  -41.236  42.640 0.0000000000
35755  17.287  -42.059  43.183 0.0000000000
34855  17.364  -42.600  43.849 0.0000000000
34856  16.820  -42.829  43.499 0.0000000000
34857  15.980  -43.017  43.300 0.0000000000
34871  12.544  -42.971  42.379 0.0000000000
47690  28.336  -29.475  34.136 0.0000000000
47678  25.942  -30.075  35.352 0.0000000000
47677  26.614  -29.792  35.455 0.0000000000
47660  26.504  -30.397  35.960 0.0000000000
46593  26.518  -31.224  37.017 0.0000000000
46579  26.720  -31.599  37.595 0.0000000000
45538  26.950  -31.888  38.359 0.0000000000
44487  23.097  -33.151  40.966 0.0000000000
44486  23.868  -33.033  41.095 0.0000000000
43611  23.420  -33.330  41.549 0.0000000000
142437  23.882  -33.579  42.405 0.0000000000
121561  23.703  -33.728  42.921 0.0000000000
136514  23.925  -33.909  43.649 0.0000000000
34823  8.497  -43.583  49.150 0.0000000000
34822  9.280  -43.572  49.251 0.0000000000
34813  8.854  -43.433  49.904 0.0000000000
143113  8.961  -43.436  50.833 0.0000000000
71947  55.497  -4.368  22.734 0.0000000000
131347  56.395  -4.280  22.573 0.0000000000
70094  56.979  -6.809  24.292 0.0000000000
119900  56.726  -7.550  24.710 0.0000000000
123454  50.999  -5.462  22.599 0.0000000000
70097  52.499  -6.466  24.692 0.0000000000
70065  53.902  -7.225  27.700 0.0000000000
70078  54.049  -6.982  26.679 0.0000000000
67260  42.002  -9.363  23.213 0.0000000000
69138  41.935  -7.903  26.065 0.0000000000
68198  42.374  -7.965  25.527 0.0000000000
134881  42.638  -7.718  26.282 0.0000000000
69122  44.358  -7.400  26.631 0.0000000000
69121  45.286  -7.499  26.647 0.0000000000
70069  45.261  -6.720  28.081 0.0000000000
65263  44.092  -11.092  29.922 0.0000000000
127452  43.696  -10.879  29.396 0.0000000000
66234  44.537  -10.416  30.225 0.0000000000
70023  46.441  -6.485  30.663 0.0000000000
121187  36.973  -18.639  29.056 0.0000000000
119172  37.636  -18.393  30.390 0.0000000000
120826  39.108  -18.652  34.011 0.0000000000
58380  39.693  -18.722  34.664 0.0000000000
120022  40.085  -18.588  33.775 0.0000000000
58379  40.793  -18.662  34.465 0.0000000000
58389  41.592  -18.761  34.028 0.0000000000
47653  39.764  -29.524  36.475 0.0000000000
47669  39.318  -29.153  35.912 0.0000000000
48619  39.689  -28.318  35.686 0.0000000000
49567  39.766  -27.497  35.238 0.0000000000
49578  39.852  -26.816  34.961 0.0000000000
49566  40.481  -26.939  35.500 0.0000000000
50578  40.884  -26.224  35.533 0.0000000000
51535  41.381  -25.852  35.908 0.0000000000
44481  42.350  -32.183  40.962 0.0000000000
44480  42.982  -32.295  41.553 0.0000000000
45504  42.579  -31.503  41.248 0.0000000000
47535  42.512  -30.154  40.996 0.0000000000
125018  42.669  -25.814  38.342 0.0000000000
51522  42.814  -25.207  38.565 0.0000000000
52451  42.698  -24.553  38.051 0.0000000000
53394  42.482  -23.879  37.573 0.0000000000
54408  41.965  -22.482  37.409 0.0000000000
53384  42.435  -23.128  37.858 0.0000000000
54396  42.660  -22.937  38.610 0.0000000000
54384  42.416  -21.945  38.775 0.0000000000
73944  49.351  -2.807  14.521 0.0000000000
123051  48.746  -2.461  14.346 0.0000000000
125132  51.872  -2.504  13.185 0.0000000000
73953  52.475  -2.998  13.332 0.0000000000
137715  52.542  -3.395  13.878 0.0000000000
73046  53.199  -3.579  14.398 0.0000000000
73006  54.071  -2.764  17.687 0.0000000000
73927  54.118  -2.761  16.850 0.0000000000
119370  54.931  -2.748  18.023 0.0000000000
119371  56.378  -2.902  18.118 0.0000000000
119314  57.298  -3.134  17.930 0.0000000000
72991  56.935  -3.073  18.742 0.0000000000
74860  58.470  -2.229  9.834 0.0000000000
74859  59.054  -2.629  9.890 0.0000000000
141277  59.379  -3.023  9.787 0.0000000000
72019  59.079  -4.645  15.107 0.0000000000
43541  26.920  -34.332  44.029 0.0000000000
42646  27.778  -34.538  43.932 0.0000000000
42624  27.382  -34.677  44.746 0.0000000000
125918  13.917  -43.981  46.991 0.0000000000
138366  13.256  -43.869  47.452 0.0000000000
120723  13.050  -43.772  48.154 0.0000000000
33873  12.842  -43.723  49.043 0.0000000000
125096  12.558  -44.033  50.949 0.0000000000
33836  12.059  -44.294  51.463 0.0000000000
68256  44.899  -8.086  21.945 0.0000000000
61426  43.469  -15.117  31.330 0.0000000000
62304  45.745  -14.860  33.689 0.0000000000
61381  46.495  -15.715  34.709 0.0000000000
62291  46.653  -14.938  34.987 0.0000000000
132521  4.754  -44.009  45.748 0.0000000000
137822  4.474  -43.797  46.596 0.0000000000
33896  4.329  -43.547  47.452 0.0000000000
33897  3.555  -43.362  46.797 0.0000000000
119338  3.500  -42.971  48.778 0.0000000000
59467  39.550  -17.303  27.634 0.0000000000
59460  39.804  -17.660  28.427 0.0000000000
45599  32.453  -32.301  34.684 0.0000000000
44591  32.888  -32.558  35.400 0.0000000000
129713  33.332  -32.685  36.136 0.0000000000
44574  33.739  -32.811  36.867 0.0000000000
141949  34.011  -32.914  37.390 0.0000000000
44536  35.075  -33.159  38.638 0.0000000000
43590  21.689  -33.929  42.527 0.0000000000
43565  21.465  -34.253  43.299 0.0000000000
122064  20.363  -34.390  41.999 0.0000000000
139529  19.917  -34.807  42.394 0.0000000000
122453  20.069  -34.191  40.598 0.0000000000
43614  20.085  -34.388  41.292 0.0000000000
42664  19.807  -34.791  41.752 0.0000000000
142253  19.259  -35.604  41.851 0.0000000000
41775  19.080  -35.880  41.379 0.0000000000
40828  18.846  -36.635  41.656 0.0000000000
36796  15.839  -40.419  39.638 0.0000000000
36767  16.035  -41.244  40.805 0.0000000000
35779  15.585  -41.802  41.348 0.0000000000
46616  24.130  -31.262  35.699 0.0000000000
45571  24.174  -31.713  36.586 0.0000000000
122966  24.582  -31.953  37.437 0.0000000000
44544  24.033  -32.402  38.253 0.0000000000
44525  22.951  -32.876  39.527 0.0000000000
137319  22.471  -32.835  38.291 0.0000000000
44503  22.672  -33.085  40.297 0.0000000000
44488  22.319  -33.434  40.964 0.0000000000
72981  54.465  -3.339  19.460 0.0000000000
72969  55.020  -3.574  20.519 0.0000000000
71960  54.991  -3.885  21.527 0.0000000000
71976  53.288  -4.185  20.822 0.0000000000
136765  54.984  -4.201  22.197 0.0000000000
71936  55.250  -4.707  23.480 0.0000000000
71023  55.040  -5.146  24.190 0.0000000000
69146  50.924  -7.097  24.811 0.0000000000
69133  51.300  -7.358  25.679 0.0000000000
68230  39.934  -8.906  24.172 0.0000000000
68200  41.006  -8.337  25.527 0.0000000000
68188  40.478  -8.712  25.617 0.0000000000
69139  41.433  -8.122  25.926 0.0000000000
123912  43.186  -7.443  27.606 0.0000000000
66205  46.061  -10.681  32.945 0.0000000000
66218  45.786  -9.924  32.356 0.0000000000
132272  35.898  -18.212  31.226 0.0000000000
58424  36.454  -18.257  31.717 0.0000000000
58407  36.815  -18.746  33.000 0.0000000000
58392  37.728  -18.863  33.551 0.0000000000
57362  37.886  -19.739  34.387 0.0000000000
58382  38.039  -19.242  34.297 0.0000000000
134139  38.367  -18.865  34.093 0.0000000000
58381  38.700  -18.973  34.771 0.0000000000
58353  39.789  -19.405  36.202 0.0000000000
58334  40.327  -19.452  36.703 0.0000000000
120100  37.625  -31.161  35.178 0.0000000000
45580  38.105  -31.325  35.763 0.0000000000
46608  38.610  -30.507  35.916 0.0000000000
46607  39.133  -30.621  36.471 0.0000000000
45545  39.574  -31.577  37.183 0.0000000000
140087  39.567  -30.141  36.643 0.0000000000
47636  40.056  -29.923  37.054 0.0000000000
47635  40.678  -29.712  37.509 0.0000000000
47634  41.084  -29.020  37.520 0.0000000000
73039  47.024  -3.195  15.656 0.0000000000
121534  48.911  -3.406  15.750 0.0000000000
73037  49.447  -3.201  15.206 0.0000000000
143080  51.352  -3.141  15.334 0.0000000000
73035  51.994  -3.164  15.292 0.0000000000
73022  51.626  -2.972  15.970 0.0000000000
73008  52.389  -3.053  17.557 0.0000000000
73007  53.218  -2.900  17.640 0.0000000000
72994  53.557  -3.061  18.346 0.0000000000
143775  53.802  -3.289  18.953 0.0000000000
74862  56.947  -1.423  10.246 0.0000000000
129967  56.181  -1.142  10.565 0.0000000000
73995  58.095  -2.561  10.555 0.0000000000
73969  58.557  -3.323  12.440 0.0000000000
73072  57.904  -3.331  12.925 0.0000000000
138192  57.142  -3.339  12.567 0.0000000000
73056  57.005  -3.643  13.395 0.0000000000
73044  56.276  -3.863  14.219 0.0000000000
45535  29.302  -31.835  38.085 0.0000000000
44541  30.553  -32.476  38.511 0.0000000000
43629  30.166  -33.702  40.575 0.0000000000
43605  30.633  -34.131  41.159 0.0000000000
122775  31.969  -34.995  42.799 0.0000000000
138043  28.154  -34.361  43.292 0.0000000000
42645  28.631  -34.684  43.777 0.0000000000
42644  29.482  -34.801  43.497 0.0000000000
42602  30.079  -35.131  44.883 0.0000000000
42621  30.749  -35.133  44.143 0.0000000000
43671  19.911  -34.010  36.986 0.0000000000
131563  18.192  -42.659  47.091 0.0000000000
34829  18.229  -43.207  47.740 0.0000000000
33869  18.108  -43.844  48.383 0.0000000000
33859  18.095  -44.410  49.190 0.0000000000
32961  17.867  -45.489  49.977 0.0000000000
33886  14.611  -44.159  47.586 0.0000000000
33860  15.177  -44.594  49.032 0.0000000000
120282  50.090  -4.535  20.207 0.0000000000
71058  49.693  -5.405  21.574 0.0000000000
71059  48.863  -5.649  21.363 0.0000000000
71042  49.843  -5.757  22.299 0.0000000000
123083  49.955  -6.378  23.354 0.0000000000
129632  46.982  -6.603  21.443 0.0000000000
70126  47.490  -6.700  21.994 0.0000000000
125951  50.023  -7.348  24.984 0.0000000000
69134  49.842  -7.529  25.805 0.0000000000
130354  48.904  -7.613  25.694 0.0000000000
69100  49.588  -7.272  27.412 0.0000000000
65294  41.079  -11.468  26.447 0.0000000000
66280  41.561  -10.771  27.025 0.0000000000
143348  41.601  -11.639  27.048 0.0000000000
64292  43.112  -12.552  29.382 0.0000000000
64303  43.521  -11.678  29.534 0.0000000000
65250  45.469  -11.460  31.955 0.0000000000
62328  44.334  -14.286  31.947 0.0000000000
63258  44.721  -13.538  31.990 0.0000000000
63244  45.738  -13.241  33.192 0.0000000000
64270  45.115  -12.840  32.080 0.0000000000
129206  45.532  -12.194  32.294 0.0000000000
65244  45.852  -11.488  32.633 0.0000000000
142872  38.346  -21.750  32.800 0.0000000000
54454  39.197  -22.118  33.387 0.0000000000
54442  39.822  -22.323  33.867 0.0000000000
41780  41.874  -35.915  40.281 0.0000000000
42685  41.910  -35.297  39.843 0.0000000000
42684  42.575  -35.353  40.773 0.0000000000
73012  47.684  -3.939  17.046 0.0000000000
137885  46.853  -4.698  18.035 0.0000000000
72011  48.061  -4.084  17.844 0.0000000000
72001  49.190  -4.183  18.890 0.0000000000
75691  53.756  0.237  10.838 0.0000000000
33924  9.099  -44.067  44.812 0.0000000000
140186  7.800  -43.964  47.414 0.0000000000
33878  7.975  -43.778  48.299 0.0000000000
34824  7.717  -43.509  49.253 0.0000000000
34814  7.613  -43.240  50.084 0.0000000000
33895  5.679  -43.932  47.289 0.0000000000
33880  6.007  -43.743  48.030 0.0000000000
125068  6.080  -43.242  49.251 0.0000000000
119949  6.132  -42.971  49.953 0.0000000000
34792  6.693  -43.203  51.114 0.0000000000
65304  39.857  -10.594  25.699 0.0000000000
128615  39.943  -11.494  25.497 0.0000000000
135389  40.552  -11.741  25.913 0.0000000000
133026  41.559  -12.798  27.303 0.0000000000
131961  40.671  -13.721  26.412 0.0000000000
63311  41.490  -13.499  27.482 0.0000000000
140982  42.201  -14.134  29.049 0.0000000000
62341  42.814  -14.633  30.330 0.0000000000
61517  39.388  -15.415  25.743 0.0000000000
61508  40.288  -15.277  26.705 0.0000000000
61480  40.922  -15.867  28.165 0.0000000000
61493  41.137  -15.118  27.925 0.0000000000
62351  41.837  -15.022  29.191 0.0000000000
61444  42.947  -15.226  30.830 0.0000000000
143858  43.622  -15.689  31.769 0.0000000000
60388  44.553  -16.696  32.896 0.0000000000
60389  43.977  -16.794  32.455 0.0000000000
59394  44.882  -17.313  33.459 0.0000000000
59386  45.111  -17.707  34.210 0.0000000000
59377  45.137  -17.879  35.136 0.0000000000
45598  33.822  -32.125  33.920 0.0000000000
45597  34.712  -32.087  33.992 0.0000000000
44602  35.102  -32.607  34.609 0.0000000000
45596  35.551  -31.958  34.181 0.0000000000
45595  36.344  -31.755  34.447 0.0000000000
45594  37.030  -31.433  34.842 0.0000000000
45581  37.423  -31.892  35.350 0.0000000000
44570  38.342  -32.879  36.344 0.0000000000
43674  37.992  -33.738  36.598 0.0000000000
42721  39.738  -34.846  37.667 0.0000000000
41815  39.848  -35.392  38.008 0.0000000000
41801  40.906  -35.600  38.740 0.0000000000
44540  31.340  -32.581  38.431 0.0000000000
44539  32.105  -32.709  38.402 0.0000000000
43645  32.650  -33.488  39.740 0.0000000000
44538  32.917  -32.809  38.435 0.0000000000
44537  34.264  -32.999  38.910 0.0000000000
43579  34.757  -34.412  41.952 0.0000000000
43578  35.603  -34.231  42.083 0.0000000000
118864  35.257  -33.946  41.315 0.0000000000
43624  35.401  -33.501  40.177 0.0000000000
135309  36.137  -33.513  40.113 0.0000000000
43643  35.838  -33.281  39.324 0.0000000000
42698  37.375  -34.170  39.153 0.0000000000
42697  38.194  -34.883  39.129 0.0000000000
42674  38.306  -34.590  41.148 0.0000000000
41782  38.590  -35.194  40.035 0.0000000000
41792  38.932  -35.616  39.103 0.0000000000
41791  39.719  -36.095  39.140 0.0000000000
41790  40.534  -36.251  39.213 0.0000000000
40845  40.826  -36.504  39.947 0.0000000000
42567  23.785  -35.414  48.266 0.0000000000
42568  22.984  -35.385  48.171 0.0000000000
42569  22.194  -35.397  48.065 0.0000000000
42593  22.201  -34.950  46.555 0.0000000000
42580  21.796  -35.162  47.242 0.0000000000
41718  21.419  -35.518  47.947 0.0000000000
41719  20.662  -35.728  47.833 0.0000000000
41720  19.962  -36.019  47.773 0.0000000000
40776  19.557  -36.485  47.691 0.0000000000
43566  20.739  -34.576  43.498 0.0000000000
42630  20.589  -34.800  44.342 0.0000000000
42631  19.996  -35.130  44.570 0.0000000000
135635  19.550  -35.609  44.493 0.0000000000
41740  19.731  -35.614  45.326 0.0000000000
41729  19.677  -35.909  46.216 0.0000000000
130416  19.181  -36.771  47.225 0.0000000000
40769  19.313  -36.958  48.068 0.0000000000
133430  18.938  -37.587  47.613 0.0000000000
38683  18.656  -38.480  47.723 0.0000000000
38684  18.311  -38.849  47.072 0.0000000000
38698  18.206  -38.584  46.316 0.0000000000
131725  18.271  -39.471  47.179 0.0000000000
120294  18.194  -40.052  46.827 0.0000000000
42724  19.651  -34.618  37.374 0.0000000000
125638  19.166  -35.814  39.893 0.0000000000
40839  18.846  -36.553  40.798 0.0000000000
140698  17.682  -38.151  38.575 0.0000000000
39889  17.964  -37.850  39.353 0.0000000000
124079  17.789  -38.616  39.856 0.0000000000
39873  18.116  -37.903  40.420 0.0000000000
133831  18.117  -38.074  41.369 0.0000000000
39841  18.186  -38.055  42.325 0.0000000000
139118  17.981  -38.937  43.229 0.0000000000
37761  17.924  -39.484  44.413 0.0000000000
131771  17.796  -40.348  42.987 0.0000000000
131705  17.847  -40.292  43.975 0.0000000000
130839  17.886  -40.194  44.880 0.0000000000
36704  17.934  -40.962  45.393 0.0000000000
134893  17.990  -41.757  45.829 0.0000000000
34834  17.975  -43.199  46.396 0.0000000000
33932  17.410  -43.663  44.963 0.0000000000
32991  17.176  -44.347  45.683 0.0000000000
32992  16.542  -44.518  45.717 0.0000000000
33920  14.509  -43.949  45.507 0.0000000000
34869  15.535  -42.643  42.635 0.0000000000
34858  15.029  -43.033  43.277 0.0000000000
35769  14.125  -42.454  41.865 0.0000000000
137832  14.219  -43.061  43.230 0.0000000000
33921  13.539  -43.835  45.236 0.0000000000
33922  11.979  -43.890  45.137 0.0000000000
33948  11.973  -43.640  43.758 0.0000000000
33937  11.547  -43.834  44.471 0.0000000000
33950  9.699  -43.709  43.215 0.0000000000
138769  30.567  -31.418  34.134 0.0000000000
46638  30.057  -31.024  34.732 0.0000000000
46609  29.919  -31.238  36.239 0.0000000000
47691  27.581  -29.249  34.690 0.0000000000
47659  27.115  -30.157  36.014 0.0000000000
47658  27.759  -30.089  35.870 0.0000000000
46627  28.451  -30.361  35.977 0.0000000000
125803  28.631  -30.860  36.649 0.0000000000
46590  28.906  -31.258  37.153 0.0000000000
45549  29.553  -31.607  37.407 0.0000000000
142426  28.816  -31.736  38.090 0.0000000000
135830  28.785  -31.990  38.537 0.0000000000
44519  28.408  -32.636  39.697 0.0000000000
45521  27.297  -32.126  39.072 0.0000000000
44520  27.665  -32.480  39.653 0.0000000000
126780  27.989  -32.744  40.183 0.0000000000
141209  24.982  -32.587  39.405 0.0000000000
124843  25.237  -32.649  39.968 0.0000000000
44500  25.269  -32.838  40.859 0.0000000000
133951  25.839  -32.702  40.447 0.0000000000
43610  25.992  -33.339  42.052 0.0000000000
43585  26.642  -33.675  42.561 0.0000000000
43560  26.407  -33.930  43.385 0.0000000000
43542  26.048  -34.231  44.129 0.0000000000
42626  25.673  -34.518  44.847 0.0000000000
43543  24.363  -34.173  44.290 0.0000000000
42627  24.860  -34.472  44.899 0.0000000000
42606  25.270  -34.691  45.536 0.0000000000
143193  24.632  -34.866  46.956 0.0000000000
34821  18.605  -43.022  48.508 0.0000000000
34810  18.978  -42.892  49.149 0.0000000000
33907  9.895  -43.968  46.853 0.0000000000
134773  10.223  -43.818  47.686 0.0000000000
33875  10.712  -43.647  48.553 0.0000000000
34812  9.486  -43.447  50.003 0.0000000000
34811  10.130  -43.523  49.526 0.0000000000
33864  10.936  -43.551  49.447 0.0000000000
33854  11.180  -43.757  50.653 0.0000000000
71957  57.484  -4.294  21.692 0.0000000000
71964  51.069  -4.631  20.983 0.0000000000
71950  52.135  -4.790  21.994 0.0000000000
71041  51.721  -5.254  22.637 0.0000000000
124022  52.472  -5.026  22.651 0.0000000000
71040  53.118  -4.904  22.764 0.0000000000
120098  53.218  -6.402  25.045 0.0000000000
70991  55.323  -6.047  25.487 0.0000000000
70990  56.255  -6.057  25.290 0.0000000000
70086  56.312  -6.797  25.506 0.0000000000
67305  43.044  -9.312  21.321 0.0000000000
143491  41.210  -9.175  23.596 0.0000000000
120159  42.575  -8.906  23.976 0.0000000000
132405  43.624  -8.899  23.824 0.0000000000
68210  44.528  -8.673  24.312 0.0000000000
68209  45.496  -8.532  24.591 0.0000000000
143282  46.308  -8.226  25.523 0.0000000000
68194  46.616  -7.931  26.042 0.0000000000
68185  46.126  -7.575  26.678 0.0000000000
69103  47.012  -7.526  26.702 0.0000000000
70054  48.100  -6.934  27.921 0.0000000000
122549  48.879  -6.705  28.615 0.0000000000
66279  41.857  -9.916  27.358 0.0000000000
67213  42.218  -9.181  27.581 0.0000000000
67206  42.810  -9.350  28.111 0.0000000000
68178  42.608  -8.464  27.759 0.0000000000
69091  43.071  -7.833  27.982 0.0000000000
67170  45.428  -9.696  31.408 0.0000000000
67180  45.306  -8.815  30.882 0.0000000000
68121  45.819  -8.028  32.060 0.0000000000
136819  45.219  -7.940  30.468 0.0000000000
69066  44.802  -7.636  29.712 0.0000000000
69079  44.158  -7.429  28.917 0.0000000000
70058  44.216  -6.944  28.551 0.0000000000
70057  44.861  -6.732  28.736 0.0000000000
122567  45.676  -6.539  28.865 0.0000000000
70056  46.456  -6.444  28.906 0.0000000000
70022  47.118  -6.350  30.199 0.0000000000
70041  47.126  -6.386  29.329 0.0000000000
70040  48.569  -6.472  29.392 0.0000000000
70039  49.329  -6.480  29.486 0.0000000000
58480  38.646  -18.268  28.277 0.0000000000
58479  39.261  -18.175  28.744 0.0000000000
58457  39.919  -18.364  29.835 0.0000000000
58422  38.368  -18.424  30.870 0.0000000000
136918  39.017  -18.460  31.302 0.0000000000
58436  39.360  -18.489  30.444 0.0000000000
58435  40.414  -18.403  30.481 0.0000000000
58419  41.607  -18.405  31.559 0.0000000000
58402  42.710  -18.513  32.774 0.0000000000
135591  42.184  -18.820  34.061 0.0000000000
58388  42.848  -18.734  33.632 0.0000000000
58387  43.622  -18.583  34.088 0.0000000000
47687  37.843  -29.750  34.652 0.0000000000
48636  37.971  -28.900  34.254 0.0000000000
119497  38.895  -28.747  35.281 0.0000000000
48635  38.532  -28.453  34.603 0.0000000000
52497  39.424  -24.361  32.932 0.0000000000
140057  40.009  -25.761  34.357 0.0000000000
51564  39.984  -25.124  34.016 0.0000000000
54441  40.472  -22.896  34.142 0.0000000000
128428  40.307  -22.243  34.483 0.0000000000
119279  41.753  -34.440  39.507 0.0000000000
134503  40.831  -32.122  39.040 0.0000000000
44495  41.795  -32.457  40.382 0.0000000000
45519  41.327  -31.688  39.918 0.0000000000
46565  40.937  -31.077  39.131 0.0000000000
46575  41.108  -30.226  38.659 0.0000000000
47614  41.183  -29.581  38.125 0.0000000000
48578  41.664  -28.886  38.133 0.0000000000
47566  42.368  -29.599  40.357 0.0000000000
121039  42.967  -28.509  40.689 0.0000000000
48548  42.666  -28.934  40.347 0.0000000000
48563  42.278  -28.998  39.606 0.0000000000
143274  41.999  -28.690  38.816 0.0000000000
48592  41.563  -28.338  37.452 0.0000000000
49553  41.548  -27.070  36.630 0.0000000000
50564  41.752  -26.240  36.476 0.0000000000
51534  41.810  -25.511  36.322 0.0000000000
51545  41.581  -24.995  35.788 0.0000000000
53417  41.281  -23.495  35.160 0.0000000000
54430  40.902  -22.691  34.888 0.0000000000
54431  40.282  -21.826  35.160 0.0000000000
54422  40.274  -21.471  35.956 0.0000000000
55429  39.692  -20.711  36.168 0.0000000000
55428  40.506  -21.133  36.665 0.0000000000
55416  40.161  -20.543  36.697 0.0000000000
56405  40.303  -20.216  36.930 0.0000000000
57334  40.559  -19.789  37.088 0.0000000000
57319  41.221  -19.762  37.658 0.0000000000
53369  43.179  -23.619  40.011 0.0000000000
130059  42.703  -21.759  39.523 0.0000000000
55371  43.075  -21.111  40.600 0.0000000000
55383  42.692  -21.096  39.897 0.0000000000
55384  42.335  -21.079  39.193 0.0000000000
134242  41.819  -19.975  38.360 0.0000000000
58315  41.586  -19.431  37.591 0.0000000000
58332  41.750  -19.117  37.220 0.0000000000
58331  42.557  -19.065  37.487 0.0000000000
58330  43.355  -18.914  37.958 0.0000000000
59341  44.159  -18.478  37.590 0.0000000000
73952  53.825  -3.341  13.233 0.0000000000
137366  54.454  -3.325  13.009 0.0000000000
73031  56.692  -3.724  15.106 0.0000000000
120087  52.800  -3.241  15.243 0.0000000000
73034  53.684  -3.359  15.309 0.0000000000
73033  54.601  -3.371  15.585 0.0000000000
73030  57.207  -3.502  15.838 0.0000000000
73017  57.755  -3.501  16.510 0.0000000000
73003  58.470  -3.838  17.575 0.0000000000
34788  10.561  -43.751  50.839 0.0000000000
34801  8.407  -43.328  50.477 0.0000000000
34803  6.847  -43.096  50.408 0.0000000000
39807  18.746  -37.338  45.684 0.0000000000
41789  41.378  -36.046  39.523 0.0000000000
42649  19.302  -35.686  42.950 0.0000000000
42709  40.501  -35.061  38.057 0.0000000000
43575  37.764  -34.227  41.960 0.0000000000
43581  30.088  -34.389  41.836 0.0000000000
43625  34.833  -33.768  40.672 0.0000000000
43640  41.326  -33.704  39.184 0.0000000000
43666  38.499  -34.241  37.065 0.0000000000
44469  24.732  -33.301  41.962 0.0000000000
44517  30.280  -32.747  39.077 0.0000000000
44534  40.541  -33.476  38.069 0.0000000000
44545  22.391  -32.967  38.971 0.0000000000
45548  30.426  -31.849  37.297 0.0000000000
45551  25.724  -31.779  37.621 0.0000000000
49580  38.692  -27.832  34.336 0.0000000000
52452  42.368  -24.680  37.292 0.0000000000
52488  39.939  -24.398  33.612 0.0000000000
55441  38.787  -20.693  35.377 0.0000000000
56380  42.100  -20.430  38.797 0.0000000000
56443  36.956  -19.956  33.580 0.0000000000
57347  39.447  -19.971  36.084 0.0000000000
57361  38.335  -19.521  34.774 0.0000000000
57363  37.307  -19.621  33.741 0.0000000000
58314  42.110  -19.332  37.896 0.0000000000
58333  40.987  -19.305  37.061 0.0000000000
58404  41.043  -18.681  32.657 0.0000000000
58434  41.261  -18.191  30.800 0.0000000000
59412  43.066  -17.319  31.834 0.0000000000
59450  39.893  -18.021  29.183 0.0000000000
60461  39.607  -16.730  27.128 0.0000000000
61382  46.008  -15.696  34.100 0.0000000000
61425  43.902  -15.033  31.986 0.0000000000
66247  43.579  -10.267  29.004 0.0000000000
67194  43.938  -9.523  29.152 0.0000000000
67277  41.838  -9.777  22.322 0.0000000000
70059  43.947  -6.926  28.113 0.0000000000
71945  57.471  -4.784  22.339 0.0000000000
73042  58.018  -3.748  14.586 0.0000000000
118812  35.965  -33.714  40.841 0.0000000000
120834  54.165  -5.465  24.276 0.0000000000
122558  29.991  -34.996  44.034 0.0000000000
125908  42.210  -23.263  37.224 0.0000000000
128594  31.718  -32.811  38.957 0.0000000000
128609  18.613  -41.330  47.819 0.0000000000
131060  19.419  -35.296  41.532 0.0000000000
131931  15.485  -44.550  46.647 0.0000000000
134397  41.981  -18.747  33.333 0.0000000000
135328  32.586  -35.109  43.010 0.0000000000
135354  57.884  -3.669  15.755 0.0000000000
136741  24.616  -34.669  45.482 0.0000000000
137250  22.907  -32.187  36.082 0.0000000000
137682  28.904  -33.875  41.670 0.0000000000
140385  47.280  -7.848  25.984 0.0000000000
140846  19.776  -35.233  44.156 0.0000000000
140941  35.363  -33.721  40.749 0.0000000000
141059  19.218  -40.035  49.310 0.0000000000
141236  37.228  -34.487  43.222 0.0000000000
141380  52.768  -5.199  23.102 0.0000000000
141903  50.455  -4.678  20.735 0.0000000000
142037  21.118  -33.338  36.785 0.0000000000
142252  18.123  -41.642  46.409 0.0000000000
142279  28.243  -31.943  38.518 0.0000000000
142615  38.700  -31.127  36.242 0.0000000000
142689  19.001  -36.220  42.904 0.0000000000
142913  24.191  -33.767  43.174 0.0000000000
143003  40.013  -23.059  33.634 0.0000000000
143065  29.052  -32.838  39.761 0.0000000000
143070  55.318  -2.923  16.747 0.0000000000
143623  9.453  -43.516  50.850 0.0000000000
