#!ascii label  , from subject sub-v1s0x0050642_ses-1 vox2ras=TkReg
993
142687  10.584  -29.401  56.544 0.0000000000
42734  6.332  -34.703  36.644 0.0000000000
42554  4.893  -35.582  49.804 0.0000000000
45446  9.488  -31.939  47.159 0.0000000000
49503  1.583  -26.979  42.678 0.0000000000
44403  7.232  -33.037  54.699 0.0000000000
46379  7.888  -30.468  52.362 0.0000000000
43484  13.633  -32.355  53.937 0.0000000000
40733  9.487  -36.129  53.431 0.0000000000
38644  6.048  -37.461  50.251 0.0000000000
49473  4.770  -27.799  48.773 0.0000000000
46473  3.701  -30.189  45.009 0.0000000000
50490  2.385  -25.777  49.469 0.0000000000
41732  2.482  -36.032  45.153 0.0000000000
44457  5.222  -32.869  43.979 0.0000000000
43514  6.671  -33.465  48.478 0.0000000000
129147  8.689  -29.294  48.523 0.0000000000
45515  8.503  -30.311  40.564 0.0000000000
47628  4.666  -29.498  38.126 0.0000000000
121768  2.731  -27.796  36.879 0.0000000000
122661  2.789  -24.804  42.086 0.0000000000
46352  8.066  -30.777  56.299 0.0000000000
131741  8.073  -29.337  54.696 0.0000000000
45340  12.798  -31.460  56.327 0.0000000000
41668  11.605  -34.509  53.477 0.0000000000
43480  9.881  -33.434  56.193 0.0000000000
41664  8.067  -35.210  54.794 0.0000000000
49464  3.235  -26.792  49.778 0.0000000000
41711  3.797  -35.839  48.121 0.0000000000
43522  4.318  -34.560  47.442 0.0000000000
43511  5.333  -34.592  49.550 0.0000000000
119577  9.023  -28.039  51.026 0.0000000000
47456  8.699  -29.704  50.855 0.0000000000
123600  5.032  -36.399  50.160 0.0000000000
37702  4.590  -37.327  48.435 0.0000000000
39756  4.073  -36.811  48.420 0.0000000000
39786  2.862  -36.561  45.876 0.0000000000
43549  8.253  -33.394  45.622 0.0000000000
44474  6.646  -32.303  42.782 0.0000000000
45485  9.981  -31.443  44.752 0.0000000000
46532  2.587  -29.340  43.434 0.0000000000
133938  4.398  -29.591  41.450 0.0000000000
120089  2.644  -28.996  40.746 0.0000000000
47647  3.379  -28.860  37.659 0.0000000000
48559  2.057  -27.636  40.267 0.0000000000
42545  6.749  -34.751  52.014 0.0000000000
43499  6.616  -34.108  51.670 0.0000000000
45355  7.206  -31.883  53.417 0.0000000000
48488  8.969  -28.610  52.564 0.0000000000
43493  14.296  -32.244  51.964 0.0000000000
41697  13.561  -34.345  48.904 0.0000000000
41681  12.925  -34.352  51.435 0.0000000000
39725  11.596  -36.237  50.676 0.0000000000
132465  7.558  -37.218  51.420 0.0000000000
40735  6.825  -35.795  52.085 0.0000000000
46411  5.428  -29.822  47.479 0.0000000000
134798  5.961  -31.031  45.492 0.0000000000
46425  3.919  -29.385  47.124 0.0000000000
47485  2.460  -28.611  46.387 0.0000000000
131132  1.548  -27.118  46.178 0.0000000000
137765  12.534  -28.118  56.309 0.0000000000
44430  17.286  -30.178  50.134 0.0000000000
45358  18.308  -28.942  50.848 0.0000000000
44405  15.477  -30.492  54.040 0.0000000000
46345  14.948  -29.705  56.320 0.0000000000
42653  2.103  -35.782  43.302 0.0000000000
43594  2.495  -34.753  42.739 0.0000000000
43539  2.790  -34.783  44.699 0.0000000000
43527  6.538  -33.560  46.598 0.0000000000
44443  9.447  -32.558  47.649 0.0000000000
44429  7.656  -32.936  50.307 0.0000000000
46408  9.195  -31.435  49.399 0.0000000000
143601  8.428  -30.659  48.036 0.0000000000
48516  6.513  -28.849  47.532 0.0000000000
44508  3.717  -32.911  40.966 0.0000000000
44531  4.922  -32.537  39.894 0.0000000000
44550  6.497  -31.660  38.079 0.0000000000
47506  6.871  -29.670  42.990 0.0000000000
47608  7.149  -29.277  38.924 0.0000000000
45558  5.468  -31.519  36.971 0.0000000000
45577  3.602  -31.080  35.859 0.0000000000
46633  3.282  -29.624  35.163 0.0000000000
133777  2.406  -25.105  48.296 0.0000000000
130598  2.074  -25.738  45.560 0.0000000000
53340  2.737  -24.399  44.591 0.0000000000
125757  2.222  -25.545  42.559 0.0000000000
51519  2.539  -25.267  39.613 0.0000000000
47418  9.612  -29.739  56.485 0.0000000000
48472  9.227  -29.120  55.607 0.0000000000
48471  9.880  -29.011  55.758 0.0000000000
46348  11.712  -29.918  56.768 0.0000000000
130736  11.257  -32.400  56.365 0.0000000000
46349  10.058  -30.570  56.772 0.0000000000
44391  9.067  -31.915  56.653 0.0000000000
42743  6.061  -34.718  35.699 0.0000000000
42735  5.616  -33.886  35.855 0.0000000000
42562  4.176  -35.709  48.615 0.0000000000
42571  4.338  -35.338  48.442 0.0000000000
43506  5.212  -35.040  49.690 0.0000000000
44433  15.046  -32.600  49.142 0.0000000000
40743  4.995  -35.843  50.358 0.0000000000
39740  4.471  -36.706  49.051 0.0000000000
41687  4.381  -35.846  49.357 0.0000000000
41712  3.679  -35.962  47.999 0.0000000000
44449  9.467  -32.507  46.183 0.0000000000
44453  9.845  -32.400  45.117 0.0000000000
123300  9.565  -31.889  45.964 0.0000000000
47509  1.899  -28.313  43.592 0.0000000000
120044  2.594  -29.101  41.902 0.0000000000
47563  2.129  -28.298  41.499 0.0000000000
48558  2.285  -28.417  40.677 0.0000000000
49507  1.695  -27.098  41.730 0.0000000000
43491  7.381  -33.969  53.549 0.0000000000
140418  7.372  -33.784  52.771 0.0000000000
44413  7.093  -32.636  53.884 0.0000000000
140743  8.280  -29.122  53.741 0.0000000000
50473  9.716  -27.532  51.696 0.0000000000
43488  14.177  -31.756  53.267 0.0000000000
42543  13.805  -32.785  52.209 0.0000000000
120877  13.206  -33.017  53.043 0.0000000000
41669  10.913  -34.845  53.842 0.0000000000
40731  11.517  -35.521  52.547 0.0000000000
39717  10.738  -36.416  51.826 0.0000000000
39719  8.683  -36.546  52.424 0.0000000000
42534  7.566  -34.142  55.003 0.0000000000
40723  7.936  -35.444  53.889 0.0000000000
41672  7.331  -34.768  53.104 0.0000000000
40736  6.346  -35.696  51.762 0.0000000000
47462  4.823  -28.798  48.146 0.0000000000
46412  4.830  -29.679  47.471 0.0000000000
47463  4.186  -28.764  48.117 0.0000000000
49466  2.657  -26.536  49.549 0.0000000000
47466  2.771  -28.232  48.214 0.0000000000
48519  2.043  -27.515  47.664 0.0000000000
48526  1.775  -27.762  46.576 0.0000000000
127999  1.880  -26.855  47.427 0.0000000000
142103  15.454  -30.448  53.643 0.0000000000
41744  2.332  -36.045  44.475 0.0000000000
42633  2.523  -35.337  43.799 0.0000000000
43540  2.727  -35.163  44.768 0.0000000000
43516  4.958  -34.065  48.009 0.0000000000
122180  4.655  -33.988  47.199 0.0000000000
119330  5.639  -33.725  47.258 0.0000000000
43526  8.336  -33.371  46.836 0.0000000000
44439  7.961  -33.222  48.534 0.0000000000
45366  7.572  -32.402  51.992 0.0000000000
43498  7.089  -33.327  50.967 0.0000000000
45365  7.957  -31.747  51.553 0.0000000000
120577  8.840  -29.441  49.719 0.0000000000
46401  9.030  -31.026  49.955 0.0000000000
46402  8.940  -30.506  49.289 0.0000000000
46409  8.994  -30.948  48.684 0.0000000000
119113  8.318  -30.097  48.073 0.0000000000
47472  6.699  -29.726  47.495 0.0000000000
40770  12.988  -35.263  48.806 0.0000000000
41722  13.197  -34.984  47.606 0.0000000000
137022  6.785  -37.859  49.686 0.0000000000
37699  6.495  -38.217  48.042 0.0000000000
37700  5.867  -37.921  48.371 0.0000000000
38687  4.161  -37.477  47.312 0.0000000000
37716  4.173  -37.604  46.857 0.0000000000
40779  2.757  -36.180  45.786 0.0000000000
124586  2.394  -36.137  44.709 0.0000000000
44463  3.170  -33.406  43.310 0.0000000000
44492  2.952  -33.670  41.913 0.0000000000
44476  3.722  -32.834  42.776 0.0000000000
45499  8.158  -31.732  42.160 0.0000000000
45517  6.294  -31.429  40.872 0.0000000000
45516  7.594  -30.990  40.382 0.0000000000
44530  5.750  -31.979  39.401 0.0000000000
45527  7.386  -30.838  39.300 0.0000000000
46449  5.094  -30.773  45.148 0.0000000000
46470  6.841  -30.470  44.396 0.0000000000
119072  5.309  -30.221  43.842 0.0000000000
47589  4.948  -29.448  40.640 0.0000000000
119798  6.200  -29.121  40.364 0.0000000000
47609  6.299  -29.116  39.077 0.0000000000
47644  6.381  -29.849  37.669 0.0000000000
47645  5.309  -29.953  37.465 0.0000000000
45575  4.655  -31.794  36.424 0.0000000000
46602  4.192  -29.889  37.412 0.0000000000
48602  2.728  -27.912  37.565 0.0000000000
47665  3.200  -28.912  36.632 0.0000000000
120599  3.136  -28.622  36.142 0.0000000000
129674  2.410  -24.043  48.285 0.0000000000
52398  2.324  -25.206  47.553 0.0000000000
53327  2.366  -24.595  46.764 0.0000000000
53345  3.418  -23.847  43.315 0.0000000000
53356  2.667  -24.735  42.859 0.0000000000
52427  2.325  -25.307  43.177 0.0000000000
137911  2.330  -25.469  41.872 0.0000000000
51516  2.144  -25.543  41.094 0.0000000000
52442  2.615  -24.978  40.892 0.0000000000
126869  7.387  -32.182  55.697 0.0000000000
45348  6.960  -31.560  54.950 0.0000000000
46365  7.569  -30.229  55.490 0.0000000000
44393  13.471  -32.404  55.025 0.0000000000
42528  12.594  -33.226  54.044 0.0000000000
43486  12.032  -33.424  55.203 0.0000000000
42530  11.252  -33.952  55.096 0.0000000000
41661  9.909  -34.953  54.748 0.0000000000
40720  8.809  -35.715  54.498 0.0000000000
42526  8.535  -34.181  55.751 0.0000000000
43482  8.054  -33.272  55.907 0.0000000000
51462  5.062  -26.285  49.674 0.0000000000
48500  3.553  -27.411  49.143 0.0000000000
50488  3.934  -26.011  50.386 0.0000000000
120711  3.178  -25.715  50.945 0.0000000000
51420  2.728  -25.091  51.025 0.0000000000
42584  3.103  -35.569  46.285 0.0000000000
42597  3.131  -34.938  46.002 0.0000000000
43518  4.223  -35.026  47.726 0.0000000000
43517  4.551  -34.823  48.224 0.0000000000
43515  5.671  -33.920  48.841 0.0000000000
121841  8.537  -29.337  51.592 0.0000000000
47449  8.307  -30.095  51.643 0.0000000000
48498  8.879  -28.803  50.597 0.0000000000
48505  8.840  -28.697  49.081 0.0000000000
49472  8.685  -27.874  48.561 0.0000000000
49481  7.824  -27.505  47.718 0.0000000000
38634  5.625  -37.163  50.337 0.0000000000
37687  5.231  -37.393  49.367 0.0000000000
38647  4.780  -37.145  49.311 0.0000000000
38658  4.047  -37.037  48.296 0.0000000000
39772  3.691  -37.015  47.875 0.0000000000
38689  3.370  -37.159  46.575 0.0000000000
132856  3.410  -36.759  47.273 0.0000000000
120756  3.468  -35.992  47.149 0.0000000000
43550  6.959  -33.449  45.171 0.0000000000
44462  5.993  -32.602  43.410 0.0000000000
44461  7.207  -32.768  43.641 0.0000000000
44472  8.932  -31.985  43.081 0.0000000000
46528  9.268  -30.537  42.397 0.0000000000
46502  2.985  -29.808  43.777 0.0000000000
46529  4.445  -29.813  42.858 0.0000000000
46531  2.997  -29.668  42.890 0.0000000000
47560  3.438  -29.570  41.317 0.0000000000
47610  3.558  -29.293  39.718 0.0000000000
122935  3.675  -29.125  38.845 0.0000000000
47611  3.222  -28.893  39.532 0.0000000000
131736  2.726  -28.015  39.041 0.0000000000
49535  2.220  -27.071  38.627 0.0000000000
53364  3.536  -23.904  41.461 0.0000000000
53379  3.043  -24.120  39.985 0.0000000000
54394  4.100  -23.491  40.086 0.0000000000
41683  5.561  -35.621  50.877 0.0000000000
43500  6.077  -34.545  50.947 0.0000000000
43495  6.342  -34.678  51.484 0.0000000000
126124  7.453  -32.713  52.653 0.0000000000
46380  7.483  -30.762  53.162 0.0000000000
47435  7.416  -30.100  54.134 0.0000000000
47443  7.515  -30.201  53.595 0.0000000000
126629  8.413  -29.185  52.347 0.0000000000
120211  9.053  -28.319  51.845 0.0000000000
43496  14.822  -31.740  51.662 0.0000000000
143172  14.268  -33.263  49.837 0.0000000000
42551  13.941  -33.376  50.785 0.0000000000
41674  12.436  -34.401  52.536 0.0000000000
40741  12.390  -35.209  51.451 0.0000000000
39736  11.779  -36.227  49.855 0.0000000000
37684  7.256  -37.795  50.158 0.0000000000
138489  6.930  -37.218  51.243 0.0000000000
39709  8.243  -36.029  53.284 0.0000000000
39721  7.352  -36.423  52.021 0.0000000000
123550  6.726  -36.596  51.612 0.0000000000
39723  5.847  -36.274  51.209 0.0000000000
41680  5.489  -35.891  50.984 0.0000000000
46423  6.613  -30.401  47.337 0.0000000000
45468  7.304  -31.460  45.976 0.0000000000
46424  5.402  -30.182  47.190 0.0000000000
136861  4.442  -30.478  46.002 0.0000000000
46451  3.824  -30.109  45.770 0.0000000000
47465  3.304  -28.416  48.286 0.0000000000
47480  2.942  -28.696  47.274 0.0000000000
46453  2.956  -29.195  46.017 0.0000000000
47497  2.147  -28.926  44.930 0.0000000000
141273  1.577  -28.133  44.691 0.0000000000
49494  1.520  -27.182  44.476 0.0000000000
48465  11.888  -28.515  56.295 0.0000000000
44426  16.247  -30.612  50.756 0.0000000000
45356  20.431  -28.958  50.185 0.0000000000
45357  19.313  -28.587  50.708 0.0000000000
121199  19.229  -29.072  50.318 0.0000000000
45359  17.825  -29.316  50.844 0.0000000000
119777  16.808  -29.873  51.224 0.0000000000
44422  15.445  -31.223  51.278 0.0000000000
44412  14.752  -31.222  53.131 0.0000000000
44400  14.944  -31.053  54.164 0.0000000000
46364  15.597  -30.314  55.186 0.0000000000
45338  14.441  -31.125  55.600 0.0000000000
124239  13.739  -30.918  56.214 0.0000000000
137181  12.372  -29.320  56.688 0.0000000000
43554  2.667  -34.388  43.981 0.0000000000
43553  3.328  -33.611  44.132 0.0000000000
43530  3.403  -34.557  46.072 0.0000000000
123173  3.860  -33.890  45.855 0.0000000000
43551  5.626  -33.374  44.805 0.0000000000
43535  7.500  -33.462  46.039 0.0000000000
43525  9.077  -33.238  46.310 0.0000000000
43504  5.856  -34.257  50.356 0.0000000000
43503  6.683  -33.649  50.210 0.0000000000
126608  7.664  -33.149  49.458 0.0000000000
46395  8.779  -31.104  50.582 0.0000000000
45376  8.939  -31.721  50.081 0.0000000000
44434  8.751  -32.859  48.933 0.0000000000
44437  9.299  -32.485  48.583 0.0000000000
45407  9.141  -31.391  48.147 0.0000000000
46422  8.108  -30.937  47.676 0.0000000000
127049  6.207  -29.940  47.469 0.0000000000
120798  5.569  -29.230  47.632 0.0000000000
48517  5.172  -28.571  48.116 0.0000000000
49482  6.862  -27.961  47.696 0.0000000000
50508  6.273  -27.141  48.155 0.0000000000
50497  5.212  -27.114  49.012 0.0000000000
134414  6.554  -38.515  46.197 0.0000000000
37701  5.190  -37.555  48.550 0.0000000000
122294  5.029  -32.108  42.122 0.0000000000
44507  4.590  -32.431  40.675 0.0000000000
43673  5.877  -33.394  37.666 0.0000000000
46447  8.494  -31.200  45.259 0.0000000000
46497  8.827  -30.230  43.635 0.0000000000
47524  8.939  -29.857  41.841 0.0000000000
142461  5.778  -29.412  42.099 0.0000000000
125558  7.778  -29.278  41.240 0.0000000000
46571  8.220  -29.728  39.732 0.0000000000
46584  7.494  -30.130  38.461 0.0000000000
44566  6.142  -31.827  37.646 0.0000000000
43680  5.824  -33.306  36.849 0.0000000000
44581  4.570  -32.508  36.025 0.0000000000
46604  3.555  -29.516  37.030 0.0000000000
124276  3.419  -30.457  35.912 0.0000000000
142907  2.406  -24.783  50.217 0.0000000000
53285  2.373  -24.320  49.961 0.0000000000
51475  2.316  -25.522  48.709 0.0000000000
132068  1.878  -26.450  47.222 0.0000000000
50520  1.628  -26.593  45.715 0.0000000000
50525  1.637  -26.535  43.980 0.0000000000
52416  2.268  -25.425  45.164 0.0000000000
130849  2.024  -25.771  43.936 0.0000000000
50533  1.760  -26.243  42.779 0.0000000000
49512  1.788  -26.505  41.288 0.0000000000
50546  2.041  -26.156  39.967 0.0000000000
50551  2.268  -26.290  38.306 0.0000000000
52465  2.855  -25.375  37.691 0.0000000000
47420  9.385  -29.392  56.105 0.0000000000
48467  10.182  -29.291  56.282 0.0000000000
47417  10.949  -29.522  56.715 0.0000000000
133324  10.777  -30.278  56.828 0.0000000000
131918  10.208  -29.837  56.685 0.0000000000
46350  9.377  -30.382  56.677 0.0000000000
133172  5.858  -33.868  36.483 0.0000000000
42555  4.492  -35.831  49.311 0.0000000000
42561  4.613  -35.491  49.176 0.0000000000
44432  15.577  -31.667  49.781 0.0000000000
44435  15.635  -31.787  48.915 0.0000000000
40750  4.821  -35.895  49.965 0.0000000000
45467  9.393  -31.944  46.565 0.0000000000
48534  1.673  -27.743  43.156 0.0000000000
132215  1.953  -28.248  42.838 0.0000000000
48541  1.830  -27.828  42.176 0.0000000000
48547  1.938  -27.781  41.203 0.0000000000
44409  7.193  -33.220  54.085 0.0000000000
44407  14.243  -31.733  53.892 0.0000000000
42539  13.697  -32.482  52.814 0.0000000000
43489  13.674  -32.321  53.411 0.0000000000
40724  10.414  -35.560  53.567 0.0000000000
40732  10.846  -35.874  52.882 0.0000000000
125316  10.144  -36.087  53.165 0.0000000000
39718  10.023  -36.553  52.091 0.0000000000
39712  9.789  -36.349  52.779 0.0000000000
38623  9.307  -36.578  52.272 0.0000000000
39713  9.132  -36.319  53.008 0.0000000000
43487  7.415  -33.608  54.873 0.0000000000
42535  7.465  -34.220  54.444 0.0000000000
43490  7.329  -33.747  54.248 0.0000000000
42538  7.451  -34.400  53.738 0.0000000000
48506  4.415  -28.348  48.453 0.0000000000
49467  2.419  -26.278  49.183 0.0000000000
49474  2.609  -27.033  49.034 0.0000000000
49475  2.282  -26.692  48.493 0.0000000000
49484  1.935  -27.217  47.544 0.0000000000
118860  2.110  -26.617  48.127 0.0000000000
41743  2.495  -35.743  44.646 0.0000000000
42598  2.619  -35.563  45.021 0.0000000000
43521  6.119  -33.605  47.976 0.0000000000
129287  7.237  -33.306  47.980 0.0000000000
45360  7.636  -31.552  52.469 0.0000000000
46388  8.101  -30.941  51.718 0.0000000000
47461  8.709  -29.876  48.921 0.0000000000
47471  7.958  -29.536  47.767 0.0000000000
119227  6.212  -37.719  49.695 0.0000000000
119327  6.510  -38.011  48.963 0.0000000000
37693  5.754  -37.712  49.144 0.0000000000
38688  3.638  -37.312  46.953 0.0000000000
41733  2.550  -36.085  45.299 0.0000000000
44458  4.071  -32.955  43.659 0.0000000000
45507  8.305  -31.026  41.344 0.0000000000
45508  7.302  -31.489  41.459 0.0000000000
136108  8.074  -30.442  39.716 0.0000000000
46472  4.594  -30.392  44.508 0.0000000000
126384  5.050  -29.366  39.000 0.0000000000
120426  5.368  -29.304  39.806 0.0000000000
47627  5.813  -29.348  38.132 0.0000000000
124810  2.962  -28.286  36.827 0.0000000000
48615  2.938  -28.019  36.292 0.0000000000
54255  2.454  -23.112  48.766 0.0000000000
54273  2.430  -23.295  47.817 0.0000000000
53315  2.378  -24.597  47.410 0.0000000000
120527  2.398  -23.901  47.303 0.0000000000
53355  3.092  -24.285  42.715 0.0000000000
53346  2.997  -24.249  43.474 0.0000000000
53366  2.506  -25.139  42.461 0.0000000000
52437  2.602  -25.107  41.636 0.0000000000
53373  2.855  -24.680  41.204 0.0000000000
45343  7.571  -31.472  56.029 0.0000000000
46360  7.474  -30.784  55.832 0.0000000000
46359  7.917  -30.111  55.960 0.0000000000
49432  9.678  -28.874  55.335 0.0000000000
44394  12.855  -32.380  55.827 0.0000000000
43477  12.676  -32.926  55.185 0.0000000000
119115  12.162  -32.968  55.843 0.0000000000
43479  10.810  -33.000  56.195 0.0000000000
43478  11.461  -33.416  55.793 0.0000000000
42524  10.691  -33.827  55.850 0.0000000000
42531  10.387  -34.347  55.267 0.0000000000
42525  9.926  -34.189  55.796 0.0000000000
41656  9.245  -34.512  55.605 0.0000000000
131907  9.302  -34.009  56.024 0.0000000000
45335  8.736  -31.158  56.640 0.0000000000
44397  8.589  -32.548  56.331 0.0000000000
44398  7.893  -32.228  56.105 0.0000000000
44399  7.645  -32.802  55.683 0.0000000000
51448  4.542  -25.790  50.370 0.0000000000
136506  3.639  -25.290  51.129 0.0000000000
52350  3.541  -24.681  51.455 0.0000000000
51434  2.659  -25.455  50.820 0.0000000000
51419  3.044  -25.179  51.211 0.0000000000
42573  3.487  -35.795  47.269 0.0000000000
42583  3.605  -35.377  47.032 0.0000000000
42572  3.866  -35.549  47.905 0.0000000000
43512  4.836  -35.033  48.993 0.0000000000
126286  4.981  -34.556  48.747 0.0000000000
43510  5.877  -33.953  49.700 0.0000000000
48494  8.778  -28.690  51.690 0.0000000000
49462  8.929  -27.943  49.858 0.0000000000
39729  5.458  -36.552  50.593 0.0000000000
38635  5.050  -36.809  49.963 0.0000000000
39755  4.397  -37.175  48.742 0.0000000000
39773  3.338  -37.112  47.311 0.0000000000
39757  3.609  -36.797  47.845 0.0000000000
140238  2.988  -35.944  46.243 0.0000000000
44455  8.035  -33.233  44.713 0.0000000000
44448  10.116  -31.914  45.207 0.0000000000
44459  9.431  -32.320  44.174 0.0000000000
44452  10.014  -31.871  44.567 0.0000000000
45498  9.375  -31.314  42.974 0.0000000000
46467  9.887  -30.978  44.060 0.0000000000
46503  2.600  -29.411  44.340 0.0000000000
47561  2.786  -29.267  41.357 0.0000000000
47530  2.964  -29.482  42.052 0.0000000000
121002  3.016  -29.320  40.831 0.0000000000
47590  3.505  -29.460  40.484 0.0000000000
47591  3.049  -29.133  40.256 0.0000000000
48575  2.472  -28.203  39.786 0.0000000000
49522  2.331  -27.656  39.291 0.0000000000
48589  2.602  -27.724  38.449 0.0000000000
53354  3.483  -23.961  42.427 0.0000000000
54367  4.219  -23.516  42.275 0.0000000000
53371  3.491  -23.806  40.475 0.0000000000
54381  4.351  -23.461  41.193 0.0000000000
42546  6.058  -35.219  51.419 0.0000000000
44418  7.374  -33.061  53.200 0.0000000000
47429  7.515  -29.980  54.840 0.0000000000
46370  7.052  -30.767  54.569 0.0000000000
47428  7.905  -29.469  54.224 0.0000000000
47434  7.892  -29.604  53.666 0.0000000000
137584  8.408  -29.077  53.044 0.0000000000
47442  7.885  -29.808  52.939 0.0000000000
138684  8.686  -28.724  52.338 0.0000000000
43497  14.367  -32.599  51.244 0.0000000000
42544  13.412  -33.572  51.839 0.0000000000
42548  13.488  -33.822  51.087 0.0000000000
126846  13.107  -34.466  50.577 0.0000000000
42529  12.065  -33.866  53.771 0.0000000000
42537  12.668  -33.472  53.369 0.0000000000
41667  12.243  -34.131  53.113 0.0000000000
39716  11.407  -36.195  51.474 0.0000000000
40738  11.800  -35.732  51.856 0.0000000000
40742  12.019  -35.891  51.079 0.0000000000
40749  12.146  -35.935  50.300 0.0000000000
39737  11.035  -36.520  50.161 0.0000000000
38653  10.067  -37.097  49.237 0.0000000000
38631  8.273  -37.327  51.274 0.0000000000
38643  7.758  -37.612  50.742 0.0000000000
40721  8.468  -35.610  54.548 0.0000000000
39708  8.588  -36.057  53.772 0.0000000000
40722  8.141  -35.530  54.275 0.0000000000
40734  7.512  -35.748  52.592 0.0000000000
39710  7.723  -35.923  52.747 0.0000000000
39715  7.036  -36.089  52.086 0.0000000000
39722  6.417  -36.249  51.631 0.0000000000
39728  6.199  -36.834  51.042 0.0000000000
42542  6.444  -35.164  51.798 0.0000000000
41679  5.881  -35.634  51.371 0.0000000000
45427  6.360  -30.885  46.855 0.0000000000
46413  4.291  -29.332  47.512 0.0000000000
123670  4.483  -30.092  46.939 0.0000000000
46435  4.051  -29.947  46.499 0.0000000000
48507  3.422  -27.983  48.701 0.0000000000
48501  3.158  -27.334  49.222 0.0000000000
123787  2.608  -28.367  47.609 0.0000000000
46437  2.959  -28.868  46.763 0.0000000000
46475  2.682  -29.383  45.195 0.0000000000
47491  2.373  -28.846  45.683 0.0000000000
143800  1.664  -27.419  46.508 0.0000000000
124542  1.723  -28.328  45.230 0.0000000000
127965  1.585  -27.733  45.886 0.0000000000
48528  1.477  -27.787  44.976 0.0000000000
49492  1.498  -27.189  45.375 0.0000000000
49426  12.250  -28.042  55.956 0.0000000000
49425  12.820  -27.601  56.243 0.0000000000
45389  18.271  -29.997  49.532 0.0000000000
125256  18.066  -30.125  48.989 0.0000000000
45390  17.273  -30.325  49.626 0.0000000000
45352  18.102  -28.505  51.485 0.0000000000
46372  19.081  -28.088  51.228 0.0000000000
44416  15.868  -30.344  52.128 0.0000000000
44421  16.063  -30.474  51.378 0.0000000000
44404  15.242  -30.694  53.273 0.0000000000
121907  15.065  -30.843  53.665 0.0000000000
44406  14.650  -31.287  53.642 0.0000000000
46355  15.278  -29.921  55.851 0.0000000000
45337  15.062  -30.588  55.532 0.0000000000
46356  14.589  -30.319  56.145 0.0000000000
47419  14.502  -29.724  56.530 0.0000000000
48464  13.166  -28.079  56.607 0.0000000000
47415  13.205  -29.265  56.712 0.0000000000
128122  12.629  -28.668  56.573 0.0000000000
47416  11.716  -29.095  56.618 0.0000000000
41768  1.773  -36.057  42.834 0.0000000000
43555  2.671  -34.814  43.847 0.0000000000
43571  2.533  -34.916  43.450 0.0000000000
140444  2.824  -33.837  43.653 0.0000000000
122084  3.068  -34.078  44.705 0.0000000000
43523  3.798  -34.876  46.831 0.0000000000
43529  4.026  -34.204  46.684 0.0000000000
43528  4.998  -33.793  46.380 0.0000000000
43537  4.743  -33.627  45.344 0.0000000000
43536  6.012  -33.583  45.694 0.0000000000
44444  8.684  -33.224  47.680 0.0000000000
44446  9.265  -32.646  46.987 0.0000000000
128241  6.483  -33.955  51.079 0.0000000000
44423  7.744  -32.543  51.134 0.0000000000
46396  8.549  -30.526  51.071 0.0000000000
45392  9.101  -32.273  49.373 0.0000000000
141033  8.403  -32.732  49.652 0.0000000000
45406  9.398  -31.846  48.700 0.0000000000
45425  9.307  -31.711  47.620 0.0000000000
46410  7.365  -30.232  47.609 0.0000000000
49483  5.701  -27.961  48.221 0.0000000000
43508  14.389  -33.270  49.262 0.0000000000
42570  13.877  -33.839  48.688 0.0000000000
120428  5.973  -38.046  47.656 0.0000000000
37713  6.401  -38.271  47.063 0.0000000000
143901  5.043  -37.424  48.884 0.0000000000
41759  1.845  -36.284  43.528 0.0000000000
40820  1.566  -36.677  43.115 0.0000000000
43616  3.142  -33.564  41.312 0.0000000000
43637  2.985  -34.193  41.093 0.0000000000
43636  3.445  -33.649  40.657 0.0000000000
44475  5.695  -32.237  42.655 0.0000000000
45509  6.136  -31.811  41.927 0.0000000000
44506  5.457  -31.799  40.317 0.0000000000
44489  5.223  -31.846  41.248 0.0000000000
44532  4.060  -33.045  40.259 0.0000000000
43650  5.295  -32.830  39.087 0.0000000000
44551  5.918  -32.225  38.531 0.0000000000
43660  5.991  -32.529  37.907 0.0000000000
45448  6.130  -31.126  46.187 0.0000000000
46448  7.088  -30.985  45.205 0.0000000000
46499  6.289  -30.132  43.747 0.0000000000
46498  7.627  -30.148  43.821 0.0000000000
47505  8.040  -29.745  42.867 0.0000000000
47504  8.868  -30.037  42.688 0.0000000000
47528  4.885  -29.611  42.193 0.0000000000
47588  7.182  -29.179  39.702 0.0000000000
47557  7.223  -29.136  40.586 0.0000000000
47587  8.013  -29.422  40.258 0.0000000000
47607  7.729  -29.504  39.340 0.0000000000
46572  7.942  -29.871  39.111 0.0000000000
47625  7.420  -29.637  38.623 0.0000000000
46601  5.897  -30.632  37.257 0.0000000000
46600  6.710  -30.507  37.607 0.0000000000
120108  6.210  -31.243  37.386 0.0000000000
137231  5.821  -31.947  37.207 0.0000000000
44580  5.331  -32.482  36.673 0.0000000000
45576  3.976  -31.184  36.277 0.0000000000
44597  3.720  -31.715  35.415 0.0000000000
47630  3.387  -28.764  38.588 0.0000000000
47646  3.738  -29.270  37.804 0.0000000000
46622  3.242  -29.324  35.911 0.0000000000
46621  3.375  -29.688  36.378 0.0000000000
46632  3.300  -30.094  35.577 0.0000000000
46643  3.300  -30.329  34.778 0.0000000000
53296  2.391  -24.000  49.556 0.0000000000
124925  2.369  -24.629  49.358 0.0000000000
130213  2.380  -24.674  49.790 0.0000000000
52374  2.359  -24.866  48.933 0.0000000000
51485  2.171  -25.792  47.797 0.0000000000
132010  2.060  -25.673  46.297 0.0000000000
51496  1.823  -26.082  46.030 0.0000000000
130254  1.873  -26.105  45.179 0.0000000000
50522  1.664  -26.574  44.836 0.0000000000
128726  1.848  -26.066  44.320 0.0000000000
54297  2.708  -22.809  46.041 0.0000000000
53333  2.673  -24.029  45.593 0.0000000000
53334  2.440  -24.738  45.890 0.0000000000
53341  2.475  -24.971  44.823 0.0000000000
51505  2.119  -25.655  43.328 0.0000000000
138788  1.992  -25.856  42.886 0.0000000000
119215  1.941  -25.900  42.287 0.0000000000
50538  1.722  -26.395  42.057 0.0000000000
121684  1.896  -25.924  41.569 0.0000000000
51520  2.230  -25.572  40.297 0.0000000000
51526  2.250  -25.721  39.554 0.0000000000
50552  2.083  -26.272  39.105 0.0000000000
51525  2.373  -25.677  38.863 0.0000000000
53390  2.960  -24.516  39.579 0.0000000000
46351  8.687  -30.460  56.524 0.0000000000
46358  8.402  -30.128  56.285 0.0000000000
119149  10.253  -28.727  55.435 0.0000000000
46357  12.264  -30.706  56.674 0.0000000000
45341  11.944  -31.405  56.573 0.0000000000
45332  11.400  -30.876  56.761 0.0000000000
44389  10.619  -32.183  56.529 0.0000000000
44390  9.840  -31.989  56.641 0.0000000000
44396  9.373  -32.656  56.440 0.0000000000
45334  9.568  -31.215  56.743 0.0000000000
42744  5.431  -33.772  35.302 0.0000000000
43690  4.946  -33.242  35.465 0.0000000000
40751  4.681  -36.287  49.662 0.0000000000
40763  4.300  -36.375  48.888 0.0000000000
40764  3.836  -36.429  48.249 0.0000000000
41699  4.037  -35.842  48.612 0.0000000000
44454  9.404  -32.995  45.667 0.0000000000
133170  9.972  -32.162  45.686 0.0000000000
46446  9.705  -31.415  45.192 0.0000000000
121766  2.245  -28.765  43.096 0.0000000000
47531  2.577  -29.217  42.587 0.0000000000
47532  2.255  -28.609  42.198 0.0000000000
47562  2.418  -28.806  41.372 0.0000000000
137672  1.846  -27.170  40.994 0.0000000000
119732  7.312  -34.199  52.746 0.0000000000
44414  7.374  -33.495  53.456 0.0000000000
48484  8.799  -28.800  53.354 0.0000000000
49444  9.272  -28.458  52.740 0.0000000000
49451  9.413  -28.107  52.087 0.0000000000
50464  9.825  -27.908  52.500 0.0000000000
124631  14.219  -31.927  52.634 0.0000000000
42540  13.309  -33.279  52.465 0.0000000000
41675  11.186  -35.214  53.174 0.0000000000
39711  11.160  -36.081  52.211 0.0000000000
39726  10.917  -36.469  51.045 0.0000000000
38624  8.772  -36.918  51.735 0.0000000000
38625  8.189  -36.905  51.892 0.0000000000
42533  7.749  -34.670  54.971 0.0000000000
41665  7.826  -35.050  54.365 0.0000000000
128728  7.615  -34.569  54.601 0.0000000000
41671  7.724  -35.165  53.597 0.0000000000
40730  7.449  -35.402  52.766 0.0000000000
41676  6.988  -35.291  52.312 0.0000000000
42541  7.246  -34.724  52.729 0.0000000000
47473  5.425  -29.524  47.555 0.0000000000
47474  4.634  -29.301  47.720 0.0000000000
47475  4.031  -28.973  47.852 0.0000000000
49465  2.859  -26.780  49.762 0.0000000000
48508  2.993  -27.865  48.756 0.0000000000
48509  2.561  -27.561  48.522 0.0000000000
48518  2.309  -27.854  47.935 0.0000000000
47482  2.160  -27.998  47.357 0.0000000000
47486  2.059  -28.119  46.764 0.0000000000
48523  1.912  -27.664  47.146 0.0000000000
49488  1.791  -27.347  46.990 0.0000000000
129690  1.707  -27.005  46.802 0.0000000000
45375  18.305  -29.801  49.851 0.0000000000
121197  15.473  -30.518  52.840 0.0000000000
45350  15.856  -30.039  53.826 0.0000000000
140163  15.938  -30.015  54.305 0.0000000000
46346  14.129  -29.278  56.703 0.0000000000
41753  2.221  -35.869  43.953 0.0000000000
128614  2.357  -35.593  43.695 0.0000000000
42634  2.435  -35.673  44.200 0.0000000000
42613  2.527  -35.528  44.424 0.0000000000
43520  7.043  -33.410  47.388 0.0000000000
44424  7.177  -33.373  51.788 0.0000000000
47455  8.888  -30.268  50.147 0.0000000000
41698  13.291  -34.801  49.167 0.0000000000
41710  13.244  -34.847  48.488 0.0000000000
37698  7.132  -38.267  48.438 0.0000000000
128165  4.245  -37.411  47.731 0.0000000000
40784  2.561  -36.242  45.214 0.0000000000
40800  2.214  -36.222  44.234 0.0000000000
43570  2.562  -34.076  43.134 0.0000000000
43593  2.598  -34.109  42.327 0.0000000000
44477  2.987  -33.473  42.531 0.0000000000
44491  3.479  -32.945  41.849 0.0000000000
45500  7.210  -31.953  42.236 0.0000000000
45528  6.503  -31.366  39.835 0.0000000000
44529  6.604  -31.451  38.829 0.0000000000
45542  7.178  -30.805  38.401 0.0000000000
46471  5.798  -30.596  44.614 0.0000000000
47559  5.472  -29.384  41.390 0.0000000000
47626  6.782  -29.384  38.282 0.0000000000
45559  4.763  -30.796  36.839 0.0000000000
45560  3.969  -30.421  36.743 0.0000000000
47631  3.022  -28.269  38.269 0.0000000000
47664  3.310  -29.085  37.007 0.0000000000
47648  3.103  -28.528  37.333 0.0000000000
47682  3.274  -28.954  35.426 0.0000000000
141061  2.413  -24.586  48.510 0.0000000000
138676  2.442  -24.606  47.987 0.0000000000
52408  2.225  -25.221  46.865 0.0000000000
52414  2.255  -25.286  46.117 0.0000000000
53339  3.085  -23.900  44.416 0.0000000000
53347  2.684  -24.628  43.637 0.0000000000
53348  2.455  -25.032  43.821 0.0000000000
53357  2.481  -24.997  43.117 0.0000000000
51512  2.132  -25.657  41.837 0.0000000000
52438  2.304  -25.415  41.284 0.0000000000
52443  2.379  -25.325  40.562 0.0000000000
44402  7.120  -32.278  55.178 0.0000000000
44408  7.031  -32.424  54.516 0.0000000000
45344  7.174  -31.490  55.583 0.0000000000
46366  7.179  -30.770  55.291 0.0000000000
134969  8.052  -29.549  55.357 0.0000000000
47422  8.596  -29.548  55.954 0.0000000000
48478  8.624  -29.077  54.832 0.0000000000
141074  13.470  -32.504  54.366 0.0000000000
135697  13.156  -32.742  54.063 0.0000000000
43485  12.959  -32.846  54.524 0.0000000000
142838  12.457  -33.259  54.673 0.0000000000
137507  11.975  -33.679  54.496 0.0000000000
120601  11.567  -32.855  56.136 0.0000000000
41659  11.415  -34.235  54.211 0.0000000000
41660  10.706  -34.565  54.571 0.0000000000
41670  10.312  -35.078  54.154 0.0000000000
40725  9.790  -35.533  54.142 0.0000000000
40726  9.200  -35.897  54.067 0.0000000000
40719  9.229  -35.495  54.609 0.0000000000
41662  8.780  -35.436  54.870 0.0000000000
41658  8.149  -34.755  55.232 0.0000000000
43481  8.913  -33.376  56.169 0.0000000000
42527  7.865  -34.112  55.430 0.0000000000
43483  7.623  -33.488  55.411 0.0000000000
139978  7.422  -32.900  55.281 0.0000000000
49463  4.463  -27.049  49.329 0.0000000000
48499  4.119  -27.548  48.980 0.0000000000
120687  4.378  -26.417  49.842 0.0000000000
135620  3.822  -26.731  49.700 0.0000000000
51433  4.129  -25.456  50.858 0.0000000000
122924  3.612  -25.744  50.814 0.0000000000
49457  2.937  -26.450  50.254 0.0000000000
50481  2.794  -26.034  50.624 0.0000000000
50482  2.526  -25.653  50.298 0.0000000000
50483  2.436  -25.438  50.074 0.0000000000
119042  2.697  -35.741  45.502 0.0000000000
137836  2.901  -35.319  45.757 0.0000000000
43509  6.690  -33.554  49.205 0.0000000000
142277  8.156  -29.752  52.188 0.0000000000
48515  8.082  -28.607  47.838 0.0000000000
38645  5.528  -37.278  50.066 0.0000000000
38646  5.075  -37.113  49.741 0.0000000000
38656  4.784  -37.191  49.122 0.0000000000
38657  4.395  -37.061  48.703 0.0000000000
39739  4.712  -36.731  49.511 0.0000000000
38671  4.126  -37.257  48.077 0.0000000000
38672  3.798  -37.207  47.720 0.0000000000
38673  3.550  -37.116  47.368 0.0000000000
39785  3.238  -36.844  46.621 0.0000000000
40772  3.511  -36.420  47.586 0.0000000000
40778  3.198  -36.380  46.643 0.0000000000
44456  6.480  -33.094  44.283 0.0000000000
137122  9.094  -32.845  44.732 0.0000000000
44460  8.446  -32.713  43.825 0.0000000000
44473  7.819  -32.376  42.872 0.0000000000
118789  8.886  -31.221  42.221 0.0000000000
45506  8.823  -30.538  41.536 0.0000000000
46501  3.659  -30.103  44.128 0.0000000000
46500  4.505  -30.078  43.568 0.0000000000
46530  3.654  -29.925  43.244 0.0000000000
47529  3.771  -29.730  42.286 0.0000000000
137359  4.074  -29.580  40.779 0.0000000000
120066  4.302  -29.461  39.944 0.0000000000
122905  4.101  -29.431  39.004 0.0000000000
47629  3.974  -29.436  38.236 0.0000000000
47592  2.722  -28.704  40.079 0.0000000000
47612  2.964  -28.432  39.270 0.0000000000
121433  2.487  -27.402  37.957 0.0000000000
53365  3.209  -24.304  41.797 0.0000000000
53372  3.171  -24.167  40.868 0.0000000000
118805  6.121  -34.122  37.285 0.0000000000
42550  5.242  -35.621  50.330 0.0000000000
42553  5.275  -35.215  49.989 0.0000000000
42549  5.752  -35.156  50.771 0.0000000000
43494  6.947  -34.216  52.117 0.0000000000
44419  7.238  -33.654  52.361 0.0000000000
45351  6.970  -31.688  54.208 0.0000000000
46375  7.172  -30.857  53.849 0.0000000000
49456  9.310  -27.681  51.331 0.0000000000
43501  14.890  -32.110  50.922 0.0000000000
43507  14.829  -32.495  50.028 0.0000000000
43502  14.363  -32.935  50.487 0.0000000000
134532  13.914  -33.625  50.033 0.0000000000
42547  13.902  -33.097  51.541 0.0000000000
42560  13.564  -34.224  49.559 0.0000000000
41686  13.223  -34.657  49.828 0.0000000000
40762  12.581  -35.731  49.114 0.0000000000
42536  13.141  -32.836  53.609 0.0000000000
41673  12.809  -33.732  52.776 0.0000000000
41677  12.933  -33.999  52.198 0.0000000000
133332  11.863  -34.825  52.839 0.0000000000
41678  12.562  -34.611  51.994 0.0000000000
125231  12.461  -35.519  50.613 0.0000000000
39735  12.260  -35.953  49.663 0.0000000000
39753  12.072  -36.187  49.116 0.0000000000
38652  10.585  -36.748  49.592 0.0000000000
37691  8.061  -38.074  49.258 0.0000000000
37685  6.625  -37.630  50.272 0.0000000000
38632  6.509  -37.332  50.801 0.0000000000
39707  9.204  -36.226  53.652 0.0000000000
39714  8.634  -36.232  53.181 0.0000000000
38622  8.263  -36.430  52.506 0.0000000000
40728  7.743  -36.016  53.924 0.0000000000
39720  7.909  -36.278  52.453 0.0000000000
38626  7.733  -36.741  51.956 0.0000000000
38627  7.113  -36.914  51.600 0.0000000000
38628  6.537  -37.001  51.213 0.0000000000
38633  5.998  -37.136  50.670 0.0000000000
40739  6.209  -36.002  51.630 0.0000000000
40740  5.791  -35.929  51.303 0.0000000000
39724  5.391  -36.104  50.767 0.0000000000
41684  5.227  -35.855  50.499 0.0000000000
45426  7.892  -31.237  47.226 0.0000000000
45447  7.716  -31.456  46.626 0.0000000000
45428  5.071  -30.523  46.513 0.0000000000
45449  5.102  -30.855  45.780 0.0000000000
46450  4.409  -30.512  45.388 0.0000000000
121224  3.873  -28.137  48.594 0.0000000000
47464  3.735  -28.550  48.223 0.0000000000
136992  3.638  -28.754  47.918 0.0000000000
138812  3.220  -28.675  47.739 0.0000000000
46426  3.409  -28.957  47.188 0.0000000000
46436  3.474  -29.296  46.609 0.0000000000
122384  3.480  -29.643  46.062 0.0000000000
46452  3.201  -29.772  45.459 0.0000000000
46474  3.013  -29.885  44.664 0.0000000000
47492  1.955  -28.295  46.028 0.0000000000
47508  2.259  -28.851  43.974 0.0000000000
48531  1.588  -27.840  44.122 0.0000000000
49496  1.553  -27.136  43.603 0.0000000000
48466  10.993  -28.958  56.426 0.0000000000
49427  11.418  -28.452  55.978 0.0000000000
49430  12.049  -28.119  55.584 0.0000000000
118964  19.077  -29.520  50.005 0.0000000000
44420  17.774  -29.652  50.417 0.0000000000
44425  17.062  -30.041  50.616 0.0000000000
44411  15.115  -30.934  52.882 0.0000000000
46362  16.305  -29.592  54.494 0.0000000000
46363  16.070  -29.916  54.826 0.0000000000
45345  15.549  -30.494  54.550 0.0000000000
45346  15.016  -31.073  54.919 0.0000000000
121831  14.533  -31.545  54.454 0.0000000000
45347  14.277  -31.765  55.031 0.0000000000
45339  13.657  -31.760  55.735 0.0000000000
121246  13.037  -30.602  56.500 0.0000000000
133649  13.717  -30.003  56.579 0.0000000000
42652  2.376  -35.361  43.133 0.0000000000
43552  4.426  -33.307  44.503 0.0000000000
43531  2.956  -34.910  45.383 0.0000000000
138901  3.168  -34.330  45.318 0.0000000000
43538  3.702  -33.760  44.985 0.0000000000
43505  5.570  -34.897  50.212 0.0000000000
140824  8.382  -31.226  51.159 0.0000000000
45377  8.433  -31.814  50.803 0.0000000000
44428  8.467  -32.350  50.231 0.0000000000
44438  9.165  -32.903  48.186 0.0000000000
44442  9.472  -32.238  48.071 0.0000000000
48470  10.576  -28.751  55.945 0.0000000000
43513  14.467  -33.333  48.486 0.0000000000
131386  13.850  -33.810  47.205 0.0000000000
41709  13.489  -34.377  48.149 0.0000000000
120712  5.383  -37.760  47.705 0.0000000000
37714  5.656  -37.985  46.887 0.0000000000
43638  2.795  -34.764  41.526 0.0000000000
140752  4.842  -32.510  43.003 0.0000000000
132990  4.238  -32.486  42.252 0.0000000000
44490  4.328  -32.403  41.500 0.0000000000
43652  3.752  -33.844  40.011 0.0000000000
126440  8.289  -31.547  45.849 0.0000000000
138204  7.717  -30.641  44.637 0.0000000000
46469  8.762  -30.617  44.519 0.0000000000
46468  9.577  -30.801  44.309 0.0000000000
46496  9.454  -30.551  43.462 0.0000000000
46554  8.963  -30.038  41.248 0.0000000000
47507  5.543  -29.731  42.968 0.0000000000
47527  6.421  -29.426  42.345 0.0000000000
47558  6.619  -29.202  41.467 0.0000000000
47526  7.363  -29.389  42.152 0.0000000000
47525  8.358  -29.568  41.956 0.0000000000
47556  8.568  -29.629  41.118 0.0000000000
46561  8.581  -29.817  40.386 0.0000000000
46562  8.324  -30.022  39.703 0.0000000000
45526  7.841  -30.288  39.052 0.0000000000
46599  7.095  -29.924  37.985 0.0000000000
45557  6.749  -31.082  37.784 0.0000000000
44567  5.849  -32.609  37.319 0.0000000000
43681  5.170  -33.226  36.081 0.0000000000
43682  4.612  -32.795  35.604 0.0000000000
46603  3.702  -29.902  37.056 0.0000000000
46620  3.603  -30.328  36.432 0.0000000000
45590  3.415  -30.950  35.245 0.0000000000
52339  2.884  -24.559  51.359 0.0000000000
51421  2.556  -25.015  50.714 0.0000000000
51436  2.452  -25.014  50.337 0.0000000000
130615  2.394  -24.585  50.231 0.0000000000
140863  2.385  -24.907  49.909 0.0000000000
51463  2.363  -25.498  49.311 0.0000000000
50509  1.983  -26.075  47.785 0.0000000000
129464  1.706  -26.558  46.487 0.0000000000
51493  1.959  -25.880  46.891 0.0000000000
143607  1.640  -26.547  43.290 0.0000000000
52420  2.231  -25.465  44.071 0.0000000000
137738  2.080  -25.760  44.661 0.0000000000
124824  1.845  -26.045  43.486 0.0000000000
124628  1.878  -26.727  40.480 0.0000000000
50543  1.938  -25.987  40.809 0.0000000000
49523  2.001  -26.955  39.589 0.0000000000
118835  2.343  -26.894  37.914 0.0000000000
49550  2.517  -27.240  37.270 0.0000000000
53380  2.844  -24.580  40.420 0.0000000000
121733  2.714  -24.881  40.060 0.0000000000
123177  2.693  -25.251  38.747 0.0000000000
51533  2.582  -25.631  38.038 0.0000000000
49562  2.748  -27.402  36.486 0.0000000000
37678  7.079  -37.501  50.841 0.0000000000
37686  5.706  -37.525  49.739 0.0000000000
40727  8.346  -35.852  54.043 0.0000000000
40729  7.791  -35.535  53.207 0.0000000000
40737  12.132  -35.096  52.240 0.0000000000
40748  12.566  -35.626  49.888 0.0000000000
41657  8.704  -34.905  55.292 0.0000000000
41663  8.403  -35.259  54.968 0.0000000000
41666  7.585  -34.729  54.035 0.0000000000
42532  9.261  -35.034  55.123 0.0000000000
42559  13.878  -33.777  49.370 0.0000000000
43617  2.781  -34.160  41.696 0.0000000000
44392  8.468  -31.861  56.465 0.0000000000
44395  11.999  -32.207  56.281 0.0000000000
44401  13.968  -32.048  54.414 0.0000000000
45333  10.489  -31.264  56.723 0.0000000000
45336  8.120  -31.490  56.336 0.0000000000
45342  11.283  -31.727  56.592 0.0000000000
45491  9.969  -31.369  44.145 0.0000000000
45492  9.670  -31.666  43.734 0.0000000000
46347  12.712  -29.945  56.685 0.0000000000
46414  3.783  -28.978  47.554 0.0000000000
46495  9.753  -31.047  43.454 0.0000000000
46585  7.150  -30.473  37.953 0.0000000000
47421  8.968  -29.896  56.426 0.0000000000
47481  2.513  -28.439  47.027 0.0000000000
47498  1.829  -28.427  44.423 0.0000000000
48502  2.801  -27.159  49.135 0.0000000000
48510  2.237  -27.257  48.199 0.0000000000
49458  2.631  -26.198  50.080 0.0000000000
50480  3.328  -26.212  50.439 0.0000000000
50489  2.493  -26.036  49.828 0.0000000000
50498  2.257  -25.922  48.691 0.0000000000
51435  2.497  -25.194  50.491 0.0000000000
51449  2.395  -25.199  49.886 0.0000000000
52341  2.493  -24.827  50.547 0.0000000000
52351  2.366  -24.767  50.082 0.0000000000
52361  2.370  -24.917  49.401 0.0000000000
118904  10.092  -32.654  56.419 0.0000000000
125442  8.686  -35.912  54.155 0.0000000000
130661  2.306  -26.235  48.831 0.0000000000
136287  9.811  -35.924  53.695 0.0000000000
138174  2.409  -24.113  47.773 0.0000000000
138792  10.480  -36.284  52.521 0.0000000000
140471  2.023  -28.637  45.493 0.0000000000
141733  9.752  -34.607  55.337 0.0000000000
141893  10.073  -31.777  45.291 0.0000000000
142477  2.056  -27.086  47.985 0.0000000000
143057  4.709  -26.745  49.508 0.0000000000
