#!ascii label  , from subject sub-v1s0x0050642_ses-1 vox2ras=TkReg
1103
46567  20.303  -28.461  39.790 0.0000000000
46457  34.080  -29.392  44.889 0.0000000000
69110  35.871  -7.054  27.544 0.0000000000
57365  30.834  -19.247  34.333 0.0000000000
53386  37.528  -23.920  38.300 0.0000000000
75632  48.512  -0.155  17.969 0.0000000000
66268  38.929  -10.370  27.618 0.0000000000
61511  35.355  -15.786  26.465 0.0000000000
134524  15.372  -32.761  38.834 0.0000000000
46546  27.003  -28.248  42.810 0.0000000000
48566  30.765  -26.998  40.612 0.0000000000
49559  23.933  -26.585  37.576 0.0000000000
70113  43.264  -6.306  23.031 0.0000000000
45480  23.087  -29.504  45.303 0.0000000000
47490  16.769  -29.310  45.184 0.0000000000
141039  41.620  -3.402  26.650 0.0000000000
41758  13.762  -34.574  43.232 0.0000000000
131894  9.903  -37.562  41.482 0.0000000000
61419  33.876  -15.728  32.126 0.0000000000
56417  34.544  -20.476  36.547 0.0000000000
50606  36.298  -26.091  33.439 0.0000000000
47657  34.450  -27.542  36.656 0.0000000000
64305  40.064  -12.726  28.253 0.0000000000
63313  37.823  -13.676  26.376 0.0000000000
61482  37.661  -15.675  28.558 0.0000000000
68152  41.159  -8.883  30.227 0.0000000000
139684  18.735  -29.737  36.669 0.0000000000
44564  16.681  -32.155  37.014 0.0000000000
46570  16.952  -29.614  39.371 0.0000000000
47582  23.224  -27.841  41.209 0.0000000000
48572  24.606  -27.112  40.496 0.0000000000
140879  21.555  -27.934  38.444 0.0000000000
47662  20.459  -29.041  35.821 0.0000000000
71002  36.106  -5.133  25.072 0.0000000000
70972  38.365  -5.588  29.489 0.0000000000
71915  37.973  -4.310  27.028 0.0000000000
70999  39.564  -4.137  24.685 0.0000000000
45423  16.007  -30.906  47.703 0.0000000000
44451  15.110  -32.186  44.592 0.0000000000
43524  14.316  -33.400  46.669 0.0000000000
38701  10.009  -37.252  46.792 0.0000000000
38730  11.390  -36.551  44.918 0.0000000000
38747  9.043  -37.861  43.524 0.0000000000
37778  7.110  -39.082  43.351 0.0000000000
130373  6.718  -38.676  45.497 0.0000000000
57305  35.293  -19.347  39.421 0.0000000000
54412  36.688  -22.201  37.294 0.0000000000
54444  36.195  -23.005  34.845 0.0000000000
52469  37.258  -24.669  35.788 0.0000000000
49544  29.281  -25.656  37.972 0.0000000000
48597  32.708  -26.928  38.441 0.0000000000
48626  31.275  -26.254  35.638 0.0000000000
48640  32.510  -26.931  34.363 0.0000000000
60374  31.797  -16.726  33.915 0.0000000000
60421  31.609  -15.575  30.705 0.0000000000
59416  29.310  -17.810  31.595 0.0000000000
78279  51.521  2.634  15.327 0.0000000000
77362  48.372  1.389  15.392 0.0000000000
67216  37.449  -8.982  28.242 0.0000000000
65297  35.913  -11.351  26.055 0.0000000000
69081  39.336  -7.305  29.923 0.0000000000
46482  30.474  -29.158  43.667 0.0000000000
46540  32.639  -28.503  42.640 0.0000000000
47577  28.688  -28.048  41.855 0.0000000000
136939  27.224  -26.327  39.299 0.0000000000
51539  26.058  -25.208  36.552 0.0000000000
122464  45.256  -6.239  24.410 0.0000000000
71954  44.998  -5.097  22.161 0.0000000000
72972  44.646  -2.651  21.131 0.0000000000
75629  45.311  -0.130  18.656 0.0000000000
135733  21.360  -28.678  42.517 0.0000000000
131512  18.240  -28.969  42.157 0.0000000000
46441  20.405  -29.532  45.169 0.0000000000
121131  24.316  -28.538  43.670 0.0000000000
71013  41.944  -5.579  24.710 0.0000000000
45497  15.665  -30.878  42.083 0.0000000000
42679  14.558  -33.508  41.242 0.0000000000
122858  13.300  -35.713  40.989 0.0000000000
40791  13.087  -35.431  45.483 0.0000000000
39842  12.491  -36.284  43.131 0.0000000000
140026  4.310  -38.119  45.887 0.0000000000
131168  36.822  -15.380  30.946 0.0000000000
59361  31.718  -17.825  36.243 0.0000000000
57338  32.884  -18.660  37.579 0.0000000000
57357  32.248  -19.596  35.479 0.0000000000
54446  35.012  -22.104  33.811 0.0000000000
52499  35.894  -24.541  32.308 0.0000000000
128826  34.409  -26.871  31.325 0.0000000000
47571  34.649  -28.489  40.575 0.0000000000
47617  35.901  -28.293  39.161 0.0000000000
49555  36.958  -26.851  36.692 0.0000000000
48637  35.271  -27.729  34.767 0.0000000000
49596  33.897  -27.470  32.730 0.0000000000
61469  34.082  -15.336  29.722 0.0000000000
61500  32.253  -15.485  27.468 0.0000000000
63293  40.180  -13.607  28.915 0.0000000000
62367  38.946  -14.695  28.217 0.0000000000
62353  39.083  -14.924  29.054 0.0000000000
65264  41.052  -11.796  29.319 0.0000000000
46582  19.092  -28.987  38.253 0.0000000000
120125  18.045  -29.353  37.701 0.0000000000
143890  18.272  -28.716  39.357 0.0000000000
47584  21.619  -28.293  40.539 0.0000000000
47604  21.994  -27.912  40.085 0.0000000000
47605  21.176  -28.333  39.519 0.0000000000
47643  20.367  -28.704  37.621 0.0000000000
70987  35.954  -5.554  26.509 0.0000000000
70061  36.637  -6.264  28.687 0.0000000000
121592  38.423  -4.472  28.437 0.0000000000
70979  36.797  -5.362  28.037 0.0000000000
71928  37.430  -4.446  26.356 0.0000000000
37728  9.215  -37.543  46.615 0.0000000000
38717  9.464  -37.443  45.149 0.0000000000
37762  8.463  -37.847  45.080 0.0000000000
38748  8.286  -38.226  43.725 0.0000000000
124922  7.671  -38.385  44.844 0.0000000000
37764  6.931  -38.765  44.785 0.0000000000
55402  37.274  -21.804  38.654 0.0000000000
54410  37.367  -23.356  37.999 0.0000000000
53407  37.094  -23.927  36.248 0.0000000000
52460  37.395  -24.700  36.584 0.0000000000
122954  35.076  -28.916  44.133 0.0000000000
50569  28.674  -25.422  36.356 0.0000000000
49557  30.637  -25.964  36.721 0.0000000000
49571  30.012  -25.697  35.300 0.0000000000
49585  30.325  -25.827  34.156 0.0000000000
59390  30.563  -17.827  34.369 0.0000000000
59403  29.784  -17.114  32.264 0.0000000000
75627  48.205  -0.869  18.663 0.0000000000
75626  49.127  -0.792  18.547 0.0000000000
76465  49.678  0.341  17.368 0.0000000000
77351  49.907  1.314  16.413 0.0000000000
76477  48.104  0.839  16.737 0.0000000000
67215  38.160  -9.627  27.898 0.0000000000
141098  37.101  -10.174  27.024 0.0000000000
65289  37.483  -10.791  26.677 0.0000000000
62388  36.602  -14.743  26.124 0.0000000000
63320  35.906  -13.973  25.631 0.0000000000
61519  34.677  -15.480  25.639 0.0000000000
66250  40.298  -10.250  28.588 0.0000000000
68173  38.970  -8.960  29.053 0.0000000000
68174  38.292  -8.257  29.315 0.0000000000
44565  16.049  -32.576  37.519 0.0000000000
42702  14.672  -33.984  39.045 0.0000000000
46545  28.434  -28.534  42.929 0.0000000000
46544  29.288  -28.603  42.801 0.0000000000
47546  27.950  -28.096  42.117 0.0000000000
49534  23.765  -26.862  38.452 0.0000000000
49521  26.145  -26.687  39.816 0.0000000000
49547  25.239  -26.100  38.265 0.0000000000
139340  26.721  -25.773  37.760 0.0000000000
128727  24.709  -25.823  36.854 0.0000000000
49572  22.945  -26.776  35.818 0.0000000000
54457  33.785  -22.091  32.551 0.0000000000
70100  44.020  -6.327  23.569 0.0000000000
124619  44.836  -6.156  23.474 0.0000000000
71045  44.533  -5.701  22.612 0.0000000000
71982  43.694  -3.693  21.019 0.0000000000
72974  43.600  -2.755  20.598 0.0000000000
74782  44.965  -1.433  20.502 0.0000000000
46490  21.939  -29.204  43.803 0.0000000000
137613  20.530  -28.862  43.365 0.0000000000
131491  21.085  -29.648  44.841 0.0000000000
135759  23.492  -29.159  44.536 0.0000000000
46522  22.847  -28.624  43.053 0.0000000000
70996  42.942  -5.140  25.690 0.0000000000
71912  41.771  -4.331  25.637 0.0000000000
124545  39.682  -4.586  23.590 0.0000000000
47502  17.597  -28.966  43.596 0.0000000000
47522  16.923  -29.477  42.174 0.0000000000
46494  16.176  -29.920  43.693 0.0000000000
43569  14.459  -33.477  43.654 0.0000000000
43568  14.722  -32.856  43.126 0.0000000000
42667  14.163  -34.080  42.590 0.0000000000
41776  13.974  -34.609  41.417 0.0000000000
142005  13.520  -35.159  42.378 0.0000000000
39795  12.713  -35.670  46.727 0.0000000000
38745  10.646  -37.337  42.907 0.0000000000
39832  11.966  -36.528  43.665 0.0000000000
39844  11.319  -37.079  42.404 0.0000000000
130739  12.119  -36.603  41.101 0.0000000000
60350  32.535  -16.967  35.256 0.0000000000
56408  34.895  -20.415  37.227 0.0000000000
57321  34.030  -18.748  38.764 0.0000000000
57349  33.762  -19.798  36.718 0.0000000000
128226  32.958  -19.186  36.933 0.0000000000
56418  34.015  -20.177  36.031 0.0000000000
56435  33.764  -20.816  34.654 0.0000000000
55443  34.871  -21.274  35.205 0.0000000000
52489  36.709  -24.636  34.066 0.0000000000
53435  36.033  -23.742  32.949 0.0000000000
51580  36.072  -25.504  32.717 0.0000000000
51592  35.481  -25.321  31.537 0.0000000000
50621  35.500  -26.142  32.139 0.0000000000
47574  31.805  -27.822  41.536 0.0000000000
47541  33.203  -28.234  41.809 0.0000000000
47573  32.928  -27.832  41.100 0.0000000000
47640  34.282  -27.581  37.589 0.0000000000
47619  34.743  -28.001  38.871 0.0000000000
47638  35.574  -27.650  37.660 0.0000000000
48595  36.254  -27.370  37.440 0.0000000000
48609  35.676  -27.714  36.323 0.0000000000
49568  36.573  -27.463  35.259 0.0000000000
48622  35.023  -27.603  35.572 0.0000000000
136485  31.626  -27.280  32.771 0.0000000000
48655  33.334  -27.517  33.280 0.0000000000
61431  35.521  -15.510  31.984 0.0000000000
61450  35.259  -15.471  30.582 0.0000000000
120830  34.372  -15.384  30.744 0.0000000000
60442  30.286  -16.267  28.987 0.0000000000
61487  31.152  -15.581  28.779 0.0000000000
78290  51.850  3.015  14.606 0.0000000000
64317  39.464  -12.302  27.595 0.0000000000
64319  38.197  -12.652  26.526 0.0000000000
63312  38.577  -13.688  27.009 0.0000000000
62379  38.019  -14.671  26.991 0.0000000000
61496  36.596  -15.893  27.488 0.0000000000
67183  41.482  -9.766  30.137 0.0000000000
66249  40.894  -10.716  29.124 0.0000000000
45555  17.475  -30.714  36.681 0.0000000000
45541  16.541  -30.755  38.013 0.0000000000
44527  16.014  -31.429  38.658 0.0000000000
47581  24.147  -27.645  41.581 0.0000000000
48556  25.523  -27.306  41.173 0.0000000000
47602  23.819  -27.512  40.843 0.0000000000
48587  23.175  -27.315  39.103 0.0000000000
48600  22.867  -27.345  38.195 0.0000000000
125168  22.051  -27.612  36.961 0.0000000000
47642  21.137  -28.249  37.727 0.0000000000
47663  20.116  -28.961  36.618 0.0000000000
70144  41.748  -5.803  21.706 0.0000000000
45462  22.131  -29.738  45.994 0.0000000000
72912  39.408  -3.865  29.183 0.0000000000
71888  39.138  -3.850  28.355 0.0000000000
137026  40.322  -3.399  27.004 0.0000000000
71925  40.814  -3.970  25.472 0.0000000000
71927  38.350  -4.045  26.050 0.0000000000
122979  37.872  -4.266  24.768 0.0000000000
46434  16.402  -29.988  46.485 0.0000000000
126207  15.832  -30.382  44.831 0.0000000000
45445  15.442  -31.515  46.168 0.0000000000
43534  14.532  -33.183  45.698 0.0000000000
41742  13.682  -34.224  45.055 0.0000000000
39797  11.817  -36.314  46.110 0.0000000000
38700  11.130  -36.604  46.163 0.0000000000
38732  10.328  -37.121  44.835 0.0000000000
38763  9.144  -37.934  42.568 0.0000000000
38764  8.447  -38.332  42.818 0.0000000000
56406  36.110  -20.918  37.926 0.0000000000
55432  35.820  -21.659  36.406 0.0000000000
55442  35.493  -21.781  35.501 0.0000000000
54432  36.143  -22.523  35.764 0.0000000000
53418  36.988  -24.084  35.411 0.0000000000
51565  36.993  -25.360  34.438 0.0000000000
48584  30.077  -26.201  39.430 0.0000000000
126270  31.586  -26.936  40.062 0.0000000000
48583  31.074  -26.368  38.757 0.0000000000
48598  31.963  -26.552  37.739 0.0000000000
48610  33.037  -27.110  36.388 0.0000000000
47688  33.344  -27.091  35.073 0.0000000000
48641  31.539  -26.563  34.335 0.0000000000
48658  31.328  -26.829  33.148 0.0000000000
60391  33.222  -16.025  32.740 0.0000000000
61434  32.704  -15.424  31.088 0.0000000000
124507  31.535  -16.123  32.252 0.0000000000
60404  30.142  -16.521  31.446 0.0000000000
77349  51.736  1.454  16.482 0.0000000000
77360  50.203  1.895  15.891 0.0000000000
68181  36.186  -8.016  27.730 0.0000000000
68189  35.623  -7.807  27.012 0.0000000000
140524  35.776  -9.497  26.868 0.0000000000
131739  36.602  -12.064  25.898 0.0000000000
63326  35.432  -13.002  25.590 0.0000000000
69067  41.172  -7.461  31.036 0.0000000000
70008  40.500  -5.915  31.007 0.0000000000
133694  39.935  -5.709  30.554 0.0000000000
70044  38.912  -6.388  29.854 0.0000000000
69092  37.694  -7.386  29.396 0.0000000000
134618  31.718  -29.471  44.398 0.0000000000
121513  33.364  -29.184  43.701 0.0000000000
46513  31.402  -28.877  43.218 0.0000000000
47544  30.447  -28.396  42.230 0.0000000000
48552  29.375  -27.375  41.089 0.0000000000
48555  26.504  -27.335  41.067 0.0000000000
48569  27.387  -26.978  40.449 0.0000000000
135495  28.399  -26.413  39.901 0.0000000000
49545  28.320  -25.695  38.089 0.0000000000
50560  27.532  -25.660  37.498 0.0000000000
123053  27.210  -24.513  35.395 0.0000000000
119785  46.175  -4.223  22.042 0.0000000000
128437  44.424  -4.265  21.641 0.0000000000
71966  45.292  -3.755  21.753 0.0000000000
73908  46.313  -2.972  21.283 0.0000000000
73916  46.631  -2.418  20.729 0.0000000000
74790  46.252  -1.181  19.705 0.0000000000
75628  46.504  0.109  18.160 0.0000000000
76468  46.965  0.568  17.386 0.0000000000
46558  20.664  -28.430  40.800 0.0000000000
47553  19.157  -28.510  41.157 0.0000000000
46551  20.142  -28.508  42.231 0.0000000000
46492  19.671  -28.918  43.679 0.0000000000
46465  18.668  -29.071  45.001 0.0000000000
130334  20.929  -29.850  46.395 0.0000000000
46432  18.094  -29.488  46.942 0.0000000000
46420  17.486  -29.896  47.609 0.0000000000
45451  33.129  -29.531  45.643 0.0000000000
45472  30.969  -29.497  44.632 0.0000000000
46484  28.904  -29.173  43.974 0.0000000000
120117  27.562  -28.824  43.907 0.0000000000
46485  26.648  -28.661  44.136 0.0000000000
47519  25.115  -28.189  43.164 0.0000000000
47551  23.463  -28.049  42.072 0.0000000000
46556  22.042  -28.415  41.348 0.0000000000
70982  44.405  -5.379  26.143 0.0000000000
124019  43.628  -6.257  24.839 0.0000000000
70114  42.515  -6.315  23.675 0.0000000000
70998  40.521  -4.371  24.632 0.0000000000
70116  41.034  -5.588  23.419 0.0000000000
70115  41.613  -6.077  23.096 0.0000000000
47555  17.377  -29.249  40.871 0.0000000000
46560  16.574  -30.023  40.693 0.0000000000
44505  15.468  -31.792  40.316 0.0000000000
45490  15.337  -31.318  42.817 0.0000000000
121286  14.935  -32.310  41.754 0.0000000000
43635  14.832  -33.049  40.563 0.0000000000
136578  14.479  -34.001  40.085 0.0000000000
41795  13.937  -35.195  39.789 0.0000000000
41730  13.500  -34.616  46.283 0.0000000000
143482  13.503  -34.962  44.546 0.0000000000
39830  12.887  -35.859  44.252 0.0000000000
40818  13.264  -35.554  42.838 0.0000000000
40831  12.890  -36.068  41.535 0.0000000000
37746  5.328  -38.768  45.154 0.0000000000
61447  38.480  -15.186  30.504 0.0000000000
128582  34.093  -16.180  33.866 0.0000000000
60373  32.542  -16.632  34.264 0.0000000000
59388  31.600  -17.085  34.854 0.0000000000
58371  30.982  -18.034  34.955 0.0000000000
58336  32.040  -17.939  36.997 0.0000000000
57352  31.622  -18.829  35.720 0.0000000000
57364  31.534  -19.426  34.893 0.0000000000
56445  33.061  -20.767  34.139 0.0000000000
55465  34.169  -21.754  33.456 0.0000000000
54456  34.684  -22.517  32.942 0.0000000000
54445  35.635  -22.591  34.284 0.0000000000
54455  35.506  -22.915  33.389 0.0000000000
53442  35.546  -23.864  32.004 0.0000000000
52510  35.486  -24.425  31.489 0.0000000000
51607  35.191  -25.853  30.518 0.0000000000
52446  37.662  -24.484  39.142 0.0000000000
46510  33.825  -28.860  43.109 0.0000000000
46537  35.096  -28.658  42.180 0.0000000000
47569  36.314  -28.701  40.648 0.0000000000
47599  33.788  -27.822  40.149 0.0000000000
47597  35.604  -28.586  39.775 0.0000000000
47595  36.665  -28.458  40.135 0.0000000000
48579  37.138  -27.282  39.187 0.0000000000
128035  37.418  -25.790  38.625 0.0000000000
133937  37.491  -25.505  37.491 0.0000000000
51537  37.810  -25.715  36.067 0.0000000000
50580  36.685  -26.798  34.599 0.0000000000
50594  36.171  -26.883  33.831 0.0000000000
139159  33.801  -27.370  34.042 0.0000000000
48654  34.143  -27.509  33.672 0.0000000000
50622  34.856  -27.015  32.305 0.0000000000
49613  33.869  -27.296  31.643 0.0000000000
61449  36.934  -15.699  29.900 0.0000000000
143435  35.525  -16.022  28.968 0.0000000000
121652  35.038  -16.012  28.211 0.0000000000
61452  32.484  -15.280  30.162 0.0000000000
141464  33.119  -15.289  28.444 0.0000000000
61499  33.228  -15.595  27.418 0.0000000000
77354  47.012  1.053  15.940 0.0000000000
63283  40.317  -14.071  29.779 0.0000000000
62344  39.145  -15.023  29.906 0.0000000000
63292  40.707  -13.323  29.545 0.0000000000
46581  19.974  -28.664  38.846 0.0000000000
46568  19.267  -28.634  39.294 0.0000000000
46566  20.994  -28.450  40.184 0.0000000000
136703  20.627  -28.494  39.375 0.0000000000
47624  20.498  -28.579  38.637 0.0000000000
70072  35.784  -6.168  27.146 0.0000000000
70080  35.535  -6.219  26.441 0.0000000000
69126  35.492  -6.929  26.794 0.0000000000
70071  36.125  -6.155  27.951 0.0000000000
70980  36.304  -5.384  27.289 0.0000000000
37729  8.387  -37.844  46.490 0.0000000000
37743  8.862  -37.617  45.841 0.0000000000
37744  8.045  -38.070  45.717 0.0000000000
37745  7.369  -38.482  45.615 0.0000000000
54399  37.877  -23.261  38.840 0.0000000000
54400  37.419  -22.601  38.361 0.0000000000
53395  37.288  -23.931  37.618 0.0000000000
52453  37.348  -24.600  37.645 0.0000000000
46440  34.728  -29.109  45.307 0.0000000000
46456  34.790  -29.093  44.760 0.0000000000
50583  28.479  -25.149  35.791 0.0000000000
50581  29.225  -25.478  35.645 0.0000000000
50582  28.960  -25.097  34.893 0.0000000000
50595  29.639  -25.468  34.629 0.0000000000
58384  30.598  -18.478  34.415 0.0000000000
58395  29.849  -18.205  33.375 0.0000000000
75631  49.405  -0.169  17.911 0.0000000000
76466  48.822  0.507  17.240 0.0000000000
76467  47.887  0.472  17.364 0.0000000000
66281  37.932  -10.243  27.230 0.0000000000
65288  38.438  -11.031  26.972 0.0000000000
62389  35.707  -15.137  25.888 0.0000000000
61512  34.645  -15.983  26.371 0.0000000000
127722  39.569  -10.111  28.188 0.0000000000
67207  39.675  -9.530  28.732 0.0000000000
67208  38.936  -9.611  28.332 0.0000000000
44549  15.753  -32.270  38.372 0.0000000000
43659  15.519  -32.986  38.056 0.0000000000
42701  15.091  -33.382  38.727 0.0000000000
134122  27.673  -28.535  43.190 0.0000000000
141999  28.204  -28.350  42.554 0.0000000000
47547  27.121  -27.987  42.213 0.0000000000
49533  24.693  -26.481  38.876 0.0000000000
49548  24.458  -26.436  38.132 0.0000000000
50561  24.722  -26.015  37.520 0.0000000000
50573  24.111  -26.210  36.818 0.0000000000
50574  23.576  -26.201  36.018 0.0000000000
49560  23.288  -26.785  36.830 0.0000000000
54471  34.431  -22.777  31.871 0.0000000000
70112  44.094  -6.153  23.013 0.0000000000
71046  43.637  -5.911  22.335 0.0000000000
73922  43.804  -1.629  20.035 0.0000000000
46462  22.567  -29.415  44.533 0.0000000000
46463  21.784  -29.588  44.638 0.0000000000
46489  22.794  -28.967  43.696 0.0000000000
71901  41.003  -3.139  27.246 0.0000000000
120101  42.177  -3.849  26.270 0.0000000000
70985  42.430  -4.587  25.792 0.0000000000
47496  17.124  -29.076  44.471 0.0000000000
47523  16.666  -29.488  42.964 0.0000000000
47503  16.746  -29.291  43.845 0.0000000000
42651  14.106  -34.037  43.448 0.0000000000
41767  13.811  -34.665  42.315 0.0000000000
128056  12.443  -35.848  47.858 0.0000000000
39845  10.547  -37.327  41.894 0.0000000000
39859  10.360  -37.368  41.010 0.0000000000
57337  34.303  -19.888  37.317 0.0000000000
56425  34.436  -20.764  35.710 0.0000000000
136629  34.289  -20.916  35.056 0.0000000000
51579  36.519  -25.372  33.677 0.0000000000
52490  36.295  -24.622  33.250 0.0000000000
50607  35.818  -26.527  32.925 0.0000000000
48551  31.254  -27.377  41.062 0.0000000000
47601  32.244  -27.390  40.645 0.0000000000
135314  33.651  -27.391  36.806 0.0000000000
47639  34.897  -27.643  37.318 0.0000000000
47655  35.522  -27.595  37.028 0.0000000000
47656  35.086  -27.598  36.481 0.0000000000
47671  34.607  -27.490  35.972 0.0000000000
61418  34.775  -15.621  32.209 0.0000000000
61432  35.015  -15.467  31.391 0.0000000000
125384  34.344  -15.521  31.564 0.0000000000
65280  39.972  -11.775  28.014 0.0000000000
64318  39.004  -12.897  27.249 0.0000000000
64306  39.546  -13.038  27.785 0.0000000000
62368  38.281  -15.137  27.894 0.0000000000
62378  38.676  -14.424  27.536 0.0000000000
61495  37.466  -15.515  27.667 0.0000000000
62380  37.094  -15.193  26.835 0.0000000000
67182  41.860  -9.687  30.911 0.0000000000
64295  40.617  -12.704  29.001 0.0000000000
65265  40.462  -12.061  28.598 0.0000000000
46583  17.146  -29.677  38.371 0.0000000000
45540  17.249  -30.220  37.421 0.0000000000
45524  16.433  -30.466  38.960 0.0000000000
47622  21.698  -27.904  39.196 0.0000000000
48574  22.567  -27.588  39.629 0.0000000000
48588  22.271  -27.593  38.756 0.0000000000
48601  21.935  -27.679  37.807 0.0000000000
46617  19.520  -29.288  36.878 0.0000000000
70971  39.006  -5.359  29.886 0.0000000000
71889  38.752  -4.635  29.206 0.0000000000
70978  37.687  -4.729  28.034 0.0000000000
71902  38.572  -4.116  27.661 0.0000000000
121401  39.452  -3.583  27.323 0.0000000000
71914  38.913  -3.759  26.649 0.0000000000
71001  36.938  -4.597  25.519 0.0000000000
46421  16.562  -30.214  47.322 0.0000000000
45465  15.808  -30.595  45.873 0.0000000000
45444  15.856  -30.742  46.812 0.0000000000
44445  15.086  -32.520  46.417 0.0000000000
120636  14.125  -33.595  44.979 0.0000000000
42612  13.913  -33.839  45.792 0.0000000000
38685  10.770  -36.768  47.013 0.0000000000
38699  11.445  -36.480  46.778 0.0000000000
38716  10.183  -37.109  45.530 0.0000000000
130737  9.740  -37.499  44.211 0.0000000000
38746  9.878  -37.588  43.281 0.0000000000
37777  7.661  -38.548  43.958 0.0000000000
131701  7.765  -38.748  43.049 0.0000000000
36705  6.234  -39.040  44.603 0.0000000000
55417  37.010  -22.010  37.925 0.0000000000
55403  36.684  -21.353  38.276 0.0000000000
55418  36.440  -21.595  37.606 0.0000000000
55419  35.963  -21.192  37.182 0.0000000000
55431  36.266  -21.791  37.015 0.0000000000
54423  36.406  -22.344  36.647 0.0000000000
52478  37.027  -24.652  34.932 0.0000000000
49542  30.180  -25.878  38.121 0.0000000000
49570  30.538  -25.937  35.724 0.0000000000
48612  31.542  -26.292  36.660 0.0000000000
48611  32.354  -26.619  36.401 0.0000000000
135676  31.836  -26.385  35.985 0.0000000000
48625  32.096  -26.549  35.350 0.0000000000
49584  30.856  -26.368  33.686 0.0000000000
60384  32.460  -16.336  33.356 0.0000000000
60392  32.312  -16.073  32.509 0.0000000000
60393  31.437  -16.478  33.110 0.0000000000
59415  29.547  -17.127  31.273 0.0000000000
143828  49.344  1.254  16.357 0.0000000000
77361  49.305  1.624  15.837 0.0000000000
78281  49.701  2.142  15.318 0.0000000000
78282  49.073  1.861  14.963 0.0000000000
68180  36.778  -8.182  28.442 0.0000000000
67217  36.654  -8.914  27.770 0.0000000000
129849  36.371  -10.570  26.586 0.0000000000
129740  35.233  -10.697  26.245 0.0000000000
65298  34.778  -11.490  25.832 0.0000000000
142865  37.445  -12.060  26.151 0.0000000000
64323  37.286  -12.827  26.001 0.0000000000
62396  35.011  -14.498  25.361 0.0000000000
63327  34.960  -13.518  25.420 0.0000000000
64330  34.431  -12.542  25.516 0.0000000000
68151  41.428  -8.279  31.028 0.0000000000
69051  41.594  -7.510  31.585 0.0000000000
69080  39.902  -8.042  29.888 0.0000000000
70025  40.660  -6.932  30.776 0.0000000000
69069  40.050  -7.218  30.277 0.0000000000
70026  40.071  -6.401  30.481 0.0000000000
141770  39.598  -6.657  30.144 0.0000000000
70027  39.528  -5.957  30.205 0.0000000000
68175  37.503  -8.262  28.937 0.0000000000
69093  36.959  -7.322  28.931 0.0000000000
45486  31.086  -29.393  44.022 0.0000000000
46481  31.801  -29.268  43.754 0.0000000000
136289  31.098  -29.138  43.567 0.0000000000
47545  29.525  -28.377  42.190 0.0000000000
136184  30.082  -28.147  41.776 0.0000000000
47576  29.418  -27.907  41.584 0.0000000000
48571  25.781  -27.000  40.502 0.0000000000
49531  26.567  -26.321  39.161 0.0000000000
49520  26.930  -26.660  39.860 0.0000000000
49519  27.603  -26.556  39.872 0.0000000000
140967  27.977  -26.846  40.412 0.0000000000
49530  27.917  -26.058  39.150 0.0000000000
50571  26.829  -25.483  37.054 0.0000000000
51538  26.991  -24.970  36.267 0.0000000000
51552  26.232  -24.742  35.643 0.0000000000
48630  21.185  -28.500  35.768 0.0000000000
48613  21.894  -27.797  36.131 0.0000000000
70993  45.626  -5.958  25.164 0.0000000000
71044  45.435  -5.610  22.868 0.0000000000
71941  46.295  -5.461  23.078 0.0000000000
71953  45.863  -4.997  22.392 0.0000000000
71952  46.653  -4.826  22.570 0.0000000000
71062  42.984  -5.416  21.537 0.0000000000
71061  44.000  -5.184  21.873 0.0000000000
72973  44.474  -3.339  21.306 0.0000000000
124831  45.381  -3.034  21.431 0.0000000000
72962  46.012  -3.482  21.695 0.0000000000
73917  45.529  -2.226  21.028 0.0000000000
74791  45.372  -0.611  19.407 0.0000000000
142393  45.462  -1.102  20.010 0.0000000000
75618  46.261  -0.514  18.951 0.0000000000
142708  45.911  -0.026  18.464 0.0000000000
46550  20.910  -28.566  41.827 0.0000000000
130372  20.119  -28.382  41.397 0.0000000000
139608  20.795  -28.659  42.660 0.0000000000
121035  20.450  -29.274  44.264 0.0000000000
46464  19.627  -29.201  44.629 0.0000000000
46493  18.720  -28.921  44.028 0.0000000000
45463  21.536  -29.820  46.156 0.0000000000
45442  20.055  -29.708  46.658 0.0000000000
46431  19.101  -29.534  46.533 0.0000000000
129386  31.589  -29.534  45.158 0.0000000000
131440  28.252  -29.126  44.100 0.0000000000
46487  24.839  -28.757  44.321 0.0000000000
46520  25.198  -28.471  43.834 0.0000000000
46519  25.978  -28.394  43.649 0.0000000000
47520  24.002  -28.188  42.926 0.0000000000
46523  22.050  -28.746  42.927 0.0000000000
46548  22.548  -28.434  42.224 0.0000000000
46549  21.704  -28.580  41.987 0.0000000000
46557  21.344  -28.488  41.113 0.0000000000
68190  35.012  -8.484  26.400 0.0000000000
70995  43.646  -5.692  25.570 0.0000000000
71012  42.768  -5.849  25.076 0.0000000000
70102  42.944  -6.308  24.443 0.0000000000
128870  42.348  -6.120  24.448 0.0000000000
71926  39.526  -3.790  25.484 0.0000000000
70117  40.429  -5.295  22.926 0.0000000000
71028  40.452  -4.980  23.622 0.0000000000
70130  40.775  -5.693  22.406 0.0000000000
47585  18.222  -28.746  40.706 0.0000000000
47554  18.269  -28.855  41.463 0.0000000000
46527  16.278  -30.029  42.145 0.0000000000
46526  16.759  -29.716  41.485 0.0000000000
46553  16.116  -30.507  41.360 0.0000000000
45514  15.977  -30.879  40.515 0.0000000000
45505  15.468  -31.512  41.288 0.0000000000
141206  15.364  -31.324  44.395 0.0000000000
45484  15.587  -30.760  43.764 0.0000000000
44450  15.077  -31.951  43.594 0.0000000000
43592  14.700  -32.914  42.272 0.0000000000
44471  14.929  -32.204  42.580 0.0000000000
43615  14.765  -32.975  41.471 0.0000000000
126372  15.069  -32.408  40.940 0.0000000000
134695  14.591  -33.552  40.562 0.0000000000
41785  13.667  -35.165  40.974 0.0000000000
41784  14.146  -34.624  40.487 0.0000000000
40841  13.409  -35.596  40.069 0.0000000000
41731  13.307  -35.008  46.707 0.0000000000
40782  13.325  -35.056  45.899 0.0000000000
134991  13.506  -34.682  45.518 0.0000000000
40790  13.392  -35.064  45.156 0.0000000000
38714  11.408  -36.494  45.563 0.0000000000
39811  11.888  -36.285  45.234 0.0000000000
39843  11.955  -36.689  42.826 0.0000000000
39831  12.490  -36.181  43.950 0.0000000000
40808  12.925  -35.947  43.425 0.0000000000
40819  12.920  -35.973  42.534 0.0000000000
39857  12.425  -36.428  42.217 0.0000000000
37732  5.896  -38.387  46.088 0.0000000000
37714  5.656  -37.985  46.887 0.0000000000
37733  5.099  -38.268  45.984 0.0000000000
61417  35.883  -15.580  32.703 0.0000000000
60383  33.351  -16.240  33.630 0.0000000000
60372  33.518  -16.544  34.604 0.0000000000
59379  31.885  -17.358  35.854 0.0000000000
59380  31.394  -17.676  35.427 0.0000000000
126996  31.029  -17.552  34.760 0.0000000000
58370  31.380  -18.169  35.683 0.0000000000
57322  33.433  -18.681  38.178 0.0000000000
58335  32.432  -18.213  37.396 0.0000000000
57350  33.154  -19.779  36.006 0.0000000000
57351  32.197  -18.984  36.470 0.0000000000
56436  32.291  -20.120  34.495 0.0000000000
55453  34.459  -21.399  34.394 0.0000000000
55454  33.774  -21.166  33.927 0.0000000000
54433  35.747  -22.333  35.006 0.0000000000
54470  35.292  -23.207  32.460 0.0000000000
51593  35.035  -26.354  31.339 0.0000000000
50640  34.586  -26.752  30.682 0.0000000000
46511  33.015  -28.839  43.209 0.0000000000
47540  34.063  -28.394  41.552 0.0000000000
46538  34.330  -28.572  42.310 0.0000000000
47539  34.854  -28.598  41.336 0.0000000000
120808  35.670  -28.759  41.223 0.0000000000
47570  35.284  -28.676  40.446 0.0000000000
48582  32.632  -27.137  39.526 0.0000000000
47621  33.548  -27.505  39.260 0.0000000000
126119  35.246  -27.846  38.252 0.0000000000
47596  36.149  -28.577  39.857 0.0000000000
47616  36.372  -28.178  39.363 0.0000000000
48565  36.890  -27.950  39.666 0.0000000000
48580  36.631  -27.599  38.839 0.0000000000
48594  36.632  -27.021  37.350 0.0000000000
49528  36.871  -26.971  38.224 0.0000000000
49554  37.213  -26.331  37.049 0.0000000000
50557  37.349  -25.854  37.695 0.0000000000
50566  37.596  -25.858  36.769 0.0000000000
50567  37.409  -26.424  36.166 0.0000000000
49569  35.927  -27.873  34.946 0.0000000000
49581  36.215  -27.389  34.532 0.0000000000
49582  35.653  -27.609  34.210 0.0000000000
48639  33.891  -27.233  34.808 0.0000000000
119009  33.206  -27.257  34.047 0.0000000000
49595  34.602  -27.471  33.263 0.0000000000
61429  37.793  -15.227  31.146 0.0000000000
61448  37.677  -15.416  30.261 0.0000000000
120032  34.811  -15.463  30.029 0.0000000000
61467  35.461  -15.690  29.759 0.0000000000
61468  34.852  -15.654  29.258 0.0000000000
61485  34.164  -15.482  28.770 0.0000000000
61486  31.938  -15.233  28.265 0.0000000000
79156  52.028  3.244  13.771 0.0000000000
79178  52.096  3.339  12.911 0.0000000000
79164  53.034  3.266  13.446 0.0000000000
76479  46.523  0.857  16.570 0.0000000000
76483  46.364  0.700  15.747 0.0000000000
63303  39.747  -13.466  28.232 0.0000000000
62366  39.533  -14.191  28.567 0.0000000000
61481  38.370  -15.275  28.790 0.0000000000
46597  18.891  -29.338  37.375 0.0000000000
132810  18.202  -28.912  38.571 0.0000000000
46569  17.567  -29.071  39.077 0.0000000000
47583  22.395  -28.077  40.867 0.0000000000
47623  21.048  -28.348  38.542 0.0000000000
46596  19.743  -28.917  37.932 0.0000000000
133759  36.177  -5.146  25.876 0.0000000000
138511  37.772  -5.774  29.213 0.0000000000
70975  38.035  -5.088  28.853 0.0000000000
70976  37.296  -5.503  28.744 0.0000000000
71916  37.076  -4.773  27.246 0.0000000000
70986  36.601  -4.924  26.494 0.0000000000
45405  16.212  -30.999  48.595 0.0000000000
45424  15.456  -31.635  47.104 0.0000000000
44440  15.554  -31.750  48.011 0.0000000000
38733  8.842  -37.787  44.380 0.0000000000
37763  8.142  -38.147  44.425 0.0000000000
126102  7.143  -38.787  44.178 0.0000000000
54411  37.083  -22.716  37.607 0.0000000000
126424  36.846  -22.727  36.984 0.0000000000
53396  37.072  -23.434  37.119 0.0000000000
53406  37.237  -24.165  37.018 0.0000000000
50558  28.997  -25.622  37.353 0.0000000000
49543  29.746  -25.709  37.155 0.0000000000
50568  29.233  -25.616  36.527 0.0000000000
49558  29.980  -25.739  36.223 0.0000000000
124318  30.757  -26.097  34.795 0.0000000000
130944  29.922  -25.593  33.563 0.0000000000
59389  30.890  -17.125  34.052 0.0000000000
59397  30.385  -16.968  33.152 0.0000000000
59398  30.196  -17.606  33.736 0.0000000000
128977  29.868  -17.539  33.060 0.0000000000
74788  48.290  -1.437  19.280 0.0000000000
119578  48.684  -1.826  19.765 0.0000000000
75616  48.921  -1.365  19.176 0.0000000000
76475  50.384  0.652  17.021 0.0000000000
76476  49.462  0.891  16.811 0.0000000000
77352  48.721  1.125  16.352 0.0000000000
66282  37.301  -9.610  27.559 0.0000000000
65296  36.970  -11.359  26.246 0.0000000000
63319  36.955  -13.766  25.920 0.0000000000
67196  40.358  -9.469  29.143 0.0000000000
68161  40.493  -8.786  29.752 0.0000000000
68162  39.746  -8.843  29.371 0.0000000000
68163  39.119  -8.141  29.565 0.0000000000
67209  38.219  -8.996  28.636 0.0000000000
44548  16.312  -31.750  37.793 0.0000000000
42714  15.013  -34.110  37.934 0.0000000000
46516  29.093  -28.830  43.376 0.0000000000
46515  29.886  -28.882  43.231 0.0000000000
136007  28.679  -28.358  42.425 0.0000000000
48586  24.087  -26.893  39.502 0.0000000000
48585  25.145  -26.642  39.777 0.0000000000
49532  25.665  -26.319  39.061 0.0000000000
49546  26.200  -25.999  38.373 0.0000000000
129617  27.200  -25.980  38.464 0.0000000000
141500  25.101  -25.691  37.167 0.0000000000
50572  25.217  -25.483  36.694 0.0000000000
51553  25.294  -25.102  35.838 0.0000000000
50584  24.442  -25.672  36.095 0.0000000000
55479  32.933  -21.788  32.250 0.0000000000
71011  44.335  -6.366  24.285 0.0000000000
72975  42.903  -3.659  20.398 0.0000000000
73918  44.454  -2.079  20.759 0.0000000000
132652  44.581  -0.945  19.718 0.0000000000
75619  44.467  -0.531  18.842 0.0000000000
121820  21.316  -28.877  43.214 0.0000000000
46491  21.184  -29.309  43.990 0.0000000000
122752  24.116  -28.876  44.218 0.0000000000
46521  23.496  -28.547  43.281 0.0000000000
143337  23.165  -28.721  43.433 0.0000000000
70984  43.085  -4.392  26.217 0.0000000000
70997  42.206  -5.108  25.339 0.0000000000
71014  40.014  -4.507  24.133 0.0000000000
47521  17.587  -29.111  42.581 0.0000000000
119731  17.511  -29.223  41.773 0.0000000000
131320  15.893  -30.378  42.901 0.0000000000
43547  14.788  -32.873  44.014 0.0000000000
42650  14.433  -33.484  42.828 0.0000000000
42666  14.503  -33.506  42.017 0.0000000000
42691  14.346  -34.037  40.959 0.0000000000
42680  14.274  -34.085  41.770 0.0000000000
40817  13.656  -35.019  41.817 0.0000000000
140151  13.012  -35.351  46.971 0.0000000000
39809  12.728  -35.721  45.923 0.0000000000
39822  11.394  -36.754  44.190 0.0000000000
39833  11.364  -36.969  43.368 0.0000000000
124673  11.888  -36.841  41.986 0.0000000000
39858  11.212  -37.050  41.304 0.0000000000
60349  33.397  -16.930  35.613 0.0000000000
59359  32.571  -17.156  36.248 0.0000000000
59360  32.138  -17.552  36.683 0.0000000000
57336  34.884  -19.966  37.865 0.0000000000
57320  34.735  -19.429  38.655 0.0000000000
123181  34.128  -19.358  38.074 0.0000000000
127333  33.538  -19.282  37.504 0.0000000000
56427  33.082  -20.224  35.013 0.0000000000
56426  33.801  -20.456  35.408 0.0000000000
130090  36.601  -23.883  34.625 0.0000000000
53427  36.109  -23.367  33.960 0.0000000000
53434  36.390  -24.038  33.753 0.0000000000
47542  32.263  -28.187  42.048 0.0000000000
47572  33.882  -28.188  40.829 0.0000000000
47641  33.521  -27.348  38.093 0.0000000000
47620  34.209  -27.678  38.546 0.0000000000
129203  34.735  -27.716  38.136 0.0000000000
47637  35.781  -27.815  38.302 0.0000000000
48581  36.171  -27.733  38.463 0.0000000000
141908  36.140  -27.580  37.973 0.0000000000
48607  36.587  -27.302  36.580 0.0000000000
49556  36.968  -27.215  35.986 0.0000000000
48620  36.149  -27.909  35.727 0.0000000000
48621  35.626  -27.814  35.445 0.0000000000
48657  31.900  -26.982  33.475 0.0000000000
48656  32.352  -27.418  32.981 0.0000000000
48674  32.967  -27.686  32.005 0.0000000000
48675  32.118  -27.873  31.808 0.0000000000
126524  35.827  -15.466  31.196 0.0000000000
60422  30.862  -15.819  29.782 0.0000000000
61453  31.653  -15.392  29.760 0.0000000000
138060  51.025  3.004  14.714 0.0000000000
65281  39.272  -11.382  27.457 0.0000000000
130331  38.769  -11.969  26.980 0.0000000000
63304  39.250  -13.800  27.729 0.0000000000
62387  37.352  -14.429  26.393 0.0000000000
61510  36.219  -15.556  26.636 0.0000000000
61497  35.704  -16.061  27.332 0.0000000000
134199  41.590  -9.109  30.735 0.0000000000
140735  41.480  -10.778  29.854 0.0000000000
66248  41.166  -10.152  29.510 0.0000000000
133167  40.770  -10.006  29.138 0.0000000000
66267  39.803  -10.851  27.990 0.0000000000
45574  17.164  -31.641  36.455 0.0000000000
45556  16.813  -31.192  37.194 0.0000000000
44528  15.493  -32.141  39.364 0.0000000000
47549  25.501  -27.913  42.567 0.0000000000
47548  26.272  -27.881  42.383 0.0000000000
47580  25.288  -27.613  41.854 0.0000000000
48557  24.649  -27.425  41.207 0.0000000000
47603  22.903  -27.693  40.467 0.0000000000
48573  23.494  -27.325  40.044 0.0000000000
135781  23.312  -27.014  37.690 0.0000000000
49549  22.672  -27.335  37.334 0.0000000000
48614  21.435  -28.046  36.917 0.0000000000
126554  20.719  -28.575  36.782 0.0000000000
70128  42.243  -6.162  22.646 0.0000000000
71047  42.677  -6.016  22.065 0.0000000000
45481  22.331  -29.672  45.321 0.0000000000
45461  23.135  -29.618  46.288 0.0000000000
72874  39.681  -3.684  29.838 0.0000000000
71887  40.011  -3.369  27.803 0.0000000000
124034  41.119  -3.611  26.318 0.0000000000
71913  40.017  -3.530  26.342 0.0000000000
71000  38.687  -4.074  25.133 0.0000000000
125820  37.843  -4.253  25.593 0.0000000000
125491  37.937  -4.351  23.756 0.0000000000
46445  16.314  -29.821  45.607 0.0000000000
143753  16.302  -29.717  45.043 0.0000000000
45466  15.425  -31.382  45.227 0.0000000000
44447  15.126  -32.349  45.492 0.0000000000
43548  14.691  -32.988  44.845 0.0000000000
42632  14.077  -33.916  44.264 0.0000000000
41752  13.733  -34.514  44.187 0.0000000000
38715  10.827  -36.755  45.408 0.0000000000
137787  10.933  -36.835  44.664 0.0000000000
38731  10.656  -37.191  43.947 0.0000000000
38762  9.850  -37.564  42.288 0.0000000000
38781  8.650  -38.388  42.011 0.0000000000
56394  36.316  -20.731  38.583 0.0000000000
56395  35.613  -20.155  38.460 0.0000000000
56407  35.424  -20.661  37.600 0.0000000000
56416  35.311  -20.927  36.810 0.0000000000
130921  35.112  -21.118  36.004 0.0000000000
53408  36.778  -23.033  36.357 0.0000000000
53419  36.606  -23.436  35.556 0.0000000000
133684  30.808  -26.600  39.840 0.0000000000
141693  31.362  -26.595  39.452 0.0000000000
131125  31.939  -26.617  39.044 0.0000000000
48599  31.087  -26.216  37.588 0.0000000000
121751  32.895  -27.006  37.296 0.0000000000
47673  33.387  -27.222  35.926 0.0000000000
47672  33.966  -27.383  35.802 0.0000000000
48624  32.830  -26.915  35.566 0.0000000000
60401  32.992  -15.748  31.920 0.0000000000
60402  32.060  -15.771  31.698 0.0000000000
60403  31.097  -16.049  31.532 0.0000000000
60394  30.691  -16.449  32.338 0.0000000000
124927  30.550  -16.097  30.641 0.0000000000
141635  30.162  -16.343  29.830 0.0000000000
77359  51.142  2.010  15.891 0.0000000000
77350  50.782  1.395  16.464 0.0000000000
78280  50.468  2.567  15.215 0.0000000000
78292  49.706  2.324  14.602 0.0000000000
69109  36.332  -7.196  28.302 0.0000000000
67223  35.847  -8.840  27.102 0.0000000000
66294  36.384  -9.683  27.116 0.0000000000
136104  35.592  -10.000  26.656 0.0000000000
129077  37.946  -11.606  26.479 0.0000000000
64324  36.319  -12.934  25.735 0.0000000000
64325  35.567  -12.191  25.756 0.0000000000
69068  40.684  -7.957  30.449 0.0000000000
70964  39.493  -5.169  30.367 0.0000000000
70045  38.065  -6.480  29.528 0.0000000000
69082  38.531  -7.344  29.680 0.0000000000
70060  37.309  -6.426  29.210 0.0000000000
45470  32.955  -29.436  44.568 0.0000000000
46458  33.630  -29.387  44.308 0.0000000000
136983  32.412  -29.399  44.214 0.0000000000
46480  32.622  -29.184  43.725 0.0000000000
46512  32.197  -28.880  43.241 0.0000000000
46543  30.102  -28.669  42.704 0.0000000000
46542  30.921  -28.598  42.736 0.0000000000
47543  31.323  -28.263  42.205 0.0000000000
120907  30.842  -27.956  41.721 0.0000000000
47575  30.230  -27.517  41.242 0.0000000000
47579  26.346  -27.606  41.718 0.0000000000
47578  27.217  -27.699  41.581 0.0000000000
123749  27.950  -27.694  41.456 0.0000000000
48570  26.696  -27.015  40.463 0.0000000000
48554  27.294  -27.372  40.970 0.0000000000
127687  27.970  -27.280  40.889 0.0000000000
48568  28.758  -26.957  40.636 0.0000000000
48567  29.894  -26.804  40.485 0.0000000000
49518  29.238  -26.396  39.958 0.0000000000
49529  29.054  -25.793  39.052 0.0000000000
50559  28.419  -25.566  37.074 0.0000000000
50570  27.835  -25.284  36.626 0.0000000000
51551  27.762  -24.914  35.869 0.0000000000
51550  28.169  -24.646  35.094 0.0000000000
49561  22.541  -27.299  36.425 0.0000000000
49573  22.389  -27.305  35.359 0.0000000000
56437  31.503  -19.971  33.982 0.0000000000
72961  46.882  -3.648  21.713 0.0000000000
119028  45.374  -4.473  22.015 0.0000000000
72960  47.654  -3.433  21.596 0.0000000000
73907  47.180  -3.036  21.168 0.0000000000
73915  47.529  -2.543  20.687 0.0000000000
74780  47.029  -2.000  19.988 0.0000000000
74781  46.074  -1.710  20.373 0.0000000000
74789  47.082  -1.301  19.312 0.0000000000
75617  47.238  -0.685  18.695 0.0000000000
75633  47.556  -0.070  18.055 0.0000000000
46559  19.771  -28.394  40.421 0.0000000000
142341  19.668  -28.494  41.760 0.0000000000
46552  19.153  -28.738  42.087 0.0000000000
140567  20.342  -28.633  42.791 0.0000000000
46524  19.773  -28.682  42.863 0.0000000000
46525  18.685  -28.864  42.967 0.0000000000
47495  17.912  -28.899  44.457 0.0000000000
47489  17.616  -29.032  45.217 0.0000000000
45482  21.651  -29.764  45.448 0.0000000000
45483  21.035  -29.798  45.663 0.0000000000
45441  20.739  -29.926  47.030 0.0000000000
45464  20.451  -29.660  45.936 0.0000000000
46442  19.579  -29.394  45.717 0.0000000000
46443  18.390  -29.199  45.964 0.0000000000
46444  17.167  -29.295  46.122 0.0000000000
46433  17.105  -29.681  46.943 0.0000000000
45422  16.843  -30.336  48.161 0.0000000000
45404  17.129  -30.422  48.946 0.0000000000
46429  34.085  -29.368  45.701 0.0000000000
45450  33.786  -29.442  45.475 0.0000000000
45471  32.342  -29.494  44.784 0.0000000000
45487  30.337  -29.374  44.259 0.0000000000
45473  30.228  -29.467  44.904 0.0000000000
46483  29.702  -29.155  43.825 0.0000000000
46517  28.324  -28.832  43.554 0.0000000000
46518  26.868  -28.448  43.434 0.0000000000
47518  26.152  -28.193  43.005 0.0000000000
47550  24.579  -27.874  42.367 0.0000000000
46547  23.238  -28.381  42.722 0.0000000000
47552  22.709  -28.185  41.518 0.0000000000
125108  35.190  -7.564  26.412 0.0000000000
70981  45.214  -5.648  25.825 0.0000000000
70994  44.611  -6.116  25.274 0.0000000000
70983  43.591  -5.109  26.082 0.0000000000
70101  43.473  -6.419  23.983 0.0000000000
71924  41.474  -4.781  24.968 0.0000000000
142847  40.582  -4.771  24.114 0.0000000000
118769  41.172  -5.144  24.188 0.0000000000
70103  41.739  -5.919  23.978 0.0000000000
70129  41.452  -5.979  22.247 0.0000000000
47606  18.731  -28.529  40.122 0.0000000000
47586  17.662  -28.952  39.927 0.0000000000
124265  16.945  -29.581  40.135 0.0000000000
45513  16.426  -30.271  39.868 0.0000000000
45525  15.903  -31.154  39.599 0.0000000000
142696  15.995  -30.173  44.200 0.0000000000
130429  15.198  -31.663  42.082 0.0000000000
136217  15.152  -32.504  40.167 0.0000000000
43649  15.084  -32.909  39.588 0.0000000000
42690  14.761  -33.429  39.787 0.0000000000
41794  14.364  -34.652  39.419 0.0000000000
41807  14.171  -35.349  38.606 0.0000000000
42596  13.728  -34.104  46.509 0.0000000000
128024  13.630  -34.339  45.837 0.0000000000
141640  13.542  -34.695  44.889 0.0000000000
40798  13.527  -35.043  43.889 0.0000000000
39796  12.369  -35.996  46.430 0.0000000000
39810  12.350  -36.002  45.589 0.0000000000
39821  11.933  -36.371  44.448 0.0000000000
39820  12.403  -36.046  44.749 0.0000000000
39819  12.767  -35.731  45.083 0.0000000000
40799  13.238  -35.419  44.592 0.0000000000
40807  13.262  -35.536  43.688 0.0000000000
40806  13.505  -35.088  43.054 0.0000000000
40830  13.351  -35.540  41.881 0.0000000000
40832  12.746  -36.125  40.309 0.0000000000
134414  6.554  -38.515  46.197 0.0000000000
126422  6.068  -38.743  45.320 0.0000000000
141824  39.171  -15.021  30.649 0.0000000000
141280  35.328  -15.617  32.454 0.0000000000
60390  34.203  -15.978  32.997 0.0000000000
141618  32.318  -17.645  37.136 0.0000000000
57339  32.425  -18.653  37.135 0.0000000000
58355  32.068  -18.376  36.969 0.0000000000
58356  31.745  -18.294  36.431 0.0000000000
126245  31.133  -18.653  35.006 0.0000000000
56446  32.227  -20.773  33.472 0.0000000000
55466  33.175  -21.429  33.216 0.0000000000
120195  35.220  -21.881  34.686 0.0000000000
143402  35.133  -23.391  31.652 0.0000000000
53448  35.237  -23.870  31.117 0.0000000000
52511  35.311  -24.664  30.588 0.0000000000
52447  37.497  -24.399  38.566 0.0000000000
119753  34.456  -29.213  44.219 0.0000000000
46478  34.140  -29.172  43.635 0.0000000000
46477  34.968  -28.906  43.528 0.0000000000
46539  33.504  -28.517  42.489 0.0000000000
46509  34.601  -28.816  42.976 0.0000000000
46508  35.673  -28.693  43.072 0.0000000000
47567  37.178  -28.220  41.700 0.0000000000
47600  33.069  -27.507  40.178 0.0000000000
127361  34.229  -27.882  39.343 0.0000000000
47598  34.577  -28.257  39.817 0.0000000000
121339  35.103  -28.545  39.909 0.0000000000
143025  35.830  -28.721  40.323 0.0000000000
48549  37.412  -27.756  41.127 0.0000000000
48564  37.371  -27.549  40.089 0.0000000000
49527  37.335  -26.546  38.798 0.0000000000
50550  37.627  -25.435  39.432 0.0000000000
141070  37.487  -25.326  38.901 0.0000000000
51531  37.432  -24.883  38.490 0.0000000000
51536  37.581  -25.310  36.791 0.0000000000
51547  37.689  -25.198  36.087 0.0000000000
50579  37.136  -26.731  35.331 0.0000000000
126428  37.468  -26.092  35.512 0.0000000000
51549  37.156  -26.093  34.816 0.0000000000
51566  36.668  -26.105  34.103 0.0000000000
48623  34.404  -27.383  35.355 0.0000000000
48638  34.494  -27.472  34.583 0.0000000000
49583  34.893  -27.652  33.993 0.0000000000
49594  35.364  -27.292  33.397 0.0000000000
49638  33.393  -27.547  30.948 0.0000000000
133399  33.981  -27.087  31.081 0.0000000000
61464  38.411  -15.291  29.660 0.0000000000
61465  37.690  -15.635  29.405 0.0000000000
139038  37.114  -15.996  29.134 0.0000000000
120752  36.085  -15.605  30.294 0.0000000000
61466  36.285  -16.036  29.272 0.0000000000
61483  36.886  -16.092  28.396 0.0000000000
61484  36.017  -16.167  28.274 0.0000000000
61498  34.829  -16.043  27.143 0.0000000000
61433  33.632  -15.465  31.336 0.0000000000
61451  33.419  -15.302  30.457 0.0000000000
61470  32.252  -15.208  29.193 0.0000000000
130664  33.186  -15.220  29.547 0.0000000000
141575  33.656  -15.286  29.139 0.0000000000
119255  34.091  -15.763  27.792 0.0000000000
60462  33.896  -15.992  26.758 0.0000000000
76478  47.372  0.853  16.686 0.0000000000
77353  47.813  1.122  16.075 0.0000000000
77363  47.510  1.030  15.302 0.0000000000
39783  12.423  -35.934  47.224 0.0000000000
40783  13.033  -35.408  46.277 0.0000000000
45452  32.406  -29.543  45.466 0.0000000000
45469  33.437  -29.478  45.009 0.0000000000
46466  16.388  -29.617  44.482 0.0000000000
46479  32.988  -29.324  44.123 0.0000000000
46488  23.565  -28.814  43.781 0.0000000000
46514  30.641  -28.869  43.186 0.0000000000
46541  31.771  -28.534  42.727 0.0000000000
47568  36.856  -28.500  41.085 0.0000000000
47618  35.309  -28.309  39.151 0.0000000000
48550  37.130  -28.184  40.497 0.0000000000
48553  28.665  -27.583  41.272 0.0000000000
48596  35.917  -27.536  37.318 0.0000000000
48608  36.557  -27.657  36.003 0.0000000000
49540  37.148  -26.367  37.945 0.0000000000
49541  36.900  -26.674  37.398 0.0000000000
50596  29.353  -25.189  34.023 0.0000000000
51523  37.565  -24.987  39.171 0.0000000000
51524  37.417  -25.339  38.344 0.0000000000
51532  37.424  -25.153  37.770 0.0000000000
51548  37.358  -25.403  35.368 0.0000000000
59404  29.503  -17.994  32.562 0.0000000000
62352  39.685  -14.457  29.407 0.0000000000
65279  40.450  -11.249  28.561 0.0000000000
67195  40.969  -9.488  29.576 0.0000000000
68150  41.797  -8.902  31.547 0.0000000000
74795  47.737  -1.257  19.100 0.0000000000
122374  32.879  -29.514  45.082 0.0000000000
127462  36.215  -27.536  36.511 0.0000000000
129574  36.480  -27.327  38.061 0.0000000000
134445  22.780  -29.638  45.924 0.0000000000
136350  27.748  -28.318  42.638 0.0000000000
137455  37.201  -28.244  41.092 0.0000000000
137951  25.772  -25.660  37.476 0.0000000000
139372  30.185  -18.222  33.996 0.0000000000
139640  14.449  -33.424  44.338 0.0000000000
140747  33.135  -27.228  38.825 0.0000000000
142680  34.282  -29.321  45.297 0.0000000000
143081  35.236  -28.759  42.824 0.0000000000
143538  29.608  -25.639  35.929 0.0000000000
