#!ascii label  , from subject sub-v1s0x0050642_ses-1 vox2ras=TkReg
1120
121428  34.595  -28.036  30.238 0.0000000000
69203  41.461  -7.523  19.399 0.0000000000
59501  34.525  -17.564  24.314 0.0000000000
39907  13.366  -37.586  38.125 0.0000000000
51550  28.169  -24.646  35.094 0.0000000000
128500  33.004  -11.833  24.873 0.0000000000
45588  18.476  -31.426  34.714 0.0000000000
39937  17.275  -37.283  36.637 0.0000000000
48681  22.697  -28.268  32.454 0.0000000000
70170  45.810  -6.194  19.722 0.0000000000
53443  34.684  -23.238  30.980 0.0000000000
133246  33.303  -20.870  30.554 0.0000000000
51606  37.807  -25.635  31.417 0.0000000000
73000  42.611  -3.270  18.754 0.0000000000
73932  46.142  -2.875  15.683 0.0000000000
71049  37.801  -4.922  22.407 0.0000000000
67279  39.406  -9.757  22.658 0.0000000000
67266  35.170  -9.681  23.260 0.0000000000
62407  38.774  -14.763  24.788 0.0000000000
45630  32.025  -31.308  32.579 0.0000000000
34884  11.339  -42.534  41.459 0.0000000000
35770  7.146  -41.823  41.665 0.0000000000
36723  4.976  -40.172  43.726 0.0000000000
125074  31.058  -27.857  31.381 0.0000000000
142501  27.689  -28.011  32.200 0.0000000000
133948  30.153  -17.739  28.188 0.0000000000
58438  36.006  -18.331  30.342 0.0000000000
77371  49.461  1.444  13.476 0.0000000000
69200  43.862  -7.401  19.453 0.0000000000
138069  43.585  -8.810  21.086 0.0000000000
51632  35.343  -25.882  30.113 0.0000000000
52528  36.062  -24.448  29.427 0.0000000000
49658  36.567  -27.077  30.714 0.0000000000
71071  41.214  -5.476  20.508 0.0000000000
71967  43.207  -4.505  21.065 0.0000000000
71082  41.957  -5.467  18.860 0.0000000000
71094  43.823  -5.053  17.891 0.0000000000
33928  3.552  -43.242  45.188 0.0000000000
69163  35.048  -7.483  22.264 0.0000000000
69141  34.427  -7.637  24.610 0.0000000000
62426  33.923  -14.762  23.559 0.0000000000
63343  35.551  -13.500  22.992 0.0000000000
61529  37.243  -15.882  24.165 0.0000000000
59478  37.563  -17.903  26.719 0.0000000000
39925  14.928  -37.567  37.138 0.0000000000
122725  16.876  -39.351  38.886 0.0000000000
37826  14.525  -39.955  38.934 0.0000000000
35781  13.717  -42.138  41.080 0.0000000000
36799  12.462  -39.720  39.072 0.0000000000
36768  8.310  -39.734  41.217 0.0000000000
36739  6.033  -40.395  42.948 0.0000000000
50608  29.908  -25.923  32.371 0.0000000000
48719  28.827  -28.013  30.634 0.0000000000
51609  27.281  -25.413  31.077 0.0000000000
44605  22.102  -32.085  33.916 0.0000000000
46640  24.481  -30.425  34.579 0.0000000000
55478  36.448  -20.995  31.878 0.0000000000
57390  33.961  -19.120  31.504 0.0000000000
67225  34.442  -9.394  26.017 0.0000000000
62397  34.401  -14.688  25.079 0.0000000000
123304  33.293  -16.508  24.711 0.0000000000
43695  19.455  -33.485  34.196 0.0000000000
42725  19.026  -35.250  36.878 0.0000000000
42741  17.529  -34.458  35.097 0.0000000000
42726  15.613  -34.326  36.898 0.0000000000
41807  14.171  -35.349  38.606 0.0000000000
139707  24.472  -24.775  33.339 0.0000000000
50586  22.568  -26.846  34.352 0.0000000000
139765  20.817  -30.556  33.014 0.0000000000
55467  32.430  -21.385  32.679 0.0000000000
56472  31.036  -20.956  31.445 0.0000000000
54496  33.876  -22.213  30.418 0.0000000000
54493  37.153  -22.689  30.400 0.0000000000
76480  45.725  0.429  16.273 0.0000000000
141517  44.204  -2.667  16.657 0.0000000000
72013  46.389  -4.452  17.407 0.0000000000
131749  38.985  -6.103  20.778 0.0000000000
67308  40.409  -9.380  20.413 0.0000000000
67311  37.955  -8.804  20.718 0.0000000000
67281  37.045  -9.679  22.583 0.0000000000
66315  37.986  -10.077  24.726 0.0000000000
66327  33.228  -10.642  24.097 0.0000000000
64337  36.299  -11.792  23.889 0.0000000000
46682  33.608  -30.099  31.358 0.0000000000
122068  35.910  -29.490  32.254 0.0000000000
70117  40.429  -5.295  22.926 0.0000000000
39891  11.248  -37.365  39.574 0.0000000000
36785  10.111  -40.258  40.007 0.0000000000
35785  9.183  -41.636  40.806 0.0000000000
33951  8.166  -43.862  43.126 0.0000000000
33953  6.380  -43.599  42.821 0.0000000000
34863  4.865  -42.664  43.019 0.0000000000
35759  3.384  -41.410  43.784 0.0000000000
37765  2.798  -39.222  44.092 0.0000000000
48715  32.574  -28.470  30.517 0.0000000000
47738  31.356  -29.588  30.794 0.0000000000
46653  29.623  -30.395  32.926 0.0000000000
49618  24.761  -26.894  32.473 0.0000000000
58510  32.486  -18.591  26.167 0.0000000000
57404  30.622  -19.854  29.674 0.0000000000
120407  33.227  -18.933  28.691 0.0000000000
119419  35.725  -18.852  27.574 0.0000000000
48652  37.835  -27.947  33.146 0.0000000000
76492  51.067  0.693  12.431 0.0000000000
75646  47.431  -0.542  14.263 0.0000000000
74815  49.833  -1.521  13.419 0.0000000000
69202  42.146  -7.366  19.087 0.0000000000
122368  43.536  -8.000  19.756 0.0000000000
68292  41.942  -8.396  19.588 0.0000000000
49661  34.517  -27.222  30.150 0.0000000000
50670  35.585  -25.844  29.895 0.0000000000
48713  35.455  -27.956  30.495 0.0000000000
70159  40.867  -5.990  19.645 0.0000000000
71083  41.317  -5.595  19.376 0.0000000000
70175  41.398  -6.656  19.269 0.0000000000
70181  43.064  -6.676  18.728 0.0000000000
34841  2.822  -42.746  45.464 0.0000000000
70092  35.036  -6.455  25.015 0.0000000000
69127  35.157  -6.852  25.915 0.0000000000
60526  34.311  -16.335  23.562 0.0000000000
61544  34.926  -15.894  23.195 0.0000000000
60506  35.577  -16.820  24.078 0.0000000000
59485  37.299  -17.228  25.652 0.0000000000
59486  36.450  -17.612  25.499 0.0000000000
133185  14.251  -37.998  37.626 0.0000000000
38815  14.627  -38.727  37.955 0.0000000000
37846  13.964  -39.221  38.401 0.0000000000
37827  13.538  -39.898  38.966 0.0000000000
38817  12.367  -38.688  38.695 0.0000000000
50609  29.391  -25.173  32.999 0.0000000000
50624  29.144  -25.445  31.715 0.0000000000
51581  27.791  -23.831  32.922 0.0000000000
125836  21.607  -32.873  35.248 0.0000000000
58410  29.726  -18.880  32.793 0.0000000000
56456  36.479  -20.312  32.806 0.0000000000
126092  34.178  -15.151  24.959 0.0000000000
60477  34.119  -16.020  25.969 0.0000000000
44608  18.448  -32.755  34.051 0.0000000000
42750  18.071  -33.955  34.648 0.0000000000
44594  17.904  -32.255  34.664 0.0000000000
122271  16.388  -32.996  36.664 0.0000000000
42713  15.410  -33.638  37.762 0.0000000000
126320  15.074  -35.030  37.180 0.0000000000
51555  23.744  -25.614  35.370 0.0000000000
137285  19.591  -30.042  35.235 0.0000000000
47680  20.912  -29.265  34.847 0.0000000000
46642  19.975  -31.145  33.526 0.0000000000
44618  19.857  -32.251  33.225 0.0000000000
54473  32.830  -21.812  31.574 0.0000000000
53450  34.464  -22.996  30.315 0.0000000000
131571  37.311  -25.261  30.562 0.0000000000
53466  36.215  -23.657  29.406 0.0000000000
53457  37.785  -23.872  30.797 0.0000000000
53447  38.179  -23.285  31.333 0.0000000000
52498  38.887  -24.274  32.239 0.0000000000
72975  42.903  -3.659  20.398 0.0000000000
74796  43.721  -0.839  18.124 0.0000000000
73929  43.274  -2.344  17.608 0.0000000000
71088  44.965  -5.798  18.592 0.0000000000
72015  44.546  -4.729  17.599 0.0000000000
71087  45.889  -5.475  18.666 0.0000000000
70148  38.256  -6.190  20.896 0.0000000000
69186  38.259  -7.826  20.525 0.0000000000
70149  37.367  -6.395  21.093 0.0000000000
68246  34.918  -8.340  22.426 0.0000000000
68245  35.699  -8.833  21.818 0.0000000000
67265  36.228  -9.685  23.096 0.0000000000
67244  37.692  -9.837  24.170 0.0000000000
66317  36.319  -10.195  24.055 0.0000000000
65299  33.515  -10.759  25.503 0.0000000000
66307  33.316  -10.328  25.222 0.0000000000
65323  32.992  -11.466  24.321 0.0000000000
62422  37.043  -14.377  23.418 0.0000000000
64343  35.932  -12.705  23.372 0.0000000000
63334  37.646  -13.658  23.813 0.0000000000
64336  37.933  -12.710  24.259 0.0000000000
46667  32.426  -30.820  31.892 0.0000000000
46665  34.126  -30.517  32.047 0.0000000000
125491  37.937  -4.351  23.756 0.0000000000
71048  38.909  -4.974  22.165 0.0000000000
70147  39.593  -5.673  21.003 0.0000000000
40901  18.117  -36.408  36.543 0.0000000000
40885  17.874  -37.126  37.458 0.0000000000
129140  12.805  -42.145  40.984 0.0000000000
34870  13.556  -42.933  42.653 0.0000000000
34871  12.544  -42.971  42.379 0.0000000000
34873  10.786  -42.971  42.036 0.0000000000
39876  10.262  -37.702  40.376 0.0000000000
142729  10.514  -38.463  39.608 0.0000000000
38793  9.263  -38.610  40.630 0.0000000000
36769  8.003  -40.612  41.222 0.0000000000
36787  8.631  -40.444  40.737 0.0000000000
34888  7.836  -42.156  41.294 0.0000000000
34875  8.999  -42.975  41.689 0.0000000000
34876  7.304  -42.773  41.783 0.0000000000
33952  7.136  -43.815  42.949 0.0000000000
33961  6.815  -43.334  42.320 0.0000000000
36722  5.770  -39.817  43.777 0.0000000000
35757  4.982  -41.838  42.862 0.0000000000
36741  4.504  -41.092  43.254 0.0000000000
35758  4.170  -41.899  43.299 0.0000000000
36724  4.050  -40.356  43.623 0.0000000000
48675  32.118  -27.873  31.808 0.0000000000
49639  32.496  -28.025  30.977 0.0000000000
48716  31.761  -28.570  30.760 0.0000000000
47758  31.965  -28.995  30.534 0.0000000000
125413  31.090  -28.923  30.585 0.0000000000
48679  27.940  -27.872  31.381 0.0000000000
47741  29.348  -29.260  31.209 0.0000000000
47704  28.480  -29.167  33.000 0.0000000000
50628  23.582  -26.417  32.380 0.0000000000
50627  24.446  -26.338  32.357 0.0000000000
48680  23.937  -27.607  32.410 0.0000000000
47679  25.236  -30.216  34.942 0.0000000000
67291  40.578  -9.864  21.362 0.0000000000
67290  41.627  -9.839  21.479 0.0000000000
67261  41.186  -9.614  22.865 0.0000000000
60454  30.487  -16.324  27.983 0.0000000000
60480  31.587  -16.831  26.313 0.0000000000
59470  30.946  -17.758  27.108 0.0000000000
126939  32.676  -20.988  30.567 0.0000000000
56484  30.643  -20.190  30.265 0.0000000000
56481  32.577  -20.086  30.633 0.0000000000
58439  34.998  -18.362  31.053 0.0000000000
125420  33.557  -18.746  30.289 0.0000000000
120408  34.813  -18.680  29.444 0.0000000000
119417  33.690  -19.038  27.689 0.0000000000
120409  35.903  -18.651  29.366 0.0000000000
121187  36.973  -18.639  29.056 0.0000000000
47717  37.162  -29.117  33.236 0.0000000000
76493  50.352  0.699  12.732 0.0000000000
74806  45.761  -0.893  15.339 0.0000000000
76488  46.520  0.272  15.146 0.0000000000
74810  46.934  -1.213  14.576 0.0000000000
73956  49.357  -2.187  13.897 0.0000000000
73955  50.278  -2.281  13.672 0.0000000000
46618  19.040  -30.051  35.943 0.0000000000
45589  17.433  -32.028  35.582 0.0000000000
70172  44.415  -6.976  19.435 0.0000000000
70157  45.592  -6.650  20.197 0.0000000000
69183  44.380  -7.561  20.111 0.0000000000
52511  35.311  -24.664  30.588 0.0000000000
53459  34.989  -23.601  29.853 0.0000000000
51631  35.522  -25.103  29.852 0.0000000000
50669  36.173  -25.803  29.883 0.0000000000
50639  37.343  -26.579  31.267 0.0000000000
71062  42.984  -5.416  21.537 0.0000000000
122051  41.534  -5.119  20.319 0.0000000000
71070  41.636  -4.862  19.695 0.0000000000
73001  42.567  -4.269  18.567 0.0000000000
134539  42.940  -3.962  18.018 0.0000000000
71090  43.255  -5.489  18.282 0.0000000000
70180  43.465  -6.222  18.549 0.0000000000
33927  4.233  -43.724  45.006 0.0000000000
71032  36.258  -5.149  23.495 0.0000000000
70134  36.068  -6.094  21.976 0.0000000000
71033  35.497  -5.688  23.815 0.0000000000
69156  34.628  -7.172  23.065 0.0000000000
68231  34.332  -8.134  23.311 0.0000000000
63346  33.628  -14.085  23.864 0.0000000000
64345  33.806  -12.988  23.343 0.0000000000
129725  34.608  -14.167  22.867 0.0000000000
137843  36.593  -14.988  23.275 0.0000000000
61528  37.773  -15.511  24.315 0.0000000000
60488  38.390  -16.202  25.395 0.0000000000
59476  39.076  -17.083  26.915 0.0000000000
130256  31.229  -31.718  34.077 0.0000000000
39924  15.773  -37.628  36.737 0.0000000000
38812  17.266  -38.317  37.909 0.0000000000
38814  15.692  -38.839  37.902 0.0000000000
37825  15.527  -39.988  39.055 0.0000000000
126307  15.551  -40.897  40.149 0.0000000000
140282  12.968  -41.065  40.068 0.0000000000
35795  11.518  -41.314  40.296 0.0000000000
37799  8.673  -38.843  41.284 0.0000000000
37790  7.405  -39.554  42.412 0.0000000000
36755  7.253  -40.653  41.772 0.0000000000
36756  6.504  -41.183  42.186 0.0000000000
36738  6.724  -40.000  42.709 0.0000000000
36705  6.234  -39.040  44.603 0.0000000000
126422  6.068  -38.743  45.320 0.0000000000
49614  30.344  -26.803  31.883 0.0000000000
49664  29.917  -28.074  30.694 0.0000000000
50623  29.523  -26.317  31.204 0.0000000000
50660  28.117  -26.579  30.659 0.0000000000
49643  27.086  -26.725  31.366 0.0000000000
46671  22.272  -30.536  32.674 0.0000000000
47706  23.357  -29.722  33.053 0.0000000000
45602  22.975  -31.197  33.908 0.0000000000
138059  39.301  -9.117  24.042 0.0000000000
59452  29.442  -17.925  29.521 0.0000000000
55493  35.660  -20.994  31.260 0.0000000000
56471  33.436  -19.839  31.127 0.0000000000
56458  35.079  -19.779  32.188 0.0000000000
57380  35.423  -19.279  32.470 0.0000000000
78282  49.073  1.861  14.963 0.0000000000
139966  1.615  -40.701  44.360 0.0000000000
129740  35.233  -10.697  26.245 0.0000000000
65298  34.778  -11.490  25.832 0.0000000000
63329  33.523  -13.203  24.624 0.0000000000
141977  33.785  -14.305  24.184 0.0000000000
61530  33.668  -15.948  24.172 0.0000000000
125612  33.334  -17.285  24.449 0.0000000000
43687  20.393  -33.617  35.621 0.0000000000
42724  19.651  -34.618  37.374 0.0000000000
42739  19.143  -34.448  35.445 0.0000000000
41836  17.938  -35.350  35.415 0.0000000000
41837  17.057  -35.197  35.535 0.0000000000
43679  16.689  -33.411  35.771 0.0000000000
42733  16.219  -34.853  35.946 0.0000000000
40904  15.924  -36.342  36.207 0.0000000000
129705  15.154  -35.945  36.649 0.0000000000
40887  14.537  -36.610  37.189 0.0000000000
40870  13.389  -36.589  38.305 0.0000000000
52479  26.674  -23.852  33.475 0.0000000000
51570  25.461  -24.569  34.891 0.0000000000
51584  23.532  -25.557  33.503 0.0000000000
49601  22.470  -27.443  32.745 0.0000000000
48629  21.888  -28.113  35.022 0.0000000000
48647  21.802  -28.259  33.728 0.0000000000
47724  21.765  -29.918  32.642 0.0000000000
45633  21.017  -31.357  32.777 0.0000000000
122800  20.944  -32.696  33.582 0.0000000000
56437  31.503  -19.971  33.982 0.0000000000
56448  30.677  -20.328  32.807 0.0000000000
56459  31.777  -21.095  32.566 0.0000000000
55495  32.499  -21.560  31.161 0.0000000000
55511  33.619  -21.539  30.517 0.0000000000
53468  35.027  -23.148  29.558 0.0000000000
54512  34.808  -22.430  29.667 0.0000000000
129150  35.622  -21.621  30.233 0.0000000000
55492  36.468  -21.525  30.919 0.0000000000
54469  37.987  -21.883  32.220 0.0000000000
132149  45.533  0.254  17.946 0.0000000000
74803  44.644  -1.085  16.251 0.0000000000
73933  45.323  -2.535  15.951 0.0000000000
126325  43.714  -4.143  17.575 0.0000000000
73027  44.799  -3.146  16.464 0.0000000000
69184  40.244  -7.373  19.917 0.0000000000
68275  41.175  -8.939  19.994 0.0000000000
69185  39.540  -7.947  20.168 0.0000000000
67310  38.783  -9.324  20.743 0.0000000000
67293  38.751  -9.760  21.398 0.0000000000
68260  36.173  -8.255  21.318 0.0000000000
67294  37.364  -9.369  21.247 0.0000000000
67280  38.686  -9.823  22.292 0.0000000000
127647  38.168  -9.595  23.905 0.0000000000
66306  38.776  -9.836  25.178 0.0000000000
68191  34.350  -8.689  25.645 0.0000000000
67247  33.695  -9.325  24.659 0.0000000000
130238  34.225  -9.701  23.692 0.0000000000
130200  33.931  -12.082  23.421 0.0000000000
65321  34.290  -11.152  23.598 0.0000000000
65316  35.561  -10.814  23.897 0.0000000000
65315  36.713  -10.879  24.306 0.0000000000
47755  34.246  -28.836  30.606 0.0000000000
48696  35.087  -28.627  30.757 0.0000000000
46681  34.406  -29.820  31.513 0.0000000000
46650  35.697  -30.711  33.195 0.0000000000
70145  40.868  -5.600  21.285 0.0000000000
70146  40.146  -5.709  20.580 0.0000000000
40857  13.033  -36.148  39.207 0.0000000000
39874  11.922  -36.682  39.906 0.0000000000
39890  12.008  -37.155  39.067 0.0000000000
37828  11.548  -38.962  39.034 0.0000000000
36784  11.063  -40.430  39.809 0.0000000000
35796  10.551  -41.143  40.290 0.0000000000
37813  8.905  -39.528  40.633 0.0000000000
35797  9.652  -41.017  40.377 0.0000000000
35784  10.043  -41.776  40.773 0.0000000000
34874  9.898  -42.946  41.885 0.0000000000
33959  9.388  -43.420  42.412 0.0000000000
33942  5.321  -43.904  43.875 0.0000000000
34878  5.576  -42.572  42.560 0.0000000000
33954  5.563  -43.418  42.975 0.0000000000
33955  4.816  -43.342  43.373 0.0000000000
34864  4.277  -42.788  43.513 0.0000000000
34865  3.651  -42.227  43.761 0.0000000000
35745  2.386  -41.067  44.216 0.0000000000
36708  3.736  -39.503  44.141 0.0000000000
36725  3.074  -40.414  43.717 0.0000000000
36726  2.080  -40.091  44.081 0.0000000000
49637  34.054  -27.325  30.425 0.0000000000
49638  33.393  -27.547  30.948 0.0000000000
133871  33.716  -28.245  30.298 0.0000000000
47757  32.749  -28.991  30.503 0.0000000000
47737  32.310  -29.581  30.782 0.0000000000
46668  31.572  -30.799  31.945 0.0000000000
47760  29.768  -29.041  30.724 0.0000000000
46686  30.515  -30.261  31.469 0.0000000000
46652  30.412  -30.873  32.786 0.0000000000
52501  25.993  -24.548  31.999 0.0000000000
50625  26.351  -26.190  31.692 0.0000000000
49599  26.403  -27.238  32.598 0.0000000000
48646  24.931  -28.639  33.812 0.0000000000
48661  25.523  -28.053  33.724 0.0000000000
48643  27.029  -28.659  34.294 0.0000000000
67306  42.286  -9.569  20.859 0.0000000000
60479  32.308  -16.493  25.957 0.0000000000
59503  32.746  -17.570  25.076 0.0000000000
58517  33.681  -18.511  25.191 0.0000000000
140018  30.045  -20.027  31.321 0.0000000000
57406  29.646  -19.303  30.143 0.0000000000
58463  30.097  -18.924  28.882 0.0000000000
138028  32.201  -19.170  29.694 0.0000000000
58462  31.621  -19.150  28.866 0.0000000000
58485  31.662  -18.846  27.921 0.0000000000
58501  32.026  -18.772  26.984 0.0000000000
119310  34.120  -18.999  26.796 0.0000000000
119416  35.529  -18.528  26.140 0.0000000000
58507  36.880  -18.322  26.771 0.0000000000
48695  36.331  -27.901  31.120 0.0000000000
49612  37.465  -27.718  32.339 0.0000000000
49611  38.009  -27.191  32.758 0.0000000000
49593  38.516  -27.378  33.647 0.0000000000
50618  38.656  -25.913  32.802 0.0000000000
77386  51.936  1.303  11.752 0.0000000000
77368  47.965  1.023  14.749 0.0000000000
137618  48.878  0.568  13.572 0.0000000000
74809  47.687  -1.471  14.263 0.0000000000
74816  49.004  -1.255  13.601 0.0000000000
134541  49.330  0.003  13.173 0.0000000000
75655  50.760  -0.674  12.817 0.0000000000
74828  52.287  -0.904  12.313 0.0000000000
68291  42.773  -8.104  19.409 0.0000000000
49660  35.122  -27.251  30.083 0.0000000000
70176  40.877  -6.979  19.677 0.0000000000
34852  2.442  -41.983  44.864 0.0000000000
59513  34.333  -17.017  23.865 0.0000000000
60525  34.934  -16.575  23.624 0.0000000000
59500  35.264  -17.428  24.499 0.0000000000
59499  36.084  -17.207  24.687 0.0000000000
59487  35.609  -17.796  25.114 0.0000000000
142970  13.844  -38.424  38.051 0.0000000000
38816  13.155  -38.491  38.348 0.0000000000
37847  13.077  -39.231  38.639 0.0000000000
39908  12.483  -37.757  38.547 0.0000000000
51567  28.667  -24.596  33.859 0.0000000000
122751  28.605  -24.587  32.325 0.0000000000
44578  21.155  -33.221  36.107 0.0000000000
57366  30.178  -18.978  33.713 0.0000000000
45605  18.690  -31.969  34.028 0.0000000000
45587  19.063  -30.656  34.963 0.0000000000
129798  19.904  -30.494  34.339 0.0000000000
45604  19.226  -31.259  34.131 0.0000000000
45622  19.468  -31.803  33.495 0.0000000000
54483  34.002  -22.560  30.983 0.0000000000
52518  37.276  -24.459  30.280 0.0000000000
52509  37.857  -24.711  31.051 0.0000000000
52508  38.368  -24.103  31.503 0.0000000000
122895  38.404  -24.919  31.827 0.0000000000
72986  42.698  -3.100  19.827 0.0000000000
73923  42.904  -2.357  19.541 0.0000000000
74793  43.161  -1.705  19.109 0.0000000000
74797  43.222  -1.562  18.312 0.0000000000
73925  42.883  -2.371  18.467 0.0000000000
71081  45.633  -5.914  19.192 0.0000000000
33925  5.993  -44.246  44.753 0.0000000000
70132  38.047  -5.554  21.547 0.0000000000
70133  37.033  -5.699  21.712 0.0000000000
130997  34.553  -8.974  23.119 0.0000000000
67283  35.409  -9.190  22.577 0.0000000000
67246  35.994  -9.920  23.646 0.0000000000
65308  33.009  -11.067  25.046 0.0000000000
141706  37.729  -14.488  23.841 0.0000000000
133214  38.312  -14.226  24.217 0.0000000000
45629  32.913  -31.317  32.548 0.0000000000
45616  32.485  -31.710  33.252 0.0000000000
142765  37.939  -4.532  23.089 0.0000000000
71030  38.769  -4.538  23.116 0.0000000000
40902  17.547  -36.705  36.326 0.0000000000
140246  17.843  -36.866  36.842 0.0000000000
35782  11.895  -42.012  40.927 0.0000000000
34883  12.244  -42.602  41.573 0.0000000000
34872  11.658  -42.993  42.177 0.0000000000
38779  9.744  -37.842  40.778 0.0000000000
35787  7.703  -41.362  41.297 0.0000000000
36740  5.301  -40.798  43.089 0.0000000000
36707  4.690  -39.498  44.314 0.0000000000
48676  31.570  -27.677  32.067 0.0000000000
49663  31.584  -28.093  31.168 0.0000000000
48697  30.824  -28.355  30.798 0.0000000000
48678  28.322  -28.568  31.922 0.0000000000
128293  27.786  -28.488  32.935 0.0000000000
49620  22.813  -27.537  32.402 0.0000000000
136624  23.216  -27.084  32.216 0.0000000000
49619  23.233  -27.607  32.258 0.0000000000
67278  40.307  -9.795  22.525 0.0000000000
124357  41.132  -9.896  22.102 0.0000000000
60455  30.086  -17.044  28.461 0.0000000000
59471  30.414  -17.285  27.679 0.0000000000
58502  30.518  -18.154  27.772 0.0000000000
56482  31.857  -20.490  30.413 0.0000000000
125798  34.322  -18.524  30.373 0.0000000000
126526  35.164  -18.385  30.175 0.0000000000
140548  36.470  -18.506  29.665 0.0000000000
77370  50.131  2.042  13.063 0.0000000000
77377  50.019  1.314  12.935 0.0000000000
73941  45.845  -1.833  15.398 0.0000000000
74805  46.272  -1.066  14.978 0.0000000000
73947  46.597  -1.749  14.977 0.0000000000
139684  18.735  -29.737  36.669 0.0000000000
133913  18.212  -30.371  36.284 0.0000000000
46598  18.049  -29.860  36.941 0.0000000000
70158  44.947  -6.975  19.963 0.0000000000
68272  43.905  -8.281  20.598 0.0000000000
133089  35.347  -25.041  30.073 0.0000000000
50656  35.803  -26.612  30.053 0.0000000000
50655  36.671  -26.308  30.419 0.0000000000
132234  36.807  -25.682  30.269 0.0000000000
71063  42.026  -5.469  21.184 0.0000000000
71996  42.017  -4.580  19.064 0.0000000000
72007  42.575  -5.134  18.499 0.0000000000
70173  43.715  -6.865  18.996 0.0000000000
70179  44.291  -6.391  18.802 0.0000000000
33944  3.883  -43.238  44.526 0.0000000000
139414  35.995  -5.226  24.281 0.0000000000
70105  34.678  -6.979  24.443 0.0000000000
70120  34.662  -6.807  23.787 0.0000000000
69149  34.383  -7.480  23.908 0.0000000000
68217  34.129  -8.372  24.373 0.0000000000
63345  33.939  -13.924  23.308 0.0000000000
62425  34.372  -14.704  23.038 0.0000000000
60524  35.723  -16.153  23.542 0.0000000000
61543  35.718  -15.303  23.055 0.0000000000
61542  36.569  -15.683  23.601 0.0000000000
61541  37.350  -15.156  23.762 0.0000000000
60503  37.788  -16.022  24.728 0.0000000000
141994  37.655  -17.460  26.210 0.0000000000
59484  38.027  -16.955  25.863 0.0000000000
59477  38.293  -17.445  26.620 0.0000000000
59468  38.725  -17.796  27.472 0.0000000000
71016  36.842  -4.619  24.293 0.0000000000
38834  15.762  -38.218  37.205 0.0000000000
37845  15.078  -39.445  38.397 0.0000000000
36797  15.040  -40.519  39.506 0.0000000000
36781  14.625  -41.007  40.079 0.0000000000
36798  14.099  -40.553  39.448 0.0000000000
132273  13.153  -40.555  39.495 0.0000000000
36783  12.158  -40.668  39.740 0.0000000000
138942  12.449  -41.527  40.376 0.0000000000
37778  7.110  -39.082  43.351 0.0000000000
49598  30.438  -26.226  33.061 0.0000000000
49597  30.812  -26.710  32.765 0.0000000000
49641  29.730  -27.241  30.761 0.0000000000
51594  28.208  -25.192  31.287 0.0000000000
50642  28.661  -25.966  30.833 0.0000000000
140135  27.559  -26.149  30.876 0.0000000000
50643  27.556  -26.681  30.932 0.0000000000
50644  27.011  -26.140  31.093 0.0000000000
44615  21.980  -31.704  33.148 0.0000000000
45619  22.452  -31.180  33.050 0.0000000000
45603  22.456  -31.620  33.644 0.0000000000
60423  29.720  -16.804  30.427 0.0000000000
59430  29.290  -17.676  30.507 0.0000000000
56469  34.907  -20.395  31.542 0.0000000000
56468  35.670  -20.357  32.156 0.0000000000
56444  36.367  -19.728  33.057 0.0000000000
56457  35.795  -19.777  32.673 0.0000000000
57372  36.030  -19.317  32.925 0.0000000000
63328  34.149  -13.590  25.086 0.0000000000
125230  33.972  -14.177  24.594 0.0000000000
61521  33.760  -15.891  24.603 0.0000000000
60507  33.442  -16.625  24.258 0.0000000000
43688  19.629  -33.848  35.089 0.0000000000
42749  18.871  -34.021  34.742 0.0000000000
134569  17.465  -33.639  34.860 0.0000000000
42740  18.386  -34.632  35.090 0.0000000000
45574  17.164  -31.641  36.455 0.0000000000
44579  16.914  -32.540  36.104 0.0000000000
135656  16.229  -33.902  36.313 0.0000000000
41830  15.681  -35.396  36.330 0.0000000000
41806  14.625  -34.770  38.250 0.0000000000
41821  14.545  -35.709  37.434 0.0000000000
40869  13.955  -36.157  37.903 0.0000000000
51553  25.294  -25.102  35.838 0.0000000000
50585  23.093  -26.179  35.047 0.0000000000
51571  23.565  -25.468  34.489 0.0000000000
50597  23.006  -26.100  33.914 0.0000000000
50611  22.631  -26.760  33.198 0.0000000000
49586  22.246  -27.464  33.465 0.0000000000
47696  20.732  -29.993  34.106 0.0000000000
47695  21.312  -29.258  33.646 0.0000000000
48664  21.778  -28.678  32.890 0.0000000000
47707  21.544  -29.596  32.843 0.0000000000
46655  21.242  -30.481  32.833 0.0000000000
43705  19.660  -32.920  33.547 0.0000000000
44617  20.327  -32.562  33.246 0.0000000000
43704  20.279  -33.142  33.847 0.0000000000
43694  20.278  -33.485  34.681 0.0000000000
56446  32.227  -20.773  33.472 0.0000000000
54484  33.252  -21.978  31.051 0.0000000000
54497  32.997  -21.580  30.691 0.0000000000
54513  34.292  -22.071  30.036 0.0000000000
123299  35.350  -23.862  29.528 0.0000000000
54494  36.498  -22.868  29.713 0.0000000000
54510  35.896  -22.981  29.332 0.0000000000
55508  35.841  -22.353  29.623 0.0000000000
55522  35.128  -22.032  29.632 0.0000000000
55507  36.497  -22.144  30.201 0.0000000000
53441  38.727  -23.478  31.999 0.0000000000
54468  38.480  -22.690  31.939 0.0000000000
75629  45.311  -0.130  18.656 0.0000000000
74800  43.457  -1.533  17.580 0.0000000000
74799  43.914  -1.054  16.998 0.0000000000
73934  44.455  -2.094  16.329 0.0000000000
143928  45.061  -1.738  15.867 0.0000000000
72006  43.141  -4.702  18.091 0.0000000000
72014  45.450  -4.565  17.415 0.0000000000
123768  44.680  -3.949  17.105 0.0000000000
73014  45.721  -3.887  16.733 0.0000000000
70161  39.525  -6.569  20.317 0.0000000000
138864  38.942  -7.552  20.373 0.0000000000
69187  37.542  -7.986  20.717 0.0000000000
68278  38.822  -8.477  20.423 0.0000000000
126717  38.124  -9.533  21.134 0.0000000000
70135  35.289  -6.612  22.457 0.0000000000
69162  35.854  -7.209  21.639 0.0000000000
67282  36.277  -9.456  22.183 0.0000000000
67295  36.534  -9.116  21.462 0.0000000000
139803  36.996  -9.588  21.832 0.0000000000
120358  37.803  -9.790  21.878 0.0000000000
121990  37.894  -9.742  22.961 0.0000000000
68190  35.012  -8.484  26.400 0.0000000000
66319  33.032  -10.538  24.624 0.0000000000
67235  33.294  -9.926  24.859 0.0000000000
67248  33.354  -9.943  24.337 0.0000000000
67268  33.601  -10.000  23.984 0.0000000000
66326  33.760  -10.531  23.789 0.0000000000
63344  34.604  -13.571  22.984 0.0000000000
64344  34.797  -12.788  23.183 0.0000000000
65320  35.127  -11.874  23.475 0.0000000000
128270  37.282  -11.807  24.351 0.0000000000
124570  33.859  -29.444  30.937 0.0000000000
141983  34.342  -29.347  31.060 0.0000000000
45614  34.303  -31.610  33.308 0.0000000000
46651  34.767  -30.841  32.777 0.0000000000
70130  40.775  -5.693  22.406 0.0000000000
70160  40.323  -6.261  19.947 0.0000000000
122585  19.357  -35.067  37.771 0.0000000000
129604  19.044  -35.502  37.665 0.0000000000
38813  16.733  -38.950  38.243 0.0000000000
35769  14.125  -42.454  41.865 0.0000000000
127424  11.437  -36.951  40.416 0.0000000000
130739  12.119  -36.603  41.101 0.0000000000
38803  11.695  -37.997  38.921 0.0000000000
38804  10.993  -38.301  39.337 0.0000000000
37830  10.049  -38.434  40.064 0.0000000000
37829  10.604  -39.266  39.503 0.0000000000
35798  8.984  -40.968  40.538 0.0000000000
34886  9.522  -42.382  41.227 0.0000000000
34885  10.430  -42.449  41.348 0.0000000000
134886  8.527  -43.482  42.265 0.0000000000
136881  8.960  -43.723  42.931 0.0000000000
33941  6.412  -43.991  43.692 0.0000000000
34877  6.432  -42.432  42.120 0.0000000000
35756  5.750  -41.579  42.498 0.0000000000
33943  4.423  -43.544  44.073 0.0000000000
36742  3.826  -41.087  43.526 0.0000000000
133395  3.046  -41.803  44.179 0.0000000000
37747  4.481  -38.768  45.021 0.0000000000
37748  3.647  -38.650  44.882 0.0000000000
37766  2.043  -39.252  43.999 0.0000000000
50640  34.586  -26.752  30.682 0.0000000000
49662  33.290  -27.924  30.444 0.0000000000
48714  33.140  -28.481  30.439 0.0000000000
46684  31.929  -30.259  31.262 0.0000000000
46685  31.121  -30.325  31.331 0.0000000000
49665  29.174  -27.676  30.570 0.0000000000
48717  30.241  -28.724  30.649 0.0000000000
48718  29.466  -28.411  30.686 0.0000000000
47720  29.499  -29.841  31.949 0.0000000000
47740  30.016  -29.789  31.178 0.0000000000
46670  30.085  -30.400  32.008 0.0000000000
46669  30.788  -30.690  32.021 0.0000000000
45618  30.817  -31.363  33.434 0.0000000000
52492  25.004  -24.378  33.098 0.0000000000
52491  25.839  -24.135  32.779 0.0000000000
52502  25.290  -24.775  32.297 0.0000000000
50626  25.384  -26.169  32.215 0.0000000000
49617  25.848  -26.651  32.385 0.0000000000
137865  25.533  -27.332  32.969 0.0000000000
47694  23.892  -29.987  33.783 0.0000000000
47705  23.970  -29.104  33.226 0.0000000000
47693  24.742  -29.634  34.163 0.0000000000
47692  25.510  -29.417  34.619 0.0000000000
48645  25.748  -28.763  34.361 0.0000000000
48644  26.266  -28.327  34.113 0.0000000000
68274  41.971  -9.200  20.157 0.0000000000
67307  41.361  -9.617  20.624 0.0000000000
60463  32.739  -15.957  26.692 0.0000000000
60464  31.709  -16.127  26.752 0.0000000000
59489  31.795  -17.464  26.084 0.0000000000
60492  32.049  -16.983  25.834 0.0000000000
58519  32.254  -18.001  25.769 0.0000000000
58518  32.920  -18.349  25.394 0.0000000000
56461  30.385  -20.410  31.969 0.0000000000
56473  30.524  -20.508  30.968 0.0000000000
57405  30.172  -19.808  29.961 0.0000000000
57415  30.077  -19.431  29.461 0.0000000000
58464  29.672  -18.787  29.433 0.0000000000
57414  30.637  -19.357  29.068 0.0000000000
57391  33.158  -19.217  30.852 0.0000000000
58440  32.981  -18.932  30.329 0.0000000000
58461  32.803  -18.903  29.543 0.0000000000
120012  32.335  -18.972  28.589 0.0000000000
119807  32.625  -18.944  27.739 0.0000000000
119418  34.742  -18.961  27.635 0.0000000000
58499  35.109  -18.814  26.827 0.0000000000
120665  34.541  -18.755  25.989 0.0000000000
58498  36.055  -18.675  26.824 0.0000000000
132295  37.894  -18.559  28.613 0.0000000000
47735  35.564  -29.075  31.495 0.0000000000
125027  35.793  -28.482  31.127 0.0000000000
47734  36.375  -28.715  31.886 0.0000000000
48673  37.183  -28.523  32.667 0.0000000000
50620  37.619  -27.077  32.025 0.0000000000
50605  38.537  -26.608  33.114 0.0000000000
130118  39.072  -25.605  33.214 0.0000000000
77375  51.422  1.413  12.144 0.0000000000
78319  51.826  2.050  11.739 0.0000000000
76497  51.730  0.640  12.092 0.0000000000
76479  46.523  0.857  16.570 0.0000000000
75647  46.710  -0.366  14.733 0.0000000000
76487  47.355  0.412  14.638 0.0000000000
76486  48.253  0.788  14.193 0.0000000000
76490  48.062  0.055  13.907 0.0000000000
75650  49.518  -0.701  13.266 0.0000000000
75651  48.795  -0.353  13.508 0.0000000000
75656  50.035  -0.130  12.901 0.0000000000
75649  50.174  -0.929  13.115 0.0000000000
69201  43.111  -7.388  19.072 0.0000000000
68273  42.951  -8.847  20.241 0.0000000000
50657  35.122  -26.581  30.063 0.0000000000
49659  35.851  -27.382  30.379 0.0000000000
70174  41.940  -6.335  18.880 0.0000000000
71091  42.637  -6.026  18.579 0.0000000000
69214  42.543  -6.773  18.795 0.0000000000
34851  3.310  -42.581  44.500 0.0000000000
71017  35.459  -5.719  24.686 0.0000000000
70081  35.547  -5.801  25.672 0.0000000000
69140  34.723  -7.304  25.158 0.0000000000
123006  34.242  -15.498  23.350 0.0000000000
60505  36.506  -16.450  24.203 0.0000000000
60504  37.229  -16.368  24.644 0.0000000000
59498  36.866  -16.885  24.998 0.0000000000
59479  37.042  -17.796  26.174 0.0000000000
38835  15.014  -38.315  37.472 0.0000000000
126102  7.143  -38.787  44.178 0.0000000000
51595  27.549  -24.448  31.721 0.0000000000
44606  21.605  -32.622  34.198 0.0000000000
44592  22.236  -32.356  34.821 0.0000000000
57383  29.441  -18.719  31.861 0.0000000000
55477  37.219  -21.134  32.470 0.0000000000
56455  37.297  -20.624  33.355 0.0000000000
61519  34.677  -15.480  25.639 0.0000000000
61520  33.861  -15.814  25.237 0.0000000000
60490  33.141  -16.374  25.278 0.0000000000
139947  19.034  -33.114  33.810 0.0000000000
43696  18.590  -33.455  34.280 0.0000000000
43697  17.821  -33.159  34.483 0.0000000000
44565  16.049  -32.576  37.519 0.0000000000
43672  15.850  -33.406  37.203 0.0000000000
141185  22.738  -26.763  35.158 0.0000000000
47662  20.459  -29.041  35.821 0.0000000000
47681  20.209  -29.664  35.013 0.0000000000
121707  20.498  -30.566  33.444 0.0000000000
46656  20.585  -30.963  32.943 0.0000000000
44619  19.159  -32.488  33.640 0.0000000000
55479  32.933  -21.788  32.250 0.0000000000
54472  33.471  -22.212  31.682 0.0000000000
131647  35.783  -23.963  29.332 0.0000000000
52527  36.651  -24.248  29.721 0.0000000000
53458  37.095  -23.551  30.069 0.0000000000
122140  37.659  -23.151  30.716 0.0000000000
72974  43.600  -2.755  20.598 0.0000000000
75619  44.467  -0.531  18.842 0.0000000000
73928  43.764  -2.161  16.943 0.0000000000
140355  44.505  -5.311  18.032 0.0000000000
72005  45.245  -5.147  18.033 0.0000000000
72004  46.112  -4.887  18.080 0.0000000000
137885  46.853  -4.698  18.035 0.0000000000
70162  38.622  -6.882  20.585 0.0000000000
69173  37.793  -7.127  20.738 0.0000000000
68261  35.464  -8.033  21.785 0.0000000000
67264  37.270  -9.775  23.485 0.0000000000
67245  36.793  -9.912  23.865 0.0000000000
66316  37.192  -10.180  24.358 0.0000000000
66296  33.898  -10.139  25.764 0.0000000000
62423  36.028  -14.341  22.925 0.0000000000
63342  36.580  -13.563  23.326 0.0000000000
64342  36.967  -12.736  23.865 0.0000000000
46666  33.291  -30.738  31.925 0.0000000000
45628  33.810  -31.176  32.616 0.0000000000
71015  38.974  -4.263  24.178 0.0000000000
124545  39.682  -4.586  23.590 0.0000000000
71029  39.753  -4.911  22.913 0.0000000000
70131  39.828  -5.327  22.038 0.0000000000
118943  38.936  -5.545  21.344 0.0000000000
41827  18.365  -35.799  36.130 0.0000000000
41820  18.720  -36.004  37.050 0.0000000000
40884  18.375  -36.590  37.337 0.0000000000
40867  18.469  -36.773  38.227 0.0000000000
34882  13.169  -42.579  41.731 0.0000000000
34861  11.901  -43.346  42.934 0.0000000000
34862  11.106  -43.364  42.763 0.0000000000
39858  11.212  -37.050  41.304 0.0000000000
39875  10.791  -37.294  40.364 0.0000000000
39892  10.579  -37.872  39.809 0.0000000000
37812  9.649  -39.397  40.090 0.0000000000
35786  8.415  -41.370  40.983 0.0000000000
34887  8.648  -42.279  41.188 0.0000000000
129512  8.110  -42.932  41.612 0.0000000000
33960  7.647  -43.458  42.255 0.0000000000
37749  2.700  -38.544  44.504 0.0000000000
48698  28.544  -28.283  31.037 0.0000000000
47761  29.140  -28.635  30.857 0.0000000000
143571  28.837  -28.837  31.284 0.0000000000
47721  28.901  -29.279  31.941 0.0000000000
47703  29.117  -29.707  32.670 0.0000000000
47689  29.051  -29.795  33.576 0.0000000000
51599  23.662  -25.767  32.810 0.0000000000
51598  24.209  -25.709  32.515 0.0000000000
120743  23.797  -26.993  32.204 0.0000000000
46629  24.749  -30.824  35.349 0.0000000000
67277  41.838  -9.777  22.322 0.0000000000
61487  31.152  -15.581  28.779 0.0000000000
60453  31.263  -15.745  27.617 0.0000000000
60465  30.951  -16.731  27.037 0.0000000000
59480  31.301  -17.407  26.558 0.0000000000
58511  31.663  -18.165  26.525 0.0000000000
56483  31.285  -20.699  30.695 0.0000000000
57403  31.229  -20.209  30.045 0.0000000000
58427  33.909  -18.734  30.963 0.0000000000
58460  33.814  -18.750  29.595 0.0000000000
58484  34.300  -18.911  28.585 0.0000000000
58483  35.330  -18.865  28.475 0.0000000000
58482  36.358  -18.790  28.334 0.0000000000
46663  36.160  -29.962  32.978 0.0000000000
47718  36.628  -29.262  32.741 0.0000000000
47702  36.837  -29.721  33.427 0.0000000000
48653  37.639  -28.680  33.510 0.0000000000
77376  50.705  1.571  12.578 0.0000000000
75643  45.579  -0.265  15.670 0.0000000000
128647  45.999  0.225  15.563 0.0000000000
75642  46.090  -0.307  15.189 0.0000000000
74814  50.713  -1.596  13.151 0.0000000000
73954  51.122  -2.441  13.467 0.0000000000
46619  18.399  -30.870  35.545 0.0000000000
139421  17.948  -31.547  35.282 0.0000000000
45573  17.742  -31.187  35.986 0.0000000000
46631  19.781  -29.440  35.907 0.0000000000
70171  45.107  -6.429  19.403 0.0000000000
69182  45.200  -7.230  20.660 0.0000000000
69172  44.657  -7.830  21.062 0.0000000000
53449  35.000  -23.750  30.347 0.0000000000
52519  35.171  -24.344  30.112 0.0000000000
52530  35.344  -24.413  29.792 0.0000000000
52529  35.598  -24.488  29.525 0.0000000000
51630  35.841  -25.136  29.633 0.0000000000
51620  36.569  -25.022  29.909 0.0000000000
123352  37.234  -25.918  30.750 0.0000000000
71968  42.231  -4.937  20.699 0.0000000000
71983  42.283  -4.325  20.128 0.0000000000
72987  42.410  -3.823  19.469 0.0000000000
71089  44.026  -5.765  18.247 0.0000000000
33926  5.023  -44.087  44.825 0.0000000000
71031  37.191  -4.648  23.213 0.0000000000
71050  36.616  -5.265  22.544 0.0000000000
70118  35.697  -5.772  22.886 0.0000000000
70104  34.966  -6.269  24.185 0.0000000000
70119  35.030  -6.322  23.346 0.0000000000
141573  34.620  -7.752  22.705 0.0000000000
64338  33.029  -12.565  24.373 0.0000000000
126839  33.416  -13.180  23.836 0.0000000000
128020  35.196  -14.036  22.785 0.0000000000
127515  34.841  -15.224  22.969 0.0000000000
62424  35.130  -14.633  22.798 0.0000000000
62408  38.076  -14.957  24.242 0.0000000000
60487  39.131  -16.018  25.873 0.0000000000
60475  39.397  -16.403  26.557 0.0000000000
60489  37.619  -16.605  25.209 0.0000000000
60476  38.730  -16.684  26.200 0.0000000000
60461  39.607  -16.730  27.128 0.0000000000
45617  31.617  -31.596  33.327 0.0000000000
124286  32.035  -31.945  33.997 0.0000000000
39938  16.287  -37.202  36.375 0.0000000000
39923  16.644  -37.925  37.017 0.0000000000
123636  16.476  -38.537  37.564 0.0000000000
37844  16.104  -39.494  38.584 0.0000000000
35793  14.202  -41.624  40.540 0.0000000000
36782  13.728  -41.066  40.041 0.0000000000
35794  13.320  -41.658  40.470 0.0000000000
37800  8.128  -39.071  42.072 0.0000000000
36754  7.814  -39.944  41.718 0.0000000000
36721  6.484  -39.318  43.795 0.0000000000
36706  5.519  -39.305  44.453 0.0000000000
48677  31.010  -27.346  32.186 0.0000000000
49640  30.470  -27.637  31.102 0.0000000000
50641  28.925  -26.851  30.573 0.0000000000
50659  28.491  -27.343  30.650 0.0000000000
48720  28.236  -27.651  30.869 0.0000000000
49642  27.664  -27.236  31.073 0.0000000000
49615  27.226  -27.360  31.883 0.0000000000
47723  22.143  -29.831  32.537 0.0000000000
119285  22.624  -29.089  32.526 0.0000000000
47722  22.727  -29.818  32.693 0.0000000000
46654  23.067  -30.474  33.239 0.0000000000
46641  23.729  -30.761  34.234 0.0000000000
45586  22.703  -31.801  34.437 0.0000000000
45585  23.489  -31.425  34.930 0.0000000000
46630  24.112  -30.901  35.015 0.0000000000
67262  39.696  -9.468  23.422 0.0000000000
134627  40.508  -9.340  23.495 0.0000000000
60443  29.751  -17.049  29.386 0.0000000000
59451  29.797  -17.775  28.782 0.0000000000
56480  34.145  -20.732  30.865 0.0000000000
56470  34.300  -19.753  31.641 0.0000000000
57381  34.703  -19.208  32.061 0.0000000000
58409  35.188  -18.889  32.226 0.0000000000
58425  35.567  -18.534  31.910 0.0000000000
77366  49.217  1.773  14.192 0.0000000000
73039  47.024  -3.195  15.656 0.0000000000
73940  46.703  -2.461  15.205 0.0000000000
35746  1.672  -41.687  44.949 0.0000000000
67224  35.207  -9.386  26.568 0.0000000000
66295  34.693  -10.059  26.256 0.0000000000
123495  34.215  -10.763  25.879 0.0000000000
65307  33.608  -11.560  25.452 0.0000000000
64331  33.469  -12.509  25.012 0.0000000000
62398  33.807  -15.055  24.048 0.0000000000
126418  34.030  -15.099  24.516 0.0000000000
130401  33.828  -15.465  23.758 0.0000000000
61545  33.848  -16.123  23.802 0.0000000000
59514  33.815  -16.847  23.959 0.0000000000
59502  33.855  -17.550  24.210 0.0000000000
43677  20.557  -33.638  36.636 0.0000000000
43678  19.814  -34.016  36.012 0.0000000000
42731  19.432  -34.642  36.362 0.0000000000
42732  18.715  -35.098  35.776 0.0000000000
41828  17.493  -36.068  35.861 0.0000000000
40903  16.839  -36.640  36.074 0.0000000000
44595  17.172  -32.941  35.113 0.0000000000
43689  17.033  -33.754  35.193 0.0000000000
42742  16.716  -34.300  35.536 0.0000000000
41829  16.498  -35.792  35.880 0.0000000000
40886  15.301  -36.844  36.605 0.0000000000
140203  14.861  -36.290  36.927 0.0000000000
39906  14.003  -37.090  37.621 0.0000000000
51568  27.584  -24.074  34.331 0.0000000000
51569  26.441  -24.199  34.673 0.0000000000
52480  25.673  -24.149  33.857 0.0000000000
52481  24.799  -24.528  34.042 0.0000000000
51554  24.419  -25.027  34.990 0.0000000000
133729  24.066  -24.970  33.920 0.0000000000
51583  24.053  -25.228  33.072 0.0000000000
50610  23.123  -26.178  32.937 0.0000000000
50629  22.893  -26.869  32.463 0.0000000000
49621  22.321  -28.137  32.647 0.0000000000
131413  22.179  -27.615  34.375 0.0000000000
130067  21.391  -28.713  34.598 0.0000000000
49602  22.045  -27.964  32.944 0.0000000000
48682  22.110  -29.069  32.605 0.0000000000
45632  21.791  -31.188  32.726 0.0000000000
45620  21.418  -31.717  32.888 0.0000000000
133484  20.444  -31.991  32.957 0.0000000000
44628  20.915  -32.135  32.946 0.0000000000
44607  20.938  -33.041  34.443 0.0000000000
44593  20.892  -33.276  35.221 0.0000000000
57373  30.714  -19.828  33.535 0.0000000000
56447  31.289  -20.548  33.166 0.0000000000
56460  31.049  -20.883  32.330 0.0000000000
55481  31.524  -21.229  31.866 0.0000000000
55480  32.184  -21.559  31.876 0.0000000000
55496  31.757  -21.245  31.247 0.0000000000
55512  32.169  -21.070  30.788 0.0000000000
55510  34.120  -21.511  30.305 0.0000000000
54495  34.543  -22.734  29.889 0.0000000000
53467  35.549  -23.414  29.375 0.0000000000
54511  35.329  -22.728  29.448 0.0000000000
55523  34.621  -21.917  29.856 0.0000000000
55509  34.751  -21.507  30.142 0.0000000000
55494  34.989  -21.056  30.729 0.0000000000
121850  37.220  -21.626  31.531 0.0000000000
54482  37.730  -22.468  31.245 0.0000000000
76469  45.994  0.654  17.275 0.0000000000
75634  45.132  0.239  17.035 0.0000000000
75635  44.534  -0.189  17.798 0.0000000000
75639  44.578  -0.402  16.830 0.0000000000
75638  45.072  -0.296  16.237 0.0000000000
74802  45.261  -1.022  15.726 0.0000000000
128474  43.120  -3.242  17.784 0.0000000000
73015  43.876  -3.152  17.057 0.0000000000
130293  45.660  -3.259  16.143 0.0000000000
68293  40.993  -8.009  19.671 0.0000000000
68276  40.306  -8.504  20.023 0.0000000000
68277  39.544  -9.010  20.326 0.0000000000
67309  39.587  -9.680  20.911 0.0000000000
67292  39.547  -9.886  21.801 0.0000000000
70150  36.574  -6.564  21.399 0.0000000000
69174  36.840  -7.464  21.010 0.0000000000
68259  37.000  -8.567  20.950 0.0000000000
67263  38.819  -9.570  23.431 0.0000000000
68216  38.883  -9.291  24.295 0.0000000000
67243  38.469  -9.612  24.541 0.0000000000
68203  34.766  -7.823  25.802 0.0000000000
68204  34.331  -8.085  25.143 0.0000000000
67234  33.773  -9.528  25.354 0.0000000000
133140  34.011  -8.803  25.062 0.0000000000
67267  33.876  -9.171  23.895 0.0000000000
64346  33.229  -12.270  23.801 0.0000000000
65322  33.369  -11.361  23.761 0.0000000000
66325  34.678  -10.280  23.680 0.0000000000
66318  35.551  -10.094  23.786 0.0000000000
65314  37.591  -10.860  24.683 0.0000000000
127108  38.170  -11.781  24.738 0.0000000000
65306  38.384  -10.764  25.097 0.0000000000
122423  34.827  -29.256  31.197 0.0000000000
47719  35.180  -29.694  31.857 0.0000000000
133660  34.798  -30.225  32.152 0.0000000000
46664  35.442  -30.177  32.529 0.0000000000
122768  40.242  -5.509  21.436 0.0000000000
128028  40.605  -5.624  20.253 0.0000000000
41805  18.860  -36.068  37.978 0.0000000000
39922  17.447  -37.732  37.371 0.0000000000
40856  13.626  -35.761  38.938 0.0000000000
137905  12.711  -36.898  38.658 0.0000000000
40858  12.409  -36.507  39.341 0.0000000000
36800  11.528  -39.814  39.356 0.0000000000
35783  10.972  -41.891  40.838 0.0000000000
36786  9.296  -40.289  40.322 0.0000000000
33958  10.256  -43.381  42.629 0.0000000000
33962  6.124  -43.141  42.494 0.0000000000
34850  3.924  -42.883  44.037 0.0000000000
50658  34.781  -26.661  30.251 0.0000000000
136054  33.930  -27.678  30.170 0.0000000000
47756  33.449  -28.916  30.518 0.0000000000
47736  33.123  -29.568  30.791 0.0000000000
46683  32.790  -30.235  31.246 0.0000000000
47759  30.514  -29.336  30.717 0.0000000000
47739  30.683  -29.890  31.024 0.0000000000
45631  31.183  -31.167  32.672 0.0000000000
52500  26.734  -24.054  32.271 0.0000000000
52512  26.599  -24.827  31.542 0.0000000000
51597  24.972  -25.604  32.261 0.0000000000
51596  25.851  -25.410  31.825 0.0000000000
51610  26.593  -25.607  31.375 0.0000000000
49616  26.609  -26.782  31.951 0.0000000000
48659  27.157  -27.769  32.992 0.0000000000
48663  23.346  -28.433  32.489 0.0000000000
48662  24.193  -28.273  32.892 0.0000000000
49600  24.794  -27.744  33.027 0.0000000000
48660  26.243  -27.780  33.421 0.0000000000
127747  26.811  -28.164  33.744 0.0000000000
129957  27.300  -28.429  33.585 0.0000000000
48642  27.801  -28.850  33.838 0.0000000000
67305  43.044  -9.312  21.321 0.0000000000
143491  41.210  -9.175  23.596 0.0000000000
60462  33.896  -15.992  26.758 0.0000000000
60478  33.325  -16.175  25.949 0.0000000000
60491  32.606  -16.883  25.283 0.0000000000
60508  33.018  -16.965  24.707 0.0000000000
58529  33.377  -18.002  24.725 0.0000000000
58528  34.082  -18.168  24.613 0.0000000000
57374  30.191  -19.700  32.849 0.0000000000
57382  29.813  -19.584  32.019 0.0000000000
57392  30.072  -19.943  30.585 0.0000000000
57393  29.595  -19.432  31.124 0.0000000000
132372  29.288  -18.580  30.876 0.0000000000
58442  29.355  -18.464  30.055 0.0000000000
58488  29.775  -18.394  28.962 0.0000000000
58487  30.124  -18.364  28.439 0.0000000000
57402  32.208  -19.646  30.149 0.0000000000
58441  31.373  -19.686  29.487 0.0000000000
58486  30.724  -18.803  28.281 0.0000000000
120885  31.191  -18.492  27.386 0.0000000000
58500  33.041  -18.930  26.827 0.0000000000
58509  33.507  -18.814  25.936 0.0000000000
143866  34.020  -18.711  25.575 0.0000000000
131044  34.370  -18.506  25.251 0.0000000000
58527  34.839  -18.021  24.837 0.0000000000
58515  35.823  -18.109  25.687 0.0000000000
58508  36.315  -18.198  26.179 0.0000000000
119936  36.668  -18.678  27.473 0.0000000000
58497  37.429  -18.378  27.331 0.0000000000
59469  38.015  -17.980  27.185 0.0000000000
48694  36.926  -28.077  31.903 0.0000000000
49636  37.100  -27.437  31.535 0.0000000000
50619  38.064  -26.387  32.227 0.0000000000
118892  38.196  -28.195  33.916 0.0000000000
51591  38.369  -25.601  32.191 0.0000000000
51590  38.909  -25.115  32.654 0.0000000000
76482  46.893  0.754  15.300 0.0000000000
77362  48.372  1.389  15.392 0.0000000000
77367  48.591  1.355  14.535 0.0000000000
77372  48.838  1.223  13.955 0.0000000000
73946  47.231  -2.020  14.722 0.0000000000
74808  48.485  -1.780  14.037 0.0000000000
75652  48.162  -0.873  13.807 0.0000000000
76494  49.655  0.647  13.083 0.0000000000
129817  50.733  0.072  12.649 0.0000000000
75654  51.448  -0.209  12.423 0.0000000000
44616  21.518  -32.220  33.358 0.0000000000
45621  20.200  -31.614  33.030 0.0000000000
46672  21.716  -30.564  32.654 0.0000000000
47708  21.040  -30.107  33.248 0.0000000000
49666  27.973  -27.104  30.691 0.0000000000
50604  38.921  -26.104  33.383 0.0000000000
51582  24.630  -25.037  32.679 0.0000000000
51608  27.949  -25.830  30.818 0.0000000000
58426  34.696  -18.791  31.664 0.0000000000
58481  37.279  -18.695  28.087 0.0000000000
58516  35.147  -18.350  25.470 0.0000000000
59488  32.252  -17.378  25.613 0.0000000000
59512  34.910  -17.085  24.046 0.0000000000
60424  29.459  -17.349  29.938 0.0000000000
63335  33.453  -13.511  24.231 0.0000000000
75669  52.133  0.008  12.062 0.0000000000
135305  23.186  -29.238  32.683 0.0000000000
139634  37.057  -22.078  30.825 0.0000000000
