#!ascii label  , from subject sub-v1s0x0050642_ses-1 vox2ras=TkReg
1362
97737  35.789  26.494  1.518 0.0000000000
101714  39.935  32.081  0.076 0.0000000000
99751  49.667  29.176  6.799 0.0000000000
98390  33.080  26.320  5.650 0.0000000000
99069  39.542  28.514  8.263 0.0000000000
102425  39.253  33.332  -2.282 0.0000000000
104181  37.936  36.984  8.490 0.0000000000
105381  43.756  38.796  8.965 0.0000000000
99719  48.731  29.126  13.310 0.0000000000
95695  49.039  23.408  11.612 0.0000000000
97801  40.159  26.972  -3.929 0.0000000000
98423  43.071  27.451  3.412 0.0000000000
134092  45.630  30.236  1.927 0.0000000000
130783  46.454  33.539  11.789 0.0000000000
120347  44.031  40.598  7.001 0.0000000000
140363  45.169  34.281  -1.083 0.0000000000
98331  44.418  27.618  10.508 0.0000000000
98413  34.365  26.307  3.547 0.0000000000
99091  36.592  28.950  7.225 0.0000000000
120558  37.663  28.569  4.666 0.0000000000
100476  37.338  29.880  -0.927 0.0000000000
141529  34.949  28.718  2.045 0.0000000000
105908  39.295  39.260  12.467 0.0000000000
97645  47.179  26.802  15.338 0.0000000000
96374  51.323  24.401  15.494 0.0000000000
95642  50.729  23.229  18.624 0.0000000000
107063  42.524  41.220  2.052 0.0000000000
99827  41.158  28.899  -2.476 0.0000000000
98475  44.286  27.170  -1.217 0.0000000000
99798  42.491  29.864  0.653 0.0000000000
102271  40.973  33.790  14.822 0.0000000000
119625  43.306  32.569  10.962 0.0000000000
102263  43.870  34.074  16.030 0.0000000000
102945  46.827  35.270  16.494 0.0000000000
104236  41.842  36.481  3.557 0.0000000000
104234  44.365  36.233  3.761 0.0000000000
103067  42.229  34.304  -0.670 0.0000000000
101080  43.191  30.931  -5.058 0.0000000000
99115  46.789  28.597  4.932 0.0000000000
99083  44.090  28.321  7.159 0.0000000000
99746  47.014  29.170  8.437 0.0000000000
98337  37.647  27.521  10.069 0.0000000000
97675  39.973  26.252  11.066 0.0000000000
141758  43.096  36.920  -4.003 0.0000000000
103688  39.434  35.794  -0.643 0.0000000000
103630  39.650  35.239  4.418 0.0000000000
101687  40.536  32.252  4.522 0.0000000000
107985  42.155  43.837  15.878 0.0000000000
106965  45.155  41.935  12.500 0.0000000000
105390  40.766  38.159  8.293 0.0000000000
119003  49.925  29.997  10.756 0.0000000000
137044  50.858  26.762  8.873 0.0000000000
97039  51.395  25.355  11.919 0.0000000000
94177  49.902  21.454  13.883 0.0000000000
98476  38.870  27.124  -1.103 0.0000000000
98442  40.074  27.596  2.543 0.0000000000
121777  42.342  26.109  -0.337 0.0000000000
98436  46.646  27.466  1.858 0.0000000000
101001  48.374  31.139  4.409 0.0000000000
101676  43.312  32.229  5.824 0.0000000000
101650  46.088  32.526  7.655 0.0000000000
124633  48.504  32.704  8.722 0.0000000000
101586  48.464  33.261  13.143 0.0000000000
138023  47.835  32.325  15.980 0.0000000000
107036  40.745  41.511  4.909 0.0000000000
105435  43.216  38.986  2.391 0.0000000000
137147  46.806  37.461  3.203 0.0000000000
124446  45.319  36.418  -1.569 0.0000000000
103101  42.393  34.248  -4.638 0.0000000000
139576  39.262  30.134  -4.022 0.0000000000
99121  40.762  28.440  5.090 0.0000000000
98357  41.650  27.957  9.314 0.0000000000
96403  42.299  24.404  11.561 0.0000000000
124375  47.376  26.355  11.561 0.0000000000
97722  35.364  26.229  2.135 0.0000000000
98412  35.551  26.949  3.612 0.0000000000
98445  36.900  27.225  2.670 0.0000000000
99182  36.855  28.331  -0.194 0.0000000000
124776  36.403  29.785  0.124 0.0000000000
99164  35.122  27.420  1.373 0.0000000000
99159  33.971  27.463  2.254 0.0000000000
140213  47.100  25.784  16.349 0.0000000000
96372  49.226  24.693  16.816 0.0000000000
95644  49.120  23.798  19.231 0.0000000000
95721  38.641  23.742  10.396 0.0000000000
100484  40.721  30.233  -1.807 0.0000000000
119120  41.658  29.352  -0.757 0.0000000000
128932  40.829  30.186  0.824 0.0000000000
124413  41.071  35.866  16.223 0.0000000000
102270  42.225  33.852  15.232 0.0000000000
103053  40.561  34.530  1.107 0.0000000000
103662  41.913  35.564  1.419 0.0000000000
102411  40.903  33.354  -0.611 0.0000000000
101058  41.143  31.251  -2.183 0.0000000000
134135  48.468  29.430  5.433 0.0000000000
99081  46.874  29.232  7.027 0.0000000000
99744  49.363  28.720  7.291 0.0000000000
98383  33.230  26.949  6.682 0.0000000000
99093  34.429  28.096  7.329 0.0000000000
99090  37.509  29.077  7.300 0.0000000000
99047  37.540  28.430  8.841 0.0000000000
99046  38.335  28.330  8.923 0.0000000000
97698  39.047  26.699  10.741 0.0000000000
98358  39.405  27.857  9.562 0.0000000000
103084  41.433  35.002  -3.659 0.0000000000
104305  41.132  36.248  -2.418 0.0000000000
103076  39.566  34.616  -1.470 0.0000000000
98415  32.195  25.908  4.023 0.0000000000
98401  31.384  26.230  5.272 0.0000000000
103615  38.958  35.923  5.895 0.0000000000
103028  39.272  34.383  5.466 0.0000000000
103595  38.029  35.456  7.753 0.0000000000
104778  39.173  38.145  10.628 0.0000000000
105367  40.549  38.539  11.209 0.0000000000
104788  39.242  38.078  8.363 0.0000000000
104211  39.859  37.209  5.974 0.0000000000
99722  49.543  29.561  12.280 0.0000000000
98309  51.120  27.679  11.212 0.0000000000
98303  50.424  27.694  12.850 0.0000000000
94898  51.434  22.588  16.385 0.0000000000
94901  51.054  22.725  14.594 0.0000000000
93385  50.860  20.276  14.823 0.0000000000
97778  39.663  26.882  -2.930 0.0000000000
97757  40.623  26.444  -1.118 0.0000000000
97110  41.431  26.481  -1.675 0.0000000000
99805  45.197  29.077  -0.003 0.0000000000
98473  45.615  27.338  -0.478 0.0000000000
99794  46.595  29.103  0.842 0.0000000000
99130  47.935  29.299  2.787 0.0000000000
100441  47.741  30.519  3.021 0.0000000000
101654  41.435  32.583  7.065 0.0000000000
101685  42.238  31.887  4.747 0.0000000000
119832  42.136  32.564  7.699 0.0000000000
102312  45.263  32.970  12.201 0.0000000000
119348  45.062  32.652  9.041 0.0000000000
101622  46.416  33.120  10.047 0.0000000000
101635  47.785  32.870  7.982 0.0000000000
102332  47.853  33.788  10.412 0.0000000000
101609  48.618  33.078  10.634 0.0000000000
102983  47.828  34.487  12.781 0.0000000000
102937  47.369  35.159  17.282 0.0000000000
102262  48.036  34.137  16.395 0.0000000000
106505  41.851  40.481  5.263 0.0000000000
105951  42.069  39.721  3.715 0.0000000000
105950  43.075  39.447  4.238 0.0000000000
136528  44.869  40.374  11.397 0.0000000000
106975  45.416  41.552  10.775 0.0000000000
138195  45.222  39.616  8.804 0.0000000000
103660  45.340  35.283  1.652 0.0000000000
104218  46.695  36.893  4.329 0.0000000000
104256  46.518  35.902  1.839 0.0000000000
104864  46.492  36.296  1.393 0.0000000000
103683  46.033  35.149  -0.440 0.0000000000
103700  44.954  35.189  -2.837 0.0000000000
103083  44.490  33.842  -3.013 0.0000000000
99223  40.928  29.392  -4.793 0.0000000000
101087  41.055  30.882  -5.680 0.0000000000
99218  39.913  28.390  -4.649 0.0000000000
99198  39.050  28.155  -3.071 0.0000000000
98440  41.875  27.164  2.435 0.0000000000
98424  40.719  27.820  3.248 0.0000000000
98409  41.888  28.121  4.507 0.0000000000
118890  44.281  28.407  8.900 0.0000000000
99067  42.667  28.307  8.036 0.0000000000
98355  43.045  27.663  9.907 0.0000000000
97695  41.978  26.960  10.694 0.0000000000
122092  43.123  26.084  11.262 0.0000000000
97052  50.409  25.214  10.993 0.0000000000
135527  48.774  26.935  10.920 0.0000000000
97053  48.681  25.230  11.496 0.0000000000
98398  34.067  26.344  4.393 0.0000000000
99110  35.125  27.985  6.134 0.0000000000
99125  35.029  27.331  5.085 0.0000000000
126144  36.805  28.480  5.141 0.0000000000
99107  38.683  29.027  6.539 0.0000000000
101059  38.430  31.702  -2.218 0.0000000000
99151  33.492  27.072  2.958 0.0000000000
98299  48.368  28.057  14.034 0.0000000000
97653  50.046  26.982  14.122 0.0000000000
97028  49.566  25.579  15.652 0.0000000000
95673  51.133  23.906  16.924 0.0000000000
99209  40.982  28.298  -3.389 0.0000000000
98491  41.826  26.857  -2.469 0.0000000000
99187  42.892  27.654  -1.948 0.0000000000
99815  43.654  28.966  -0.590 0.0000000000
100459  44.072  30.119  1.651 0.0000000000
101596  41.035  32.714  12.127 0.0000000000
121650  42.369  32.565  10.964 0.0000000000
101589  42.217  32.891  13.042 0.0000000000
102296  43.866  32.975  13.840 0.0000000000
102295  44.947  33.115  13.835 0.0000000000
102293  46.740  34.481  14.229 0.0000000000
102958  45.447  34.469  16.135 0.0000000000
103544  46.103  35.780  18.036 0.0000000000
103535  46.309  35.999  18.988 0.0000000000
106481  43.760  40.896  8.383 0.0000000000
118934  42.698  37.645  5.999 0.0000000000
104809  43.933  37.627  6.303 0.0000000000
104235  42.943  36.358  3.592 0.0000000000
103661  43.097  35.409  1.263 0.0000000000
122224  43.369  34.434  -0.900 0.0000000000
101732  43.870  32.777  -3.141 0.0000000000
102423  43.099  32.631  -2.616 0.0000000000
100498  42.439  30.390  -4.428 0.0000000000
98406  44.951  27.514  4.036 0.0000000000
99134  43.936  27.897  5.323 0.0000000000
127394  44.940  28.336  6.169 0.0000000000
99064  45.127  28.824  8.243 0.0000000000
119248  45.850  28.328  10.134 0.0000000000
94181  48.405  21.207  11.942 0.0000000000
143572  47.737  22.477  11.476 0.0000000000
98339  35.795  27.457  10.459 0.0000000000
99072  36.231  28.877  7.955 0.0000000000
135899  36.854  27.899  9.757 0.0000000000
97700  37.235  26.813  10.700 0.0000000000
97677  37.738  26.185  10.990 0.0000000000
134955  39.059  25.261  11.151 0.0000000000
95703  39.916  24.080  11.050 0.0000000000
104890  41.863  37.588  -3.117 0.0000000000
104882  40.694  37.614  -1.612 0.0000000000
126193  39.757  33.254  1.920 0.0000000000
101029  39.845  32.009  1.983 0.0000000000
102379  39.609  33.285  4.109 0.0000000000
102367  39.703  33.302  6.418 0.0000000000
102341  39.948  32.891  8.883 0.0000000000
101605  40.075  32.693  10.914 0.0000000000
102300  39.961  33.149  13.539 0.0000000000
107451  43.794  43.044  14.810 0.0000000000
106439  44.061  40.783  13.218 0.0000000000
105922  43.099  39.265  10.742 0.0000000000
105393  42.160  38.171  7.544 0.0000000000
141979  41.192  37.584  6.054 0.0000000000
103638  40.440  35.492  3.217 0.0000000000
100402  49.947  30.266  9.027 0.0000000000
99061  50.212  28.388  7.887 0.0000000000
99037  51.086  27.677  8.628 0.0000000000
97666  51.431  26.186  10.374 0.0000000000
96395  50.677  24.379  11.607 0.0000000000
97032  51.216  25.303  14.114 0.0000000000
95682  50.977  23.951  12.767 0.0000000000
94909  49.498  22.340  12.411 0.0000000000
98467  37.014  26.987  0.360 0.0000000000
98458  37.933  27.109  1.347 0.0000000000
130355  39.096  26.885  -0.075 0.0000000000
97733  41.097  26.745  0.884 0.0000000000
98454  42.417  26.638  1.687 0.0000000000
97754  43.802  26.062  -0.635 0.0000000000
97730  44.577  26.275  0.806 0.0000000000
98437  45.638  27.023  2.156 0.0000000000
99148  46.899  27.916  3.080 0.0000000000
99769  48.367  29.484  4.608 0.0000000000
100421  49.198  30.282  5.873 0.0000000000
101027  41.365  31.126  2.445 0.0000000000
101025  43.216  31.046  2.913 0.0000000000
101015  44.661  31.123  3.688 0.0000000000
119624  43.777  32.510  8.197 0.0000000000
101674  45.099  32.200  6.334 0.0000000000
134768  45.927  31.767  5.140 0.0000000000
100992  47.451  31.993  5.478 0.0000000000
101662  48.277  32.106  6.597 0.0000000000
100977  49.397  30.869  7.400 0.0000000000
100961  49.369  31.380  9.500 0.0000000000
100956  49.085  31.765  11.321 0.0000000000
100951  48.378  31.199  13.509 0.0000000000
102954  48.145  35.057  14.665 0.0000000000
101580  48.310  32.990  14.241 0.0000000000
100952  47.965  30.526  13.990 0.0000000000
99714  46.939  29.467  15.473 0.0000000000
106526  41.359  40.964  3.102 0.0000000000
105979  43.152  39.587  1.760 0.0000000000
105449  44.747  38.796  0.367 0.0000000000
118418  46.456  38.030  5.791 0.0000000000
118569  45.648  39.573  5.361 0.0000000000
124681  44.959  38.405  3.146 0.0000000000
105440  45.248  37.730  0.825 0.0000000000
105455  45.143  38.332  -1.050 0.0000000000
104899  44.647  37.326  -2.973 0.0000000000
103708  42.628  35.562  -4.317 0.0000000000
102431  40.558  33.356  -4.109 0.0000000000
131639  43.297  32.691  -4.909 0.0000000000
101748  40.826  32.172  -5.446 0.0000000000
101067  39.051  31.752  -3.541 0.0000000000
99829  38.305  29.736  -2.362 0.0000000000
99190  38.163  28.381  -1.389 0.0000000000
99149  38.845  28.182  3.438 0.0000000000
122187  39.462  28.639  5.034 0.0000000000
99106  40.121  28.722  6.474 0.0000000000
135961  42.755  28.243  6.447 0.0000000000
119184  41.518  28.466  6.879 0.0000000000
119134  40.427  28.463  8.057 0.0000000000
135738  40.629  27.242  10.246 0.0000000000
97061  40.743  25.530  11.316 0.0000000000
139180  48.944  28.253  9.072 0.0000000000
99027  47.341  28.092  10.662 0.0000000000
98313  45.561  27.100  11.240 0.0000000000
95697  46.975  23.667  11.152 0.0000000000
97057  44.791  25.889  11.363 0.0000000000
94856  51.038  22.271  20.370 0.0000000000
94145  51.957  20.533  19.634 0.0000000000
98427  35.891  26.550  2.741 0.0000000000
97726  36.303  26.527  2.032 0.0000000000
98468  36.214  27.081  0.750 0.0000000000
99172  36.236  27.776  0.442 0.0000000000
98459  35.526  26.654  1.133 0.0000000000
97738  35.059  26.453  1.608 0.0000000000
96336  48.507  24.179  18.538 0.0000000000
101049  40.155  31.145  -0.229 0.0000000000
100475  40.567  30.308  -0.739 0.0000000000
101041  39.937  31.386  0.731 0.0000000000
101715  39.948  32.842  0.641 0.0000000000
102402  40.532  33.765  0.242 0.0000000000
119302  40.319  32.933  -0.061 0.0000000000
121559  40.901  32.032  -1.462 0.0000000000
120646  49.299  29.491  6.326 0.0000000000
99761  48.767  29.334  6.245 0.0000000000
99752  49.484  29.044  6.754 0.0000000000
99111  34.190  27.380  6.371 0.0000000000
127238  38.805  28.553  8.393 0.0000000000
99070  38.076  28.743  8.081 0.0000000000
98359  38.592  27.803  9.644 0.0000000000
99045  39.125  28.275  9.016 0.0000000000
103085  40.592  34.487  -2.884 0.0000000000
103086  39.832  34.113  -2.190 0.0000000000
98399  33.021  25.849  4.604 0.0000000000
98416  31.516  26.203  4.475 0.0000000000
98400  31.991  25.675  4.902 0.0000000000
98391  32.013  26.004  5.930 0.0000000000
104798  38.621  37.153  7.217 0.0000000000
103606  38.384  35.635  7.073 0.0000000000
103607  37.909  36.221  7.959 0.0000000000
104789  38.489  37.788  8.934 0.0000000000
132802  39.420  38.200  9.299 0.0000000000
119053  38.552  37.574  7.972 0.0000000000
104201  39.179  37.243  6.601 0.0000000000
99723  48.955  29.675  12.937 0.0000000000
99022  50.058  28.350  12.664 0.0000000000
120548  49.683  28.137  13.246 0.0000000000
94174  51.434  21.763  15.938 0.0000000000
97788  39.855  26.814  -3.476 0.0000000000
97112  40.267  26.532  -2.375 0.0000000000
97775  40.682  26.741  -2.911 0.0000000000
99795  45.674  29.419  0.707 0.0000000000
99804  46.086  28.693  0.083 0.0000000000
100457  46.172  29.842  1.314 0.0000000000
100448  47.450  29.835  1.794 0.0000000000
125677  46.784  30.673  2.779 0.0000000000
123497  41.253  32.610  7.795 0.0000000000
120607  42.142  32.487  6.903 0.0000000000
101639  41.703  32.559  8.470 0.0000000000
101610  45.741  32.960  10.511 0.0000000000
121017  46.443  33.342  10.865 0.0000000000
102333  47.237  33.608  10.427 0.0000000000
125830  47.025  33.880  11.177 0.0000000000
120173  47.541  34.011  11.142 0.0000000000
119651  46.940  34.252  12.504 0.0000000000
102935  47.303  35.058  18.205 0.0000000000
106488  42.610  40.558  6.926 0.0000000000
125623  41.581  40.692  6.914 0.0000000000
120317  42.639  40.353  5.739 0.0000000000
106504  42.810  39.989  5.129 0.0000000000
106503  43.745  40.152  5.808 0.0000000000
121551  44.340  39.497  10.052 0.0000000000
105920  45.015  40.023  10.390 0.0000000000
105926  44.461  39.289  9.274 0.0000000000
143904  45.411  34.934  0.913 0.0000000000
103645  46.245  35.614  2.203 0.0000000000
103672  45.719  34.693  0.360 0.0000000000
103671  46.149  35.038  0.316 0.0000000000
103684  45.732  34.614  -0.371 0.0000000000
103082  45.002  34.399  -2.111 0.0000000000
98517  40.291  27.672  -4.304 0.0000000000
99225  40.109  29.193  -4.991 0.0000000000
98518  39.967  27.604  -4.301 0.0000000000
98507  39.773  27.077  -3.817 0.0000000000
128145  42.246  27.426  3.036 0.0000000000
124626  42.089  27.758  3.722 0.0000000000
136877  44.366  28.098  9.764 0.0000000000
99042  43.571  28.024  9.371 0.0000000000
98354  43.765  27.736  10.043 0.0000000000
131962  43.481  27.310  10.587 0.0000000000
97672  43.612  26.711  11.113 0.0000000000
96396  49.657  24.118  11.623 0.0000000000
122277  49.608  24.837  11.466 0.0000000000
96397  48.603  24.239  11.546 0.0000000000
99140  34.940  26.901  4.242 0.0000000000
99138  36.637  27.963  4.140 0.0000000000
120020  37.993  29.135  6.064 0.0000000000
99122  38.552  28.933  5.415 0.0000000000
100486  37.835  30.333  -1.591 0.0000000000
101060  37.985  31.319  -1.505 0.0000000000
134333  37.340  30.911  -0.885 0.0000000000
100468  35.910  29.606  0.812 0.0000000000
100467  36.288  30.620  0.358 0.0000000000
98447  34.057  26.673  2.507 0.0000000000
98429  33.733  26.485  3.285 0.0000000000
98414  33.299  25.927  3.804 0.0000000000
98300  47.860  27.320  14.555 0.0000000000
97643  49.091  26.226  15.044 0.0000000000
97029  48.409  25.718  15.552 0.0000000000
95659  50.265  23.778  17.985 0.0000000000
96351  50.635  24.192  17.177 0.0000000000
95658  50.943  23.618  17.684 0.0000000000
131982  51.504  22.565  17.400 0.0000000000
94879  51.592  22.154  18.353 0.0000000000
107561  41.848  42.602  2.671 0.0000000000
108081  42.909  43.427  2.379 0.0000000000
99197  41.052  28.657  -3.071 0.0000000000
99196  41.699  27.552  -2.445 0.0000000000
99188  41.868  28.196  -2.199 0.0000000000
99807  42.008  29.560  0.056 0.0000000000
99816  42.668  29.167  -0.684 0.0000000000
128433  43.057  29.546  0.071 0.0000000000
99806  44.093  29.379  0.104 0.0000000000
99797  43.398  29.950  0.919 0.0000000000
102299  40.858  33.104  13.642 0.0000000000
101595  41.854  32.755  12.307 0.0000000000
102298  41.796  33.157  13.853 0.0000000000
121500  43.036  33.621  15.260 0.0000000000
102279  43.402  33.215  14.608 0.0000000000
102278  44.420  33.262  14.621 0.0000000000
134294  44.847  33.668  15.224 0.0000000000
102268  44.707  34.011  15.842 0.0000000000
103545  45.006  35.672  17.799 0.0000000000
103536  45.520  36.160  18.557 0.0000000000
104125  45.769  36.477  19.361 0.0000000000
104832  41.973  37.156  4.847 0.0000000000
104831  42.998  37.011  4.919 0.0000000000
104249  42.278  36.170  2.821 0.0000000000
103060  41.473  34.669  0.159 0.0000000000
103675  42.322  35.168  0.662 0.0000000000
103687  42.800  34.781  -0.119 0.0000000000
103674  43.551  34.986  0.507 0.0000000000
103074  42.873  33.880  -1.420 0.0000000000
102415  43.562  33.364  -2.167 0.0000000000
102416  42.437  33.133  -1.860 0.0000000000
101066  41.312  30.499  -2.739 0.0000000000
101065  42.153  31.183  -3.175 0.0000000000
99850  41.548  29.855  -3.936 0.0000000000
99849  41.279  29.436  -3.933 0.0000000000
130002  46.066  28.133  4.633 0.0000000000
99133  44.940  27.863  4.878 0.0000000000
99116  45.627  28.318  5.508 0.0000000000
99754  47.464  29.275  7.534 0.0000000000
99063  46.314  29.128  7.880 0.0000000000
119022  46.007  28.941  8.708 0.0000000000
135828  46.583  28.788  9.386 0.0000000000
123394  34.920  27.519  10.529 0.0000000000
98362  35.225  28.022  9.946 0.0000000000
99109  36.082  28.623  6.489 0.0000000000
99092  35.527  28.599  7.148 0.0000000000
98360  37.297  28.073  9.435 0.0000000000
99048  36.523  28.484  8.980 0.0000000000
98338  36.667  27.428  10.316 0.0000000000
97699  38.110  26.784  10.650 0.0000000000
97676  39.104  25.906  11.131 0.0000000000
96406  39.461  24.727  11.129 0.0000000000
97062  39.766  25.377  11.256 0.0000000000
104901  43.447  37.521  -3.848 0.0000000000
104303  42.515  37.106  -3.708 0.0000000000
103694  40.473  35.786  -1.806 0.0000000000
104290  40.602  36.669  -1.683 0.0000000000
104291  40.024  36.210  -1.080 0.0000000000
104277  39.530  36.654  -0.499 0.0000000000
103039  39.851  34.615  3.245 0.0000000000
102384  39.623  33.688  3.354 0.0000000000
120692  39.570  34.299  4.083 0.0000000000
102374  39.557  33.566  5.643 0.0000000000
102360  40.061  33.068  7.231 0.0000000000
102326  39.149  32.929  11.025 0.0000000000
102315  39.537  32.956  12.702 0.0000000000
108001  43.174  43.488  15.279 0.0000000000
107440  42.704  43.354  15.586 0.0000000000
106953  43.134  41.373  14.236 0.0000000000
106440  43.321  40.732  13.486 0.0000000000
105904  43.416  39.881  12.041 0.0000000000
105384  41.044  38.287  9.147 0.0000000000
137847  41.210  38.386  9.889 0.0000000000
105383  41.977  38.460  9.454 0.0000000000
105389  41.667  38.284  8.483 0.0000000000
104810  41.785  37.781  6.520 0.0000000000
136160  41.244  37.951  7.142 0.0000000000
104222  39.820  36.099  4.735 0.0000000000
104210  40.249  36.810  5.201 0.0000000000
137382  39.884  35.125  3.770 0.0000000000
99730  50.288  29.676  9.650 0.0000000000
99733  50.471  29.152  8.524 0.0000000000
99726  50.588  29.090  10.290 0.0000000000
98307  51.149  27.236  11.885 0.0000000000
98308  51.470  26.949  10.739 0.0000000000
132291  51.468  25.754  11.049 0.0000000000
97051  50.948  24.992  11.033 0.0000000000
96394  51.120  24.663  11.528 0.0000000000
97033  50.839  25.865  14.697 0.0000000000
97647  50.413  26.489  14.386 0.0000000000
96379  51.183  25.186  15.017 0.0000000000
94902  50.386  22.305  14.131 0.0000000000
94904  50.856  23.143  13.887 0.0000000000
94905  50.267  22.984  13.276 0.0000000000
95683  50.414  23.515  12.498 0.0000000000
94906  49.837  22.295  13.267 0.0000000000
94178  49.498  21.450  13.074 0.0000000000
93388  49.659  20.591  13.564 0.0000000000
97760  37.955  26.903  -0.159 0.0000000000
97747  38.153  26.778  0.151 0.0000000000
97759  38.985  26.996  -0.664 0.0000000000
97756  41.496  26.307  -0.651 0.0000000000
97745  40.807  26.589  -0.103 0.0000000000
97744  41.727  26.327  0.220 0.0000000000
97732  41.996  26.346  1.011 0.0000000000
97731  42.911  26.079  0.886 0.0000000000
98483  43.434  26.795  -1.637 0.0000000000
98484  42.520  26.618  -1.815 0.0000000000
97764  44.120  26.413  -0.992 0.0000000000
98465  45.919  27.001  0.093 0.0000000000
97741  45.056  26.495  0.057 0.0000000000
97729  45.417  26.655  0.652 0.0000000000
98452  45.115  26.649  1.464 0.0000000000
98420  46.242  27.454  2.716 0.0000000000
99157  47.046  27.851  2.350 0.0000000000
136780  48.158  29.969  3.026 0.0000000000
99777  48.258  29.536  3.658 0.0000000000
99768  48.672  30.032  4.348 0.0000000000
100426  48.954  30.317  5.015 0.0000000000
101000  48.742  30.976  4.819 0.0000000000
101695  40.236  32.202  3.571 0.0000000000
101028  40.418  31.527  2.315 0.0000000000
101694  41.069  31.769  3.828 0.0000000000
101684  43.131  31.927  5.006 0.0000000000
101017  42.635  31.397  3.468 0.0000000000
101016  43.565  31.292  3.621 0.0000000000
101005  43.880  31.569  4.417 0.0000000000
101613  42.960  32.508  10.174 0.0000000000
101624  42.722  32.523  9.330 0.0000000000
119349  43.534  32.545  9.540 0.0000000000
101637  45.550  32.604  8.350 0.0000000000
101651  45.043  32.477  7.690 0.0000000000
101664  45.467  32.373  7.022 0.0000000000
100994  44.980  31.948  5.553 0.0000000000
131781  46.002  32.191  6.399 0.0000000000
122844  47.011  31.745  4.853 0.0000000000
100986  46.998  32.360  6.409 0.0000000000
101620  48.062  33.176  8.815 0.0000000000
101647  48.150  32.503  7.338 0.0000000000
101634  48.355  32.592  7.998 0.0000000000
100978  48.746  31.776  7.157 0.0000000000
100972  48.925  31.917  8.097 0.0000000000
100962  48.951  32.120  8.989 0.0000000000
102309  48.475  33.485  12.188 0.0000000000
101598  48.733  32.703  11.524 0.0000000000
101591  48.649  32.455  12.518 0.0000000000
140063  48.740  31.342  12.737 0.0000000000
133110  48.436  32.121  13.399 0.0000000000
102266  46.596  34.722  15.119 0.0000000000
102968  47.441  35.093  14.701 0.0000000000
102955  47.952  35.242  15.072 0.0000000000
101572  47.933  32.967  16.403 0.0000000000
101574  48.160  33.390  15.448 0.0000000000
128280  47.942  32.076  15.159 0.0000000000
100949  48.109  31.627  14.207 0.0000000000
121920  47.602  30.981  14.953 0.0000000000
100388  47.376  30.030  14.750 0.0000000000
107028  40.538  41.710  5.774 0.0000000000
131985  40.248  41.940  6.382 0.0000000000
107049  40.899  41.379  3.944 0.0000000000
105960  42.771  39.232  3.180 0.0000000000
105961  41.902  39.996  2.989 0.0000000000
105978  43.946  39.176  1.071 0.0000000000
136266  43.635  38.823  1.750 0.0000000000
104830  44.442  36.898  5.135 0.0000000000
118419  45.314  37.951  6.416 0.0000000000
104219  45.372  36.541  4.544 0.0000000000
104839  46.831  37.394  3.862 0.0000000000
104818  46.954  38.159  5.168 0.0000000000
105416  46.834  38.306  4.528 0.0000000000
118421  46.285  39.058  4.859 0.0000000000
105417  45.758  38.642  4.069 0.0000000000
105424  46.473  38.045  3.614 0.0000000000
104872  46.181  36.154  0.452 0.0000000000
104856  46.342  37.038  1.642 0.0000000000
104873  45.447  37.029  -0.229 0.0000000000
121389  45.220  37.832  -0.058 0.0000000000
104881  45.221  37.256  -1.242 0.0000000000
104888  44.975  37.367  -2.161 0.0000000000
132326  45.010  36.611  -2.395 0.0000000000
103092  44.060  34.715  -3.801 0.0000000000
103707  43.392  35.626  -4.148 0.0000000000
103093  43.076  34.786  -4.406 0.0000000000
103094  41.637  34.313  -4.411 0.0000000000
102430  41.140  33.655  -4.649 0.0000000000
101071  43.715  31.642  -3.969 0.0000000000
101745  43.785  32.114  -4.387 0.0000000000
101746  43.288  31.863  -5.086 0.0000000000
100505  39.840  30.121  -5.062 0.0000000000
101081  40.742  31.223  -5.473 0.0000000000
101073  40.231  31.726  -4.760 0.0000000000
101741  39.724  32.154  -3.965 0.0000000000
101075  39.051  30.872  -3.793 0.0000000000
101068  38.665  31.239  -3.000 0.0000000000
100493  38.710  30.182  -3.262 0.0000000000
98485  39.219  27.240  -2.084 0.0000000000
99189  38.760  27.862  -2.184 0.0000000000
98486  38.437  27.592  -1.242 0.0000000000
98477  37.796  27.220  -0.374 0.0000000000
98457  39.171  27.360  1.646 0.0000000000
98443  38.297  27.536  2.022 0.0000000000
121794  39.072  27.779  2.631 0.0000000000
99135  41.203  28.289  4.599 0.0000000000
99136  39.613  28.409  4.175 0.0000000000
118951  40.116  28.466  4.795 0.0000000000
119183  40.165  28.622  5.561 0.0000000000
99105  40.964  28.523  6.090 0.0000000000
137241  43.824  28.070  5.999 0.0000000000
99118  43.136  28.102  5.793 0.0000000000
99102  43.428  28.182  6.654 0.0000000000
99043  42.621  28.081  9.085 0.0000000000
120335  42.049  28.343  7.477 0.0000000000
99068  41.876  28.262  8.411 0.0000000000
99086  41.281  28.409  7.778 0.0000000000
98374  41.019  28.234  8.718 0.0000000000
120554  40.798  27.772  9.552 0.0000000000
98333  41.399  27.401  10.066 0.0000000000
97673  42.303  26.155  11.198 0.0000000000
135510  41.447  26.206  11.109 0.0000000000
97060  41.782  25.363  11.398 0.0000000000
96404  41.235  24.575  11.432 0.0000000000
95701  41.617  23.765  11.400 0.0000000000
98353  50.634  27.188  8.597 0.0000000000
99039  49.683  28.062  8.322 0.0000000000
119159  49.767  27.526  8.919 0.0000000000
136380  48.082  26.991  11.387 0.0000000000
98310  48.226  27.552  10.875 0.0000000000
98311  47.294  27.323  11.316 0.0000000000
98312  46.356  27.556  11.062 0.0000000000
97669  46.387  26.803  11.435 0.0000000000
94920  47.110  22.776  11.178 0.0000000000
95713  46.392  23.176  10.694 0.0000000000
98428  34.992  26.146  2.846 0.0000000000
98411  36.501  27.365  3.326 0.0000000000
99150  37.599  28.070  3.559 0.0000000000
99819  37.456  28.865  -0.821 0.0000000000
99820  36.807  29.358  -0.359 0.0000000000
99809  36.298  28.842  0.243 0.0000000000
99173  35.757  28.209  0.888 0.0000000000
99799  35.321  28.766  1.542 0.0000000000
125616  34.707  27.850  1.898 0.0000000000
99158  34.523  26.822  1.738 0.0000000000
98446  34.672  26.315  2.246 0.0000000000
97024  47.798  25.385  16.227 0.0000000000
97023  48.785  25.163  16.201 0.0000000000
97001  48.227  24.822  16.894 0.0000000000
96335  49.438  23.984  18.275 0.0000000000
95643  49.934  23.539  18.890 0.0000000000
99840  41.066  29.691  -2.695 0.0000000000
99817  41.432  28.990  -1.597 0.0000000000
99818  40.885  29.644  -0.905 0.0000000000
99808  41.004  29.751  0.049 0.0000000000
100466  41.603  29.945  0.798 0.0000000000
130066  40.991  34.371  15.347 0.0000000000
132558  41.680  33.586  14.667 0.0000000000
102960  41.842  34.437  15.600 0.0000000000
124913  42.987  35.069  16.346 0.0000000000
103649  40.870  35.542  2.490 0.0000000000
103648  41.612  35.835  2.202 0.0000000000
103676  41.371  35.104  0.983 0.0000000000
103068  41.310  34.014  -0.442 0.0000000000
102410  41.829  33.622  -1.070 0.0000000000
101057  41.920  32.211  -2.332 0.0000000000
99770  47.647  29.089  5.163 0.0000000000
99099  46.609  28.845  5.753 0.0000000000
99762  47.563  29.225  6.109 0.0000000000
134252  47.875  29.280  6.768 0.0000000000
99745  48.173  29.095  7.934 0.0000000000
99071  37.089  28.853  8.097 0.0000000000
135397  37.881  28.033  9.401 0.0000000000
98336  38.527  27.237  10.287 0.0000000000
98335  39.247  27.384  10.147 0.0000000000
97697  39.904  27.017  10.520 0.0000000000
103701  41.616  35.913  -3.238 0.0000000000
104304  41.726  36.735  -3.101 0.0000000000
103702  40.947  35.376  -2.631 0.0000000000
103075  40.247  34.922  -1.981 0.0000000000
103695  39.814  35.380  -1.282 0.0000000000
138441  31.719  26.375  4.014 0.0000000000
99142  31.780  27.172  4.300 0.0000000000
98384  32.291  26.719  6.934 0.0000000000
103622  39.274  35.379  5.208 0.0000000000
103033  39.418  34.599  4.808 0.0000000000
103614  38.936  35.012  5.964 0.0000000000
103024  38.723  34.867  6.697 0.0000000000
105368  39.585  38.436  11.328 0.0000000000
105358  40.245  38.754  11.788 0.0000000000
138062  39.589  38.219  10.071 0.0000000000
104787  40.149  38.194  8.826 0.0000000000
118855  39.969  38.059  8.038 0.0000000000
104796  40.420  37.948  7.392 0.0000000000
120357  39.836  37.616  6.727 0.0000000000
135334  39.208  36.681  6.074 0.0000000000
100392  49.535  30.209  11.696 0.0000000000
99025  50.769  28.428  11.030 0.0000000000
99026  50.114  28.821  12.112 0.0000000000
99021  50.610  28.079  12.022 0.0000000000
97656  50.883  26.973  12.800 0.0000000000
95675  51.379  23.474  15.820 0.0000000000
95677  51.289  23.550  14.729 0.0000000000
94899  51.279  22.696  15.399 0.0000000000
94175  51.030  21.961  14.999 0.0000000000
94176  50.556  21.276  14.590 0.0000000000
97770  39.586  26.814  -2.113 0.0000000000
120129  39.479  26.842  -1.474 0.0000000000
97769  39.868  26.574  -2.048 0.0000000000
97111  40.781  26.462  -1.815 0.0000000000
97105  41.986  26.291  -1.049 0.0000000000
99177  44.979  27.671  -0.847 0.0000000000
98474  44.894  26.875  -0.716 0.0000000000
99170  45.619  28.206  -0.487 0.0000000000
99168  46.563  28.326  0.407 0.0000000000
99163  47.032  28.325  0.924 0.0000000000
99156  47.320  28.246  1.690 0.0000000000
99789  47.652  29.165  2.048 0.0000000000
100440  47.818  29.875  2.435 0.0000000000
101002  47.648  31.219  3.994 0.0000000000
101679  40.575  32.527  5.539 0.0000000000
101686  41.446  31.882  4.472 0.0000000000
101668  41.600  32.426  6.176 0.0000000000
101677  42.404  32.173  5.567 0.0000000000
101667  42.636  32.404  6.380 0.0000000000
101600  44.584  32.786  11.454 0.0000000000
101623  44.440  32.646  9.713 0.0000000000
101611  44.784  32.782  10.572 0.0000000000
118868  45.449  32.832  9.819 0.0000000000
143940  46.254  32.694  8.261 0.0000000000
101636  46.989  32.795  7.974 0.0000000000
136255  47.093  33.240  9.614 0.0000000000
102340  47.709  33.457  9.638 0.0000000000
102339  48.161  33.408  9.663 0.0000000000
140012  48.487  33.178  9.986 0.0000000000
102331  48.222  33.604  10.489 0.0000000000
102982  48.114  34.108  11.995 0.0000000000
131778  48.215  34.124  12.862 0.0000000000
103542  47.042  35.398  17.012 0.0000000000
128933  47.898  35.068  15.947 0.0000000000
122146  47.816  34.829  16.848 0.0000000000
102257  47.861  34.043  17.346 0.0000000000
106490  40.952  40.754  7.348 0.0000000000
106497  40.738  41.086  6.525 0.0000000000
106506  41.056  40.982  5.540 0.0000000000
106516  41.208  40.775  4.623 0.0000000000
106514  41.953  40.076  4.446 0.0000000000
105425  43.681  38.742  2.889 0.0000000000
106451  45.140  41.082  12.143 0.0000000000
106967  45.355  41.778  11.601 0.0000000000
106463  45.457  40.762  10.600 0.0000000000
105919  45.457  40.446  9.686 0.0000000000
103646  45.233  35.599  2.537 0.0000000000
104233  45.934  36.263  3.824 0.0000000000
104247  46.241  35.907  3.079 0.0000000000
104232  46.755  36.583  3.504 0.0000000000
104846  46.937  36.909  3.061 0.0000000000
104847  46.678  37.229  2.539 0.0000000000
139054  46.257  35.509  0.166 0.0000000000
104288  45.658  35.549  -1.141 0.0000000000
104302  45.313  35.539  -2.085 0.0000000000
103091  44.702  34.635  -3.077 0.0000000000
124751  43.861  33.914  -3.940 0.0000000000
100507  41.890  30.390  -5.298 0.0000000000
101086  41.683  30.863  -5.650 0.0000000000
99861  40.458  29.855  -5.146 0.0000000000
99862  40.170  29.732  -5.105 0.0000000000
99855  39.630  29.656  -4.574 0.0000000000
99851  39.275  29.415  -3.930 0.0000000000
99210  39.396  28.509  -3.833 0.0000000000
98492  39.366  27.386  -2.966 0.0000000000
98441  41.010  27.327  2.507 0.0000000000
119509  41.308  28.041  3.865 0.0000000000
99065  44.138  28.453  7.984 0.0000000000
99084  43.392  28.302  7.571 0.0000000000
99066  43.425  28.275  8.502 0.0000000000
98356  42.217  27.586  9.929 0.0000000000
98332  42.692  27.288  10.438 0.0000000000
132009  42.840  26.809  10.922 0.0000000000
97059  42.703  25.346  11.448 0.0000000000
97694  50.756  26.321  9.587 0.0000000000
97667  49.779  26.384  10.399 0.0000000000
133055  49.657  25.617  11.133 0.0000000000
97668  48.634  26.217  11.372 0.0000000000
97054  47.882  25.618  11.531 0.0000000000
99126  34.094  26.797  5.375 0.0000000000
99124  35.978  28.315  5.614 0.0000000000
99139  35.815  27.756  4.635 0.0000000000
99108  37.060  28.996  6.241 0.0000000000
119352  37.916  29.156  6.686 0.0000000000
141364  38.250  29.003  7.258 0.0000000000
99089  38.958  28.785  7.551 0.0000000000
101736  38.724  32.552  -2.242 0.0000000000
101050  37.598  31.980  -0.715 0.0000000000
100477  36.771  30.367  -0.340 0.0000000000
99785  33.622  28.142  2.836 0.0000000000
98430  32.913  26.488  3.575 0.0000000000
132433  38.874  38.814  12.191 0.0000000000
105369  38.778  38.426  11.744 0.0000000000
127031  38.301  37.711  10.402 0.0000000000
99720  48.076  28.912  13.843 0.0000000000
98305  49.215  27.834  13.809 0.0000000000
139659  48.735  27.460  14.179 0.0000000000
97034  50.059  26.138  15.034 0.0000000000
97027  50.597  25.571  15.408 0.0000000000
97022  49.642  25.070  16.282 0.0000000000
96376  50.399  25.163  16.053 0.0000000000
96369  51.303  24.005  16.264 0.0000000000
95672  51.353  23.361  16.701 0.0000000000
94172  51.759  21.537  17.042 0.0000000000
98506  40.569  27.174  -3.858 0.0000000000
97785  41.123  26.835  -2.826 0.0000000000
98505  41.042  27.275  -3.173 0.0000000000
140314  42.613  26.946  -2.167 0.0000000000
143187  43.658  27.624  -1.461 0.0000000000
99180  42.356  28.665  -1.469 0.0000000000
99179  43.291  28.422  -1.284 0.0000000000
99178  44.133  28.141  -1.080 0.0000000000
99171  44.648  28.628  -0.551 0.0000000000
99796  44.588  29.683  0.817 0.0000000000
100458  45.119  29.939  1.465 0.0000000000
122274  41.458  32.569  10.669 0.0000000000
101614  42.032  32.497  9.915 0.0000000000
101603  41.638  32.642  11.520 0.0000000000
122976  42.271  32.656  11.776 0.0000000000
101602  42.946  32.596  11.693 0.0000000000
102280  42.482  33.370  14.579 0.0000000000
101588  42.893  32.759  12.976 0.0000000000
101593  43.445  32.709  12.425 0.0000000000
101592  44.342  32.866  12.958 0.0000000000
125183  45.395  33.051  13.111 0.0000000000
102311  46.239  33.504  12.803 0.0000000000
102310  46.837  34.332  13.345 0.0000000000
102277  45.705  33.656  14.680 0.0000000000
102267  45.618  34.170  15.522 0.0000000000
102957  46.313  34.920  15.920 0.0000000000
102938  45.370  35.244  17.275 0.0000000000
103551  46.406  35.388  17.230 0.0000000000
103543  46.898  35.468  17.713 0.0000000000
103534  46.833  35.523  18.605 0.0000000000
103520  46.703  35.474  19.586 0.0000000000
139388  43.286  40.639  7.627 0.0000000000
137810  43.453  38.305  7.584 0.0000000000
105387  44.099  38.604  8.148 0.0000000000
104820  43.527  37.310  5.587 0.0000000000
104840  43.660  36.604  4.374 0.0000000000
104257  42.688  35.810  2.052 0.0000000000
104248  43.714  35.977  2.834 0.0000000000
122626  44.361  35.163  1.099 0.0000000000
103673  44.776  34.770  0.379 0.0000000000
103066  44.435  34.358  -0.994 0.0000000000
103073  44.374  33.713  -2.127 0.0000000000
128423  43.901  34.028  -1.584 0.0000000000
101733  43.598  32.210  -3.278 0.0000000000
101064  43.266  31.376  -3.675 0.0000000000
101734  42.926  31.904  -3.027 0.0000000000
101072  42.795  30.743  -3.972 0.0000000000
100503  42.541  30.374  -4.912 0.0000000000
99853  41.621  29.861  -4.567 0.0000000000
99215  40.932  28.986  -4.186 0.0000000000
98422  44.133  27.398  3.650 0.0000000000
122278  43.431  27.642  4.177 0.0000000000
98407  44.085  27.651  4.523 0.0000000000
99117  44.542  28.091  5.728 0.0000000000
99101  44.233  28.208  6.429 0.0000000000
140072  46.453  29.007  6.494 0.0000000000
99082  45.664  28.872  7.188 0.0000000000
120685  44.723  28.602  7.479 0.0000000000
99041  45.267  28.575  9.387 0.0000000000
99032  45.028  28.139  10.185 0.0000000000
94910  48.945  22.005  11.891 0.0000000000
94919  48.575  22.605  11.624 0.0000000000
129764  48.095  21.877  11.641 0.0000000000
97702  35.434  26.820  10.967 0.0000000000
143888  34.849  28.137  6.761 0.0000000000
99073  35.376  28.712  8.172 0.0000000000
98361  36.100  28.005  9.844 0.0000000000
97701  36.339  26.776  10.841 0.0000000000
97678  36.899  26.133  11.102 0.0000000000
139517  38.462  26.235  10.959 0.0000000000
97063  38.312  25.536  11.093 0.0000000000
96415  39.078  24.251  10.805 0.0000000000
137292  41.377  37.841  -2.394 0.0000000000
102417  39.218  33.910  -1.546 0.0000000000
103077  39.123  34.388  -1.058 0.0000000000
101709  39.749  32.602  1.490 0.0000000000
101036  39.793  31.898  1.340 0.0000000000
101703  39.737  32.650  2.353 0.0000000000
101696  39.678  32.788  3.275 0.0000000000
101688  39.841  32.658  4.071 0.0000000000
137979  39.482  33.796  4.849 0.0000000000
139708  39.835  32.940  4.941 0.0000000000
102373  39.957  32.953  5.824 0.0000000000
101669  40.558  32.739  6.523 0.0000000000
127116  40.585  32.775  7.771 0.0000000000
101615  40.644  32.612  10.391 0.0000000000
101604  40.819  32.648  11.246 0.0000000000
102314  40.465  32.858  12.820 0.0000000000
102282  40.412  33.450  14.301 0.0000000000
107469  44.390  42.583  14.192 0.0000000000
107452  43.236  42.802  15.280 0.0000000000
106952  44.171  41.489  13.950 0.0000000000
106438  44.722  41.247  13.056 0.0000000000
106452  44.294  40.447  12.388 0.0000000000
105921  44.062  39.711  10.864 0.0000000000
105375  43.509  39.082  9.847 0.0000000000
105916  40.978  38.838  11.690 0.0000000000
105365  42.157  38.889  10.973 0.0000000000
105376  42.533  38.784  10.151 0.0000000000
105388  42.837  38.467  8.523 0.0000000000
104821  41.679  37.440  5.616 0.0000000000
104220  41.446  36.757  4.275 0.0000000000
119312  40.753  37.346  5.683 0.0000000000
104221  40.591  36.512  4.462 0.0000000000
104237  40.941  36.260  3.713 0.0000000000
103046  40.284  34.881  2.427 0.0000000000
103047  39.965  34.104  1.942 0.0000000000
100410  49.910  30.003  7.481 0.0000000000
99743  50.117  29.042  7.245 0.0000000000
136399  50.375  28.742  7.833 0.0000000000
99732  50.683  28.222  8.223 0.0000000000
98352  51.006  27.033  8.694 0.0000000000
99030  51.193  28.092  9.632 0.0000000000
99029  51.318  27.188  9.162 0.0000000000
97708  51.040  26.619  9.036 0.0000000000
97073  50.915  25.676  10.346 0.0000000000
127534  50.324  24.586  11.418 0.0000000000
139884  50.215  24.098  11.676 0.0000000000
98304  49.989  27.454  13.618 0.0000000000
97652  50.593  26.826  13.618 0.0000000000
97036  51.329  25.350  13.111 0.0000000000
96378  51.278  24.518  14.421 0.0000000000
96381  51.248  24.577  13.395 0.0000000000
96383  51.238  24.578  12.364 0.0000000000
96384  50.879  24.056  11.976 0.0000000000
95693  50.346  23.814  11.909 0.0000000000
94918  49.370  22.848  11.833 0.0000000000
94180  49.045  21.346  12.425 0.0000000000
97749  36.340  26.804  0.991 0.0000000000
97736  36.864  26.724  1.297 0.0000000000
118887  37.669  26.813  0.778 0.0000000000
97735  38.571  26.950  0.694 0.0000000000
97734  39.867  27.018  0.596 0.0000000000
140841  39.411  26.873  -0.666 0.0000000000
98456  40.465  27.175  1.689 0.0000000000
98455  41.464  26.898  1.720 0.0000000000
98439  42.872  27.035  2.441 0.0000000000
97767  41.512  26.687  -2.183 0.0000000000
97766  42.287  26.420  -1.442 0.0000000000
97755  42.867  26.121  -0.799 0.0000000000
97753  44.593  26.411  -0.456 0.0000000000
97742  44.258  26.026  -0.015 0.0000000000
97743  43.265  25.871  -0.026 0.0000000000
98453  43.587  26.446  1.522 0.0000000000
98438  44.230  26.941  2.452 0.0000000000
98421  45.166  27.261  3.135 0.0000000000
98405  45.900  27.589  3.555 0.0000000000
138103  46.984  28.390  4.239 0.0000000000
99147  47.540  28.485  2.512 0.0000000000
99131  47.584  28.547  3.455 0.0000000000
99778  47.710  28.891  4.300 0.0000000000
99760  49.015  29.719  5.620 0.0000000000
100420  49.496  29.750  6.421 0.0000000000
101035  40.114  31.445  1.572 0.0000000000
100453  41.319  30.537  1.559 0.0000000000
100452  42.286  30.797  2.023 0.0000000000
101018  41.717  31.448  3.263 0.0000000000
101026  42.372  31.116  2.746 0.0000000000
121216  43.117  30.509  1.759 0.0000000000
129680  43.676  30.625  2.335 0.0000000000
100450  44.670  30.340  2.245 0.0000000000
100442  45.490  30.640  2.749 0.0000000000
101638  42.487  32.553  8.541 0.0000000000
119345  43.003  32.575  7.964 0.0000000000
101666  43.486  32.438  6.646 0.0000000000
119347  44.092  32.532  8.938 0.0000000000
101665  44.417  32.434  6.995 0.0000000000
101675  44.200  32.251  6.100 0.0000000000
101004  45.089  31.511  4.589 0.0000000000
101014  45.890  31.076  3.594 0.0000000000
101013  46.963  31.034  3.479 0.0000000000
124605  47.834  31.634  4.734 0.0000000000
101648  47.584  32.581  7.072 0.0000000000
101663  47.838  32.152  6.090 0.0000000000
100991  48.281  31.622  5.196 0.0000000000
100984  48.839  31.306  6.205 0.0000000000
100983  49.305  30.632  6.602 0.0000000000
100415  49.741  29.789  6.888 0.0000000000
100971  49.508  30.903  8.353 0.0000000000
100399  49.706  30.666  10.117 0.0000000000
101608  48.850  32.428  9.949 0.0000000000
100957  49.241  31.615  10.474 0.0000000000
100396  49.455  30.900  11.087 0.0000000000
100397  49.163  31.070  11.934 0.0000000000
100393  49.107  30.379  12.483 0.0000000000
100390  48.591  30.467  13.192 0.0000000000
102984  47.418  34.602  13.101 0.0000000000
102975  47.840  34.843  13.643 0.0000000000
102292  48.302  34.129  13.700 0.0000000000
102265  48.185  34.751  15.339 0.0000000000
102276  48.269  34.326  14.572 0.0000000000
133041  48.333  29.720  13.525 0.0000000000
143505  47.762  29.666  14.072 0.0000000000
99015  47.493  28.281  14.496 0.0000000000
98294  46.958  27.706  15.210 0.0000000000
107064  41.801  41.618  2.535 0.0000000000
106515  41.417  40.407  3.784 0.0000000000
129948  41.903  40.773  2.554 0.0000000000
106541  43.190  40.672  1.517 0.0000000000
127801  43.839  40.136  0.934 0.0000000000
105988  44.544  39.793  0.365 0.0000000000
105987  45.040  39.620  -0.219 0.0000000000
133646  44.561  40.820  7.760 0.0000000000
106494  44.597  40.375  6.431 0.0000000000
142984  44.511  38.409  7.522 0.0000000000
118416  45.438  38.540  7.044 0.0000000000
104829  46.348  37.273  5.148 0.0000000000
106493  45.548  40.226  6.415 0.0000000000
118675  45.076  40.042  5.894 0.0000000000
105949  44.835  39.161  4.576 0.0000000000
105959  44.029  38.876  3.631 0.0000000000
105434  44.309  38.403  2.264 0.0000000000
104848  45.469  37.770  1.833 0.0000000000
105441  44.448  38.399  1.346 0.0000000000
143360  45.062  38.292  0.080 0.0000000000
133016  45.192  39.337  -1.251 0.0000000000
105465  44.974  38.249  -1.980 0.0000000000
104900  44.159  37.207  -3.548 0.0000000000
104319  44.669  36.278  -3.137 0.0000000000
104320  43.701  36.531  -3.912 0.0000000000
104321  42.749  36.339  -4.123 0.0000000000
103095  40.913  34.064  -3.818 0.0000000000
102424  40.084  33.525  -3.128 0.0000000000
102429  44.074  33.150  -3.403 0.0000000000
102435  43.729  33.098  -4.301 0.0000000000
102436  42.800  33.471  -4.920 0.0000000000
101754  41.275  31.537  -5.818 0.0000000000
134547  41.469  32.303  -5.645 0.0000000000
102438  41.125  33.079  -5.265 0.0000000000
137532  40.771  33.261  -4.734 0.0000000000
138473  40.013  32.866  -3.754 0.0000000000
101735  39.305  32.617  -3.114 0.0000000000
125527  38.785  32.009  -2.833 0.0000000000
100485  38.305  30.756  -2.311 0.0000000000
99830  37.933  29.331  -1.537 0.0000000000
99841  38.760  29.093  -3.180 0.0000000000
99181  37.600  27.910  -0.630 0.0000000000
98478  36.924  27.462  0.090 0.0000000000
98444  37.336  27.150  1.962 0.0000000000
98426  38.009  27.749  2.674 0.0000000000
98425  39.848  28.078  3.346 0.0000000000
99137  38.671  28.552  4.353 0.0000000000
119628  39.440  28.867  5.957 0.0000000000
136865  39.428  28.828  6.787 0.0000000000
99088  39.877  28.679  7.378 0.0000000000
98396  43.275  27.889  4.900 0.0000000000
98397  42.483  28.149  5.148 0.0000000000
99104  41.741  28.409  6.190 0.0000000000
99085  42.737  28.285  7.130 0.0000000000
99103  42.197  28.339  6.676 0.0000000000
99087  40.723  28.595  7.106 0.0000000000
99044  40.054  28.161  9.042 0.0000000000
98334  40.013  27.616  9.888 0.0000000000
136683  40.485  26.726  10.705 0.0000000000
97696  41.122  26.810  10.643 0.0000000000
97674  40.758  26.309  11.010 0.0000000000
96405  40.300  24.672  11.302 0.0000000000
99062  49.933  28.346  7.703 0.0000000000
99734  48.828  28.617  8.371 0.0000000000
141045  47.662  28.977  8.829 0.0000000000
98328  49.250  27.238  10.096 0.0000000000
99031  48.582  28.040  10.007 0.0000000000
99040  47.823  28.627  9.622 0.0000000000
118861  46.748  28.438  10.148 0.0000000000
98330  45.444  27.725  10.734 0.0000000000
98314  44.792  27.195  11.065 0.0000000000
95696  47.890  23.307  11.493 0.0000000000
138121  47.600  24.113  11.382 0.0000000000
97055  47.066  25.366  11.449 0.0000000000
134272  46.128  24.073  11.038 0.0000000000
124227  46.241  24.976  11.289 0.0000000000
128542  46.344  25.873  11.440 0.0000000000
97670  45.591  26.321  11.356 0.0000000000
139950  44.998  26.671  11.287 0.0000000000
97671  44.354  26.624  11.232 0.0000000000
129358  43.912  25.967  11.374 0.0000000000
97058  43.443  25.412  11.449 0.0000000000
95630  49.686  23.471  19.852 0.0000000000
94867  50.831  22.779  19.538 0.0000000000
132598  51.577  21.287  20.238 0.0000000000
94880  51.286  22.592  18.902 0.0000000000
94866  51.316  22.199  19.637 0.0000000000
94908  49.894  22.950  12.713 0.0000000000
94921  46.763  22.227  10.794 0.0000000000
95619  50.313  23.022  20.412 0.0000000000
95629  50.302  23.192  19.447 0.0000000000
95641  51.271  22.995  18.061 0.0000000000
95679  51.084  23.855  13.693 0.0000000000
95680  50.706  23.487  13.174 0.0000000000
95684  49.863  23.248  12.175 0.0000000000
95694  49.788  23.609  11.815 0.0000000000
96352  49.798  24.289  17.415 0.0000000000
96353  48.835  24.400  17.605 0.0000000000
96370  51.018  24.598  16.376 0.0000000000
96371  50.155  24.681  16.678 0.0000000000
96375  51.048  25.070  15.709 0.0000000000
96398  47.772  24.852  11.452 0.0000000000
96399  46.933  24.513  11.286 0.0000000000
97030  47.464  26.006  15.674 0.0000000000
97037  51.059  26.077  13.874 0.0000000000
97050  51.281  25.180  11.075 0.0000000000
97072  51.198  25.640  10.544 0.0000000000
97106  41.286  26.370  -1.298 0.0000000000
97118  40.770  26.588  -2.357 0.0000000000
97644  48.064  26.404  14.991 0.0000000000
97648  49.648  26.665  14.560 0.0000000000
97649  48.790  26.860  14.525 0.0000000000
97651  51.232  26.200  12.927 0.0000000000
97655  51.389  26.339  11.971 0.0000000000
97693  51.116  26.291  9.727 0.0000000000
97746  39.910  26.754  -0.474 0.0000000000
97748  37.254  26.844  0.594 0.0000000000
97758  39.779  26.692  -1.262 0.0000000000
97765  43.187  26.331  -1.178 0.0000000000
97768  40.260  26.496  -1.805 0.0000000000
97776  40.170  26.649  -3.081 0.0000000000
97777  39.890  26.639  -2.767 0.0000000000
97786  40.638  26.829  -3.438 0.0000000000
97787  40.244  26.758  -3.455 0.0000000000
97789  39.679  27.017  -3.499 0.0000000000
97802  39.876  27.033  -3.894 0.0000000000
98298  49.420  27.210  14.127 0.0000000000
98315  44.115  27.129  10.936 0.0000000000
98326  51.368  27.512  10.213 0.0000000000
98327  50.285  26.799  9.231 0.0000000000
98329  46.310  28.055  10.601 0.0000000000
98351  51.202  26.707  9.116 0.0000000000
98408  42.687  27.851  4.322 0.0000000000
98410  40.519  28.284  4.142 0.0000000000
98435  46.909  27.661  1.168 0.0000000000
98451  46.150  27.054  1.092 0.0000000000
98460  35.054  26.729  1.281 0.0000000000
98464  46.602  27.618  0.532 0.0000000000
98466  45.243  26.841  -0.303 0.0000000000
98469  35.578  27.155  0.998 0.0000000000
98508  39.589  27.574  -3.745 0.0000000000
98516  40.738  27.894  -3.983 0.0000000000
98519  39.829  27.525  -4.161 0.0000000000
98520  39.724  28.103  -4.290 0.0000000000
99012  46.867  28.605  15.289 0.0000000000
99017  49.416  28.878  12.866 0.0000000000
99018  48.936  28.516  13.536 0.0000000000
99038  50.312  27.824  8.227 0.0000000000
99060  50.666  27.708  8.456 0.0000000000
99080  49.893  28.753  7.185 0.0000000000
99100  45.657  28.618  6.330 0.0000000000
99119  42.323  28.294  5.947 0.0000000000
99120  41.621  28.355  5.370 0.0000000000
99123  37.635  28.903  5.500 0.0000000000
99132  45.650  27.773  4.232 0.0000000000
99169  46.228  27.824  -0.125 0.0000000000
99216  40.561  28.528  -4.554 0.0000000000
99217  40.140  28.496  -4.723 0.0000000000
99219  39.664  28.855  -4.514 0.0000000000
99224  40.636  29.063  -5.018 0.0000000000
99717  47.326  29.162  14.579 0.0000000000
99727  50.098  29.384  11.422 0.0000000000
99729  50.821  28.621  9.053 0.0000000000
99753  48.627  29.060  6.998 0.0000000000
99790  47.253  29.114  1.392 0.0000000000
99828  40.896  29.510  -1.774 0.0000000000
99839  41.249  29.319  -3.333 0.0000000000
99854  39.963  29.247  -4.969 0.0000000000
99859  41.719  29.997  -4.986 0.0000000000
99860  41.083  29.938  -5.145 0.0000000000
100433  48.670  30.568  4.421 0.0000000000
100434  48.378  30.461  3.729 0.0000000000
100443  44.198  30.864  2.943 0.0000000000
100449  46.664  30.273  1.923 0.0000000000
100451  42.933  30.885  2.323 0.0000000000
100460  42.382  30.281  1.321 0.0000000000
100461  40.415  30.772  1.173 0.0000000000
100492  41.765  30.187  -3.645 0.0000000000
100497  43.281  30.883  -4.424 0.0000000000
100499  39.564  30.420  -4.438 0.0000000000
100504  40.575  30.297  -5.307 0.0000000000
100508  41.106  30.401  -5.458 0.0000000000
100958  48.910  32.361  10.773 0.0000000000
100985  48.431  31.698  5.872 0.0000000000
100990  48.852  31.070  5.424 0.0000000000
100993  46.515  32.034  5.685 0.0000000000
100995  44.076  31.934  5.254 0.0000000000
101003  46.430  31.428  4.257 0.0000000000
101006  42.917  31.697  4.190 0.0000000000
101007  42.026  31.678  3.987 0.0000000000
101019  40.760  31.636  3.049 0.0000000000
101034  40.684  31.050  1.865 0.0000000000
101042  39.767  32.130  0.872 0.0000000000
101074  39.542  31.295  -4.220 0.0000000000
101079  43.661  31.360  -4.565 0.0000000000
101082  40.159  30.751  -4.851 0.0000000000
101085  42.480  30.685  -5.339 0.0000000000
101587  43.457  32.815  13.200 0.0000000000
101594  42.590  32.705  12.375 0.0000000000
101599  45.558  32.987  11.232 0.0000000000
101601  43.748  32.655  11.614 0.0000000000
101612  43.833  32.589  10.322 0.0000000000
101619  48.534  32.900  9.377 0.0000000000
101621  47.417  33.080  8.843 0.0000000000
101649  46.868  32.608  7.193 0.0000000000
101652  43.605  32.519  7.448 0.0000000000
101653  42.833  32.527  7.172 0.0000000000
101655  40.796  32.727  7.278 0.0000000000
101678  41.439  32.123  5.196 0.0000000000
101702  40.008  32.118  2.753 0.0000000000
101722  40.591  32.532  -0.676 0.0000000000
101728  41.369  32.873  -1.379 0.0000000000
101739  43.869  32.438  -3.685 0.0000000000
101740  40.422  32.701  -4.601 0.0000000000
101747  42.281  32.750  -5.352 0.0000000000
101753  42.284  31.550  -5.546 0.0000000000
102269  43.926  33.561  15.381 0.0000000000
102281  41.141  33.397  14.268 0.0000000000
102294  46.104  33.479  13.722 0.0000000000
102297  42.851  32.961  13.752 0.0000000000
102313  41.372  32.880  12.980 0.0000000000
102322  48.373  33.612  11.287 0.0000000000
102323  47.983  34.016  11.159 0.0000000000
102324  47.214  34.162  11.793 0.0000000000
102325  40.018  32.739  11.834 0.0000000000
102352  39.985  33.020  8.069 0.0000000000
102390  39.659  33.403  2.593 0.0000000000
102395  39.995  33.543  1.211 0.0000000000
102421  44.100  33.246  -2.725 0.0000000000
102422  43.724  32.849  -2.792 0.0000000000
102437  41.822  33.674  -4.986 0.0000000000
102944  47.470  35.287  16.505 0.0000000000
102946  45.859  35.021  16.621 0.0000000000
102950  41.229  35.137  15.866 0.0000000000
102956  47.342  35.222  15.663 0.0000000000
102959  42.911  34.307  15.841 0.0000000000
102966  48.124  34.861  14.067 0.0000000000
102967  47.924  35.139  14.346 0.0000000000
102974  48.039  34.592  13.447 0.0000000000
102976  47.450  34.840  13.895 0.0000000000
102991  47.704  34.293  11.861 0.0000000000
102992  47.434  34.413  12.409 0.0000000000
103023  39.197  34.130  6.315 0.0000000000
103069  39.237  35.011  -0.871 0.0000000000
103100  43.172  33.940  -4.514 0.0000000000
103629  40.173  35.838  4.017 0.0000000000
103647  44.051  35.497  1.929 0.0000000000
103659  46.131  35.224  1.151 0.0000000000
103663  40.929  35.277  1.722 0.0000000000
103685  45.078  34.480  -0.319 0.0000000000
103686  44.052  34.635  -0.248 0.0000000000
103693  45.529  34.839  -1.163 0.0000000000
103706  44.299  35.496  -3.569 0.0000000000
103709  42.084  35.754  -4.020 0.0000000000
104191  38.246  36.916  7.774 0.0000000000
104202  38.677  36.426  6.597 0.0000000000
104246  46.675  36.254  2.723 0.0000000000
104250  41.322  35.981  3.001 0.0000000000
104265  46.343  35.615  0.915 0.0000000000
104275  45.784  36.082  -0.530 0.0000000000
104289  41.228  37.109  -2.364 0.0000000000
104322  42.135  36.396  -3.699 0.0000000000
104772  38.417  37.937  11.154 0.0000000000
104777  40.366  38.303  9.792 0.0000000000
104782  38.842  37.989  9.855 0.0000000000
104783  38.177  37.581  9.672 0.0000000000
104797  39.323  37.773  7.415 0.0000000000
104811  40.689  37.672  6.473 0.0000000000
104819  45.032  37.370  5.811 0.0000000000
104828  46.913  37.635  4.663 0.0000000000
104833  41.090  37.060  4.983 0.0000000000
104841  42.414  36.753  4.245 0.0000000000
104855  46.741  36.572  2.300 0.0000000000
104865  45.882  36.925  0.720 0.0000000000
104889  42.700  38.039  -3.624 0.0000000000
105359  39.507  38.733  12.006 0.0000000000
105379  40.060  38.348  10.631 0.0000000000
105382  42.899  38.701  9.399 0.0000000000
105386  45.297  38.914  7.772 0.0000000000
105392  44.268  38.019  6.986 0.0000000000
105394  41.248  38.120  7.789 0.0000000000
105402  43.013  38.103  6.765 0.0000000000
105433  45.853  37.851  2.750 0.0000000000
105448  45.151  38.932  -0.501 0.0000000000
105909  38.460  39.320  12.457 0.0000000000
105925  45.123  39.815  9.501 0.0000000000
105931  44.798  39.099  8.508 0.0000000000
105944  44.175  39.678  5.206 0.0000000000
105969  42.611  39.568  2.533 0.0000000000
106453  43.414  40.253  12.750 0.0000000000
106495  43.216  40.419  6.337 0.0000000000
106496  41.869  40.619  6.175 0.0000000000
106535  42.464  40.261  2.243 0.0000000000
106938  43.727  42.197  14.767 0.0000000000
106951  44.821  42.160  13.390 0.0000000000
107560  42.655  42.251  2.081 0.0000000000
108002  42.847  44.041  15.249 0.0000000000
118848  46.771  38.744  5.146 0.0000000000
118969  39.797  34.141  2.703 0.0000000000
119077  46.299  32.411  6.948 0.0000000000
119335  42.078  32.508  9.090 0.0000000000
119346  43.253  32.544  8.750 0.0000000000
120058  44.252  32.770  12.130 0.0000000000
121245  38.633  33.196  -1.420 0.0000000000
122347  44.841  28.490  6.799 0.0000000000
122426  42.122  44.551  16.132 0.0000000000
122622  38.834  33.891  -0.973 0.0000000000
123164  38.317  36.407  7.341 0.0000000000
123192  38.463  28.740  -2.295 0.0000000000
123242  42.520  37.333  5.371 0.0000000000
124734  47.413  30.262  2.320 0.0000000000
124854  42.150  35.030  -4.409 0.0000000000
125330  40.546  31.124  -1.181 0.0000000000
126395  41.503  27.585  3.130 0.0000000000
126435  44.024  39.977  11.645 0.0000000000
127344  39.500  36.405  5.461 0.0000000000
127498  51.660  21.692  19.230 0.0000000000
127579  45.091  35.950  3.244 0.0000000000
127932  50.184  29.627  7.957 0.0000000000
129489  34.331  26.307  2.872 0.0000000000
129791  46.308  32.861  9.006 0.0000000000
130134  46.543  27.996  3.890 0.0000000000
130958  41.963  30.116  -4.457 0.0000000000
132642  42.459  26.062  0.380 0.0000000000
134781  43.761  25.989  0.614 0.0000000000
135277  50.435  25.796  10.474 0.0000000000
135509  40.422  30.458  0.241 0.0000000000
135643  45.434  41.097  11.348 0.0000000000
135691  38.689  35.568  6.415 0.0000000000
136473  43.417  33.855  15.642 0.0000000000
136553  44.608  32.531  8.331 0.0000000000
136709  48.806  29.791  5.003 0.0000000000
137156  41.523  33.988  15.173 0.0000000000
138171  48.876  31.853  12.028 0.0000000000
138182  40.659  39.057  12.110 0.0000000000
138325  51.417  26.702  9.750 0.0000000000
139368  39.998  26.784  -3.635 0.0000000000
139419  44.047  32.619  10.988 0.0000000000
139482  48.286  33.100  9.119 0.0000000000
139736  43.417  39.626  11.393 0.0000000000
139852  51.252  23.339  17.362 0.0000000000
140415  45.673  32.033  5.830 0.0000000000
140484  40.410  34.724  1.793 0.0000000000
140912  41.573  44.317  16.153 0.0000000000
141149  40.479  28.935  -4.818 0.0000000000
141396  44.603  34.120  -1.591 0.0000000000
141830  40.388  31.787  -0.670 0.0000000000
142053  44.391  26.527  1.582 0.0000000000
142135  40.726  29.878  -1.289 0.0000000000
142344  44.264  32.490  7.732 0.0000000000
142456  43.715  39.375  10.370 0.0000000000
143036  40.669  29.989  -0.305 0.0000000000
143432  50.459  27.270  13.263 0.0000000000
143688  38.144  35.932  7.515 0.0000000000
143774  51.490  26.478  11.181 0.0000000000
143921  46.936  29.728  1.363 0.0000000000
