#!ascii label  , from subject sub-v1s0x0050642_ses-1 vox2ras=TkReg
1069
130240  16.644  -0.803  -29.029 0.2500000000
75272  17.583  -1.267  -29.744 0.2500000000
77829  16.192  1.898  -29.263 0.2500000000
76936  16.073  1.117  -29.124 0.1250000000
77828  16.629  1.520  -29.654 0.3750000000
136535  16.576  0.713  -29.479 0.2500000000
76105  16.566  -0.122  -29.252 0.2500000000
76119  17.694  -0.446  -30.087 0.7500000000
76104  17.122  -0.598  -29.491 0.3750000000
74445  18.061  -1.917  -30.148 0.8750000000
75288  18.076  -1.087  -30.305 0.8750000000
74461  19.347  -2.123  -30.955 0.8750000000
130407  17.181  1.174  -30.036 0.3750000000
76945  17.810  0.935  -30.469 0.8750000000
76120  17.234  0.288  -29.869 0.7500000000
76131  19.660  0.002  -31.751 1.0000000000
123851  19.014  0.289  -31.433 1.0000000000
131953  17.893  0.240  -30.405 0.8750000000
75304  19.632  -1.472  -31.378 1.0000000000
76118  18.420  -0.332  -30.761 0.8750000000
75302  20.390  -1.562  -31.789 1.0000000000
78739  16.724  2.287  -29.803 0.2500000000
77840  17.254  1.946  -30.260 0.7500000000
77839  17.752  1.599  -30.555 0.8750000000
76958  18.486  1.553  -31.078 0.8750000000
76146  20.383  0.096  -32.062 1.0000000000
76956  19.666  0.909  -31.887 1.0000000000
76957  18.958  1.051  -31.459 1.0000000000
76144  21.399  -0.367  -32.222 1.0000000000
76145  20.954  -0.366  -32.238 1.0000000000
75315  20.678  -0.905  -32.106 1.0000000000
75303  20.010  -0.750  -31.798 1.0000000000
125932  16.054  2.085  -29.145 0.1250000000
77851  18.962  2.388  -31.533 1.0000000000
78748  18.135  2.347  -30.890 0.8750000000
77850  19.303  1.734  -31.699 1.0000000000
132492  21.847  1.011  -32.233 1.0000000000
130904  21.407  1.211  -32.362 1.0000000000
76969  20.444  1.148  -32.235 1.0000000000
77861  20.001  1.829  -32.078 1.0000000000
76955  22.153  0.332  -31.937 1.0000000000
76967  21.639  0.399  -32.216 1.0000000000
76943  23.741  0.400  -30.557 1.0000000000
76130  22.586  -0.509  -31.610 1.0000000000
82143  18.566  5.692  -31.419 0.2500000000
78740  16.302  2.698  -29.297 0.2500000000
79623  17.203  3.458  -30.190 0.3750000000
78749  17.427  2.787  -30.413 0.5000000000
78758  18.731  3.021  -31.480 1.0000000000
126219  18.179  3.062  -30.990 0.6250000000
78757  19.394  3.065  -31.858 1.0000000000
78768  20.690  2.673  -32.320 1.0000000000
78770  19.940  3.101  -32.110 1.0000000000
77848  22.998  1.827  -31.102 1.0000000000
78766  21.972  2.838  -32.303 1.0000000000
78747  23.746  2.270  -30.718 1.0000000000
77837  24.591  0.994  -30.602 1.0000000000
130697  25.263  2.328  -30.900 1.0000000000
77836  25.318  1.421  -30.964 1.0000000000
81287  17.925  5.220  -30.801 0.3750000000
129421  17.936  4.576  -30.910 0.3750000000
80454  17.591  4.064  -30.593 0.5000000000
134428  19.200  4.623  -32.162 0.5000000000
80484  19.417  4.088  -32.210 0.8750000000
79631  19.114  3.597  -31.878 1.0000000000
80482  20.139  4.503  -32.524 1.0000000000
79645  21.610  3.631  -32.437 1.0000000000
79648  20.113  3.585  -32.290 1.0000000000
79629  23.396  3.521  -31.234 1.0000000000
79630  22.410  3.626  -32.002 1.0000000000
79644  26.122  3.112  -32.440 1.0000000000
79620  24.497  2.731  -30.594 1.0000000000
77857  25.855  1.752  -31.824 0.8750000000
82153  19.160  6.150  -31.889 0.5000000000
81301  18.546  4.801  -31.518 0.5000000000
82165  19.748  5.714  -32.415 0.6250000000
122753  20.368  5.746  -32.610 0.6250000000
81315  20.003  5.070  -32.573 1.0000000000
81313  21.000  5.133  -32.652 1.0000000000
81309  25.442  5.147  -31.652 1.0000000000
81299  23.958  5.159  -31.313 1.0000000000
80465  23.139  4.394  -31.551 1.0000000000
80466  22.140  4.411  -32.272 1.0000000000
80478  25.523  4.425  -31.517 1.0000000000
80463  25.121  4.086  -30.765 1.0000000000
80464  24.227  4.318  -30.908 1.0000000000
124584  25.961  3.878  -32.590 0.8750000000
123666  25.645  3.643  -31.480 1.0000000000
78764  26.567  2.483  -33.170 0.8750000000
82164  20.242  6.463  -32.525 0.5000000000
82163  20.840  6.502  -32.619 0.8750000000
82160  23.405  6.608  -31.960 1.0000000000
82161  22.205  6.191  -32.517 1.0000000000
81323  25.747  5.235  -32.814 1.0000000000
81310  24.289  5.957  -31.490 1.0000000000
81312  21.903  5.282  -32.475 1.0000000000
132860  25.880  5.918  -33.030 1.0000000000
79662  26.374  4.114  -33.855 1.0000000000
80490  25.774  4.580  -32.698 1.0000000000
80496  26.527  4.621  -34.639 1.0000000000
82152  19.669  6.545  -32.251 0.5000000000
83968  24.357  8.372  -31.574 1.0000000000
83065  23.086  7.395  -32.122 1.0000000000
83066  22.041  7.304  -32.478 1.0000000000
83085  26.270  7.437  -34.640 1.0000000000
133783  25.878  7.428  -32.292 1.0000000000
83092  26.150  6.497  -34.784 1.0000000000
83086  26.116  6.757  -33.440 1.0000000000
81333  26.410  5.364  -35.302 1.0000000000
82177  26.039  5.875  -34.426 1.0000000000
81329  26.598  4.937  -35.180 0.8750000000
125825  22.806  11.911  -32.459 1.0000000000
86492  21.329  11.296  -32.317 0.3750000000
85707  23.254  11.085  -31.887 0.8750000000
84862  23.919  9.504  -31.497 1.0000000000
83995  26.408  8.407  -34.064 1.0000000000
83983  26.295  8.511  -33.176 1.0000000000
88081  22.831  13.316  -32.915 0.8750000000
87255  23.576  12.862  -32.941 1.0000000000
87242  23.946  12.343  -32.542 1.0000000000
86489  24.162  11.616  -32.029 1.0000000000
87254  24.687  11.982  -32.809 1.0000000000
85705  25.162  10.367  -32.020 1.0000000000
84897  26.461  9.227  -34.557 1.0000000000
85720  26.419  10.118  -33.940 1.0000000000
84003  26.348  8.427  -35.182 1.0000000000
88090  24.309  12.712  -33.387 1.0000000000
137687  25.067  12.262  -33.591 1.0000000000
86511  26.188  11.199  -35.536 1.0000000000
86505  26.132  11.451  -34.793 1.0000000000
85727  26.361  10.717  -34.830 1.0000000000
88102  24.234  13.245  -34.294 1.0000000000
87263  24.990  12.782  -34.263 1.0000000000
86506  25.652  12.035  -34.326 1.0000000000
92227  19.718  18.960  -34.359 0.1250000000
92983  20.478  19.986  -33.279 0.1250000000
92243  19.327  18.953  -35.774 0.2500000000
92993  19.309  19.785  -34.687 0.1250000000
92253  19.245  18.932  -36.886 0.3750000000
93802  19.024  20.729  -35.187 0.2500000000
92266  19.374  19.448  -37.610 0.5000000000
93016  19.193  20.181  -37.404 0.2500000000
93014  19.531  20.064  -37.363 0.3750000000
129519  19.454  21.257  -34.576 0.2500000000
94588  18.965  20.999  -36.557 0.2500000000
94562  19.278  21.493  -35.391 0.2500000000
95357  19.726  22.042  -35.592 0.2500000000
93816  19.584  20.880  -36.825 0.2500000000
93815  20.136  21.304  -36.442 0.2500000000
93007  20.058  20.580  -36.852 0.3750000000
94573  19.762  21.707  -36.267 0.2500000000
92242  21.236  19.258  -36.125 0.3750000000
93801  20.706  21.163  -35.622 0.2500000000
76097  16.114  -0.614  -28.659 0.1250000000
76928  15.588  0.745  -28.527 0.1250000000
75300  22.317  -1.264  -31.909 1.0000000000
82162  21.528  6.562  -32.675 0.8750000000
82171  25.747  6.647  -32.026 1.0000000000
74415  16.434  -1.676  -27.931 0.1250000000
73549  18.749  -3.360  -30.211 0.7500000000
77816  15.754  1.582  -28.773 0.1250000000
73548  19.542  -2.945  -30.785 1.0000000000
76098  15.605  -0.082  -28.415 0.1250000000
74459  20.736  -2.275  -31.784 1.0000000000
75301  21.922  -1.998  -32.054 1.0000000000
75299  23.155  -1.364  -31.329 1.0000000000
79612  16.635  3.436  -29.546 0.3750000000
81288  17.428  4.618  -30.289 0.2500000000
80455  17.036  4.050  -29.865 0.2500000000
77846  26.421  0.821  -32.372 0.8750000000
79661  26.485  3.304  -33.472 0.8750000000
79669  26.902  4.108  -34.950 0.8750000000
85710  20.808  10.428  -32.051 0.1250000000
83069  19.954  7.257  -32.324 0.3750000000
83971  21.510  8.163  -32.271 0.6250000000
82183  26.290  5.962  -35.525 1.0000000000
80502  26.934  4.536  -35.602 0.8750000000
87243  23.231  12.542  -32.629 0.8750000000
85709  21.594  10.273  -32.175 0.3750000000
85708  22.395  10.121  -31.889 0.8750000000
84913  26.225  8.588  -36.217 1.0000000000
131464  26.210  9.463  -36.452 1.0000000000
88091  23.533  13.355  -33.536 1.0000000000
85732  26.266  10.263  -35.785 1.0000000000
142119  22.791  14.168  -34.398 0.8750000000
88112  23.433  13.854  -35.535 1.0000000000
88110  24.957  13.344  -35.951 1.0000000000
86512  25.926  11.998  -35.324 1.0000000000
92982  20.873  19.153  -32.859 0.1250000000
91494  20.407  17.450  -34.333 0.1250000000
90698  20.214  16.591  -35.725 0.6250000000
91517  19.390  17.957  -36.697 0.6250000000
91525  20.263  17.540  -38.097 0.5000000000
92992  19.778  19.853  -34.074 0.2500000000
92264  20.460  18.200  -37.931 0.5000000000
94555  19.968  21.649  -33.920 0.2500000000
119268  19.917  22.111  -34.495 0.2500000000
93013  20.327  19.759  -37.028 0.5000000000
92251  20.777  18.702  -37.210 0.5000000000
133128  20.309  22.930  -34.232 0.1250000000
94572  20.278  21.976  -35.798 0.2500000000
93800  21.349  20.879  -34.640 0.2500000000
93000  21.951  19.949  -34.438 0.2500000000
95352  20.326  22.507  -34.852 0.1250000000
75262  16.711  -1.155  -28.814 0.1250000000
75273  17.112  -1.343  -29.140 0.3750000000
74429  17.559  -2.199  -29.391 0.5000000000
76106  16.123  0.275  -29.018 0.1250000000
74444  18.721  -2.463  -30.474 0.7500000000
75287  18.753  -1.445  -30.787 0.8750000000
74460  20.031  -2.241  -31.379 1.0000000000
76944  18.426  0.650  -30.925 1.0000000000
76132  19.219  -0.625  -31.376 1.0000000000
74468  20.967  -1.653  -32.108 1.0000000000
75313  21.683  -1.156  -32.153 1.0000000000
78756  19.679  2.479  -31.916 1.0000000000
134068  22.990  1.048  -30.883 1.0000000000
127768  20.929  1.387  -32.380 1.0000000000
77860  20.583  1.953  -32.301 1.0000000000
76954  22.767  0.310  -31.228 1.0000000000
76117  23.367  -0.503  -30.848 1.0000000000
79622  17.866  3.517  -30.824 0.5000000000
79632  18.507  3.581  -31.418 0.8750000000
78769  20.333  3.108  -32.224 1.0000000000
77838  23.699  1.423  -30.606 1.0000000000
77849  22.415  2.225  -31.865 1.0000000000
77858  21.741  1.880  -32.330 1.0000000000
78755  22.617  2.968  -31.794 1.0000000000
79621  23.821  2.968  -30.775 1.0000000000
78765  26.148  2.378  -32.396 1.0000000000
80467  18.828  4.128  -31.820 0.6250000000
140636  19.585  5.012  -32.386 0.6250000000
80483  19.884  4.055  -32.394 1.0000000000
81314  20.465  5.087  -32.606 1.0000000000
79646  20.992  3.743  -32.476 1.0000000000
80480  21.283  4.419  -32.540 1.0000000000
79628  24.418  3.521  -30.687 1.0000000000
134287  26.507  1.653  -32.799 0.8750000000
126997  20.878  5.812  -32.660 1.0000000000
80497  25.980  4.719  -33.743 1.0000000000
80479  25.010  4.878  -30.908 1.0000000000
81300  22.791  5.051  -31.869 1.0000000000
142462  24.923  5.478  -31.204 1.0000000000
123354  26.866  3.439  -34.472 0.8750000000
132712  24.133  7.144  -31.707 1.0000000000
131949  22.384  6.853  -32.470 1.0000000000
82159  24.733  6.620  -31.593 1.0000000000
81324  25.495  5.916  -31.672 1.0000000000
81311  23.070  5.751  -31.952 1.0000000000
81330  26.059  5.179  -34.226 1.0000000000
83068  20.659  7.215  -32.495 0.6250000000
83067  21.335  7.326  -32.515 0.7500000000
83970  22.455  7.878  -32.191 1.0000000000
83969  23.334  8.068  -31.821 1.0000000000
83064  24.212  7.708  -31.676 1.0000000000
136897  24.438  9.025  -31.516 1.0000000000
83967  25.330  8.867  -31.790 1.0000000000
83984  25.956  8.246  -32.413 1.0000000000
83078  26.249  7.772  -33.296 1.0000000000
122375  22.223  11.123  -32.256 0.7500000000
83958  22.774  8.498  -31.852 1.0000000000
84875  25.623  9.726  -32.256 1.0000000000
84863  23.145  9.124  -31.624 1.0000000000
85706  24.267  10.536  -31.651 1.0000000000
136223  26.204  9.756  -32.994 1.0000000000
88103  23.404  13.791  -34.506 0.8750000000
127746  25.813  10.596  -32.908 1.0000000000
86488  24.986  11.164  -32.330 1.0000000000
84906  26.334  9.314  -35.554 1.0000000000
87270  24.828  13.199  -34.974 1.0000000000
86499  25.449  11.570  -33.295 1.0000000000
87269  25.412  12.743  -35.127 1.0000000000
88111  24.170  13.490  -35.203 1.0000000000
92218  20.794  18.342  -33.411 0.1250000000
92235  19.851  18.183  -34.651 0.1250000000
92226  20.269  18.239  -34.109 0.1250000000
93787  20.004  20.858  -33.800 0.2500000000
93008  19.105  19.767  -36.390 0.2500000000
130510  19.561  18.216  -35.242 0.3750000000
130502  19.402  18.305  -36.030 0.5000000000
92252  20.045  19.059  -37.661 0.5000000000
91527  19.511  18.331  -37.557 0.7500000000
94561  20.909  21.840  -35.028 0.2500000000
93001  21.289  20.139  -35.313 0.2500000000
74430  17.183  -1.896  -28.785 0.2500000000
74404  17.037  -2.156  -28.138 0.1250000000
74414  16.954  -1.970  -28.142 0.1250000000
122818  17.767  -3.113  -29.300 0.6250000000
74428  18.149  -2.827  -29.828 0.7500000000
84865  20.717  9.342  -32.048 0.5000000000
83972  20.981  7.949  -32.346 0.6250000000
125584  21.845  7.771  -32.355 0.8750000000
125235  22.090  8.378  -32.103 0.8750000000
121150  21.182  9.572  -32.190 0.7500000000
84877  21.742  9.156  -32.037 0.8750000000
84864  22.496  9.155  -31.786 1.0000000000
85693  23.215  9.929  -31.602 1.0000000000
88131  23.350  13.713  -37.494 1.0000000000
87277  25.331  12.917  -36.644 1.0000000000
132263  20.310  17.107  -34.696 0.3750000000
90710  19.929  16.613  -36.884 0.7500000000
90711  19.605  17.408  -37.357 0.7500000000
90699  19.737  17.239  -36.245 0.5000000000
91526  19.782  17.569  -37.990 0.7500000000
92234  21.883  19.181  -34.963 0.2500000000
92241  22.094  18.295  -35.486 0.3750000000
137320  20.756  -7.399  -30.312 0.7500000000
129684  22.470  -7.247  -30.698 0.7500000000
135894  20.198  -6.924  -30.058 0.7500000000
70693  19.383  -6.602  -29.633 0.7500000000
70706  22.014  -6.467  -30.845 0.7500000000
141076  20.664  -6.906  -30.382 0.7500000000
70708  20.539  -6.341  -30.416 0.7500000000
70709  19.816  -6.056  -30.049 0.7500000000
120121  22.643  -5.815  -30.993 0.7500000000
71608  21.983  -5.612  -31.053 0.7500000000
71609  21.231  -5.782  -30.741 0.7500000000
72563  18.838  -4.177  -29.970 0.7500000000
71625  21.019  -4.911  -30.764 0.7500000000
72561  20.532  -4.357  -30.740 0.8750000000
72562  19.629  -4.518  -30.298 0.8750000000
72560  23.084  -5.154  -31.036 0.7500000000
72572  22.334  -5.010  -31.250 0.7500000000
72573  21.940  -4.265  -31.521 0.7500000000
73560  20.820  -3.599  -31.263 0.8750000000
73561  20.412  -2.949  -31.340 0.8750000000
120054  22.660  -4.292  -31.361 0.7500000000
73558  22.196  -3.497  -31.649 0.8750000000
119322  21.078  -2.907  -31.725 0.8750000000
74443  23.807  -2.718  -30.903 0.7500000000
74457  22.409  -2.711  -31.731 0.8750000000
121174  22.707  -2.017  -31.773 0.8750000000
75285  24.836  -1.636  -30.602 0.8750000000
75286  23.938  -1.899  -30.871 0.8750000000
133810  23.903  -1.199  -30.680 0.8750000000
76116  24.359  -0.617  -30.568 0.8750000000
76141  27.374  -1.223  -33.430 0.3750000000
76142  26.958  -1.077  -33.272 0.6250000000
76953  25.972  -0.189  -31.326 0.7500000000
76942  24.928  0.074  -30.661 0.7500000000
76154  27.721  -0.572  -33.834 0.5000000000
76155  27.256  -0.702  -33.713 0.5000000000
76982  27.457  0.167  -34.104 0.7500000000
127944  26.772  0.718  -33.287 0.7500000000
77873  29.472  1.128  -34.698 0.1250000000
76992  28.613  1.030  -34.699 0.3750000000
76993  27.853  0.950  -34.683 0.6250000000
77874  27.375  1.194  -34.337 0.6250000000
77875  26.899  1.626  -33.785 0.6250000000
77004  30.458  -0.097  -36.740 0.1250000000
127541  30.011  0.673  -36.446 0.1250000000
77893  28.680  1.367  -36.248 0.1250000000
77900  28.441  1.147  -37.343 0.1250000000
77895  27.615  2.259  -35.582 0.6250000000
78796  27.189  2.925  -35.914 0.6250000000
77006  28.487  0.501  -38.096 0.1250000000
77904  28.627  2.199  -40.186 0.1250000000
77906  27.200  2.161  -38.434 0.1250000000
136025  27.101  2.996  -36.726 0.5000000000
78797  27.081  3.506  -35.384 0.6250000000
79675  27.109  4.036  -35.693 0.7500000000
77008  29.069  0.026  -38.406 0.1250000000
78803  27.153  2.710  -37.580 0.5000000000
78808  27.123  3.448  -37.249 0.5000000000
80504  27.086  4.074  -36.914 0.6250000000
88082  22.049  13.883  -33.046 0.6250000000
132547  21.582  14.797  -33.898 0.5000000000
88976  22.210  14.501  -34.404 0.7500000000
129427  26.697  4.881  -37.918 0.6250000000
139709  26.361  5.621  -37.061 0.6250000000
82182  26.330  6.129  -36.479 0.8750000000
82188  27.001  5.714  -38.589 0.5000000000
81339  26.457  5.574  -37.806 0.6250000000
82185  26.296  6.262  -37.435 0.6250000000
83096  26.208  6.964  -36.755 0.7500000000
88977  21.556  14.969  -34.951 0.7500000000
83091  26.212  6.744  -35.717 0.8750000000
85740  26.127  10.286  -36.731 0.8750000000
86516  26.102  10.933  -36.267 0.8750000000
84010  26.198  7.898  -36.952 0.7500000000
142125  26.230  8.796  -37.080 0.8750000000
123418  26.211  9.595  -37.240 0.8750000000
85749  26.165  10.360  -37.533 0.8750000000
86524  26.156  11.219  -38.091 0.8750000000
82189  26.610  6.395  -38.197 0.5000000000
82192  26.718  7.173  -38.514 0.5000000000
84016  26.341  8.225  -37.765 0.6250000000
82190  27.969  6.671  -38.333 0.2500000000
82191  26.976  6.696  -38.708 0.3750000000
84021  26.544  7.854  -38.433 0.5000000000
88984  21.399  14.902  -35.945 0.7500000000
88113  22.815  14.278  -35.047 0.8750000000
88983  22.111  14.636  -35.474 0.7500000000
88123  22.713  14.238  -36.000 0.8750000000
133893  25.620  12.558  -36.006 0.8750000000
87283  25.381  12.707  -37.507 0.7500000000
86533  25.786  12.155  -38.386 0.8750000000
84920  26.346  9.044  -37.802 0.6250000000
142034  26.290  9.705  -37.864 0.7500000000
84020  26.917  7.780  -38.857 0.3750000000
84024  27.253  8.343  -39.311 0.5000000000
86532  26.489  10.808  -39.028 0.7500000000
83100  27.776  7.297  -38.581 0.2500000000
89840  20.956  15.272  -35.522 0.6250000000
88991  21.954  14.585  -36.463 0.8750000000
88122  23.373  13.817  -36.462 0.8750000000
88139  23.958  13.483  -38.170 0.8750000000
88141  22.356  14.151  -37.968 0.7500000000
138664  24.546  13.264  -38.537 0.8750000000
87294  25.555  12.642  -39.795 0.7500000000
85755  26.669  9.894  -39.205 0.5000000000
84934  28.616  10.013  -40.277 0.2500000000
84935  27.999  9.747  -40.320 0.5000000000
84932  26.852  8.972  -39.262 0.5000000000
84019  28.565  8.057  -38.648 0.2500000000
89841  20.694  15.937  -35.166 0.5000000000
89847  20.483  15.816  -36.306 0.5000000000
89852  20.285  16.005  -37.420 0.6250000000
89000  21.082  15.040  -37.675 0.7500000000
138986  22.113  14.188  -38.762 0.7500000000
128889  21.586  14.741  -38.365 0.7500000000
88149  22.169  13.931  -39.461 0.7500000000
88157  22.219  13.916  -40.262 0.7500000000
89008  21.796  14.641  -39.232 0.7500000000
88156  23.061  13.686  -40.439 0.7500000000
88155  24.109  13.665  -40.610 0.7500000000
88162  23.394  14.096  -41.101 0.7500000000
87299  26.729  12.407  -41.025 0.5000000000
87304  26.351  12.936  -41.426 0.3750000000
87300  25.753  12.820  -40.769 0.6250000000
134355  28.256  10.564  -40.540 0.2500000000
86549  27.403  12.089  -41.148 0.3750000000
87303  27.112  12.755  -41.540 0.3750000000
90732  20.433  16.114  -38.027 0.6250000000
89001  20.658  15.572  -37.767 0.7500000000
89860  21.537  15.215  -38.859 0.7500000000
89015  21.767  14.525  -40.014 0.7500000000
89875  22.135  15.127  -41.196 0.7500000000
89022  23.587  14.700  -41.813 0.6250000000
89025  25.687  14.700  -42.599 0.3750000000
89026  25.066  14.557  -42.352 0.3750000000
87298  28.387  12.075  -40.925 0.1250000000
132914  27.345  13.846  -41.723 0.1250000000
87305  27.005  13.597  -41.879 0.2500000000
90731  20.795  16.162  -38.209 0.6250000000
90730  21.431  15.849  -38.531 0.7500000000
89869  21.695  15.134  -39.640 0.6250000000
141281  22.126  15.497  -40.981 0.7500000000
128003  24.245  14.899  -42.600 0.3750000000
89878  22.656  15.534  -41.797 0.3750000000
137529  22.983  14.453  -41.370 0.7500000000
89030  25.703  15.316  -43.271 0.2500000000
89031  24.950  15.033  -43.063 0.3750000000
88161  24.461  13.976  -41.380 0.6250000000
133751  27.188  15.128  -41.626 0.1250000000
134352  27.016  15.361  -41.926 0.1250000000
123315  28.337  12.674  -40.758 0.1250000000
91535  20.282  16.806  -38.111 0.6250000000
90720  20.972  16.662  -38.261 0.6250000000
89868  22.404  15.797  -39.767 0.3750000000
89859  21.890  15.612  -39.078 0.3750000000
89873  22.314  15.897  -40.763 0.3750000000
91557  23.882  17.413  -43.478 0.2500000000
89877  23.138  16.036  -42.956 0.3750000000
90748  22.512  15.881  -41.506 0.3750000000
90757  26.414  16.704  -43.306 0.1250000000
89885  25.667  15.897  -43.865 0.3750000000
89032  24.102  15.317  -43.438 0.3750000000
132882  27.356  15.005  -41.002 0.1250000000
89879  26.470  15.817  -42.889 0.1250000000
136440  22.331  16.958  -36.968 0.3750000000
132399  20.930  17.409  -38.118 0.3750000000
90719  21.985  16.381  -38.219 0.3750000000
90729  22.749  16.094  -38.830 0.3750000000
138339  22.145  16.077  -38.624 0.3750000000
90746  23.634  17.079  -40.801 0.3750000000
90740  23.158  16.391  -40.249 0.3750000000
91553  23.574  17.447  -42.709 0.3750000000
90754  23.252  16.669  -42.917 0.3750000000
90747  22.959  16.506  -41.257 0.3750000000
134233  26.305  18.464  -43.286 0.1250000000
91560  25.145  17.136  -44.078 0.1250000000
131107  24.570  17.620  -43.896 0.2500000000
90750  26.768  16.817  -41.881 0.1250000000
90708  23.372  16.609  -36.798 0.2500000000
91542  24.210  16.995  -38.983 0.2500000000
90728  23.625  16.494  -38.332 0.3750000000
90718  22.925  16.346  -37.898 0.3750000000
122649  24.335  18.451  -40.654 0.1250000000
138662  23.913  16.948  -39.869 0.3750000000
90739  23.422  16.396  -39.288 0.3750000000
91549  24.011  18.222  -42.282 0.1250000000
91547  24.066  17.881  -41.290 0.2500000000
93861  25.007  20.703  -42.491 0.1250000000
91552  24.155  18.385  -43.123 0.1250000000
91505  22.419  17.363  -36.098 0.3750000000
90697  22.991  16.728  -36.334 0.3750000000
90717  23.825  16.623  -37.360 0.2500000000
92276  24.700  18.157  -38.863 0.1250000000
92263  24.939  17.930  -37.806 0.1250000000
92284  24.601  18.897  -39.947 0.1250000000
93860  25.353  20.470  -42.623 0.1250000000
93044  25.106  20.459  -40.024 0.1250000000
90694  25.305  16.926  -35.256 0.1250000000
93035  25.407  20.155  -39.032 0.1250000000
92262  25.453  18.667  -37.446 0.1250000000
94611  25.668  21.890  -40.494 0.1250000000
94619  25.275  21.692  -41.205 0.1250000000
120507  21.705  -2.794  -31.804 0.8750000000
76129  26.381  -1.308  -31.613 0.6250000000
80509  27.055  4.149  -37.829 0.6250000000
125176  26.456  9.388  -38.491 0.5000000000
84023  28.098  8.495  -39.455 0.3750000000
88985  20.896  15.155  -36.347 0.6250000000
88992  21.230  14.871  -36.849 0.8750000000
88132  22.555  14.128  -36.978 0.8750000000
88999  21.752  14.566  -37.416 0.7500000000
88140  22.857  13.595  -38.658 0.8750000000
88148  22.892  13.505  -39.625 0.7500000000
88147  23.917  13.453  -39.821 0.7500000000
87295  24.786  13.086  -39.252 0.7500000000
85764  27.245  11.057  -40.403 0.5000000000
86546  27.064  11.706  -40.695 0.5000000000
86540  26.600  11.396  -39.811 0.7500000000
85763  27.613  10.441  -40.437 0.5000000000
93059  25.141  19.514  -43.504 0.1250000000
91534  24.358  17.124  -38.029 0.2500000000
92275  25.246  19.030  -38.399 0.1250000000
93855  25.042  21.380  -40.699 0.1250000000
77894  28.022  1.871  -36.182 0.5000000000
77885  27.258  1.993  -34.421 0.6250000000
78781  26.911  2.620  -34.070 0.7500000000
80508  27.329  4.825  -38.441 0.3750000000
82187  28.317  6.096  -38.149 0.2500000000
92292  24.419  19.362  -42.660 0.1250000000
83097  28.855  6.858  -37.773 0.1250000000
68821  21.501  -8.477  -30.315 0.7500000000
68822  20.819  -8.226  -30.158 0.7500000000
69722  19.757  -7.461  -29.609 0.7500000000
69738  22.757  -7.959  -30.514 0.7500000000
69740  21.308  -7.707  -30.441 0.7500000000
131048  23.387  -7.255  -30.691 0.7500000000
72545  18.416  -4.543  -29.473 0.6250000000
142528  19.538  -5.325  -30.013 0.7500000000
71607  23.526  -6.019  -30.722 0.6250000000
72559  23.628  -4.357  -30.704 0.6250000000
75284  25.969  -1.924  -31.053 0.5000000000
75297  27.206  -2.111  -32.334 0.3750000000
75312  26.908  -1.658  -32.571 0.5000000000
76140  27.990  -1.028  -33.428 0.1250000000
76979  30.027  0.904  -34.026 0.1250000000
77001  30.218  1.007  -35.530 0.1250000000
76168  31.103  -0.714  -37.084 0.1250000000
75344  30.982  -1.000  -38.344 0.1250000000
76182  30.391  0.318  -39.598 0.1250000000
125834  29.296  2.102  -40.609 0.1250000000
141606  22.017  14.347  -33.570 0.3750000000
77905  27.754  1.877  -39.305 0.1250000000
79682  27.889  3.688  -38.809 0.1250000000
128660  27.668  4.242  -38.543 0.2500000000
81338  27.888  5.386  -38.462 0.2500000000
89832  21.128  15.331  -34.552 0.5000000000
128131  29.289  8.809  -38.328 0.1250000000
83099  28.662  7.394  -38.097 0.2500000000
85759  29.301  10.451  -39.496 0.1250000000
86539  28.747  11.645  -40.443 0.1250000000
88145  28.390  12.963  -40.190 0.1250000000
90686  20.042  17.170  -35.268 0.3750000000
88146  28.100  13.658  -39.890 0.1250000000
89872  27.056  15.798  -40.523 0.1250000000
126715  27.322  15.064  -40.012 0.1250000000
92291  26.478  18.753  -42.269 0.1250000000
93043  26.635  19.601  -40.609 0.1250000000
93775  20.518  20.845  -32.626 0.1250000000
91492  23.677  17.186  -34.594 0.2500000000
90684  24.078  16.726  -35.033 0.1250000000
91491  24.440  16.956  -34.260 0.1250000000
93012  25.855  19.340  -36.914 0.1250000000
92240  25.845  17.703  -35.752 0.1250000000
94620  25.425  21.570  -41.439 0.1250000000
93848  25.502  21.185  -39.798 0.1250000000
141265  25.387  0.643  -30.937 0.7500000000
134113  26.515  5.472  -36.245 0.7500000000
81332  26.754  4.988  -35.985 0.7500000000
87244  22.432  12.759  -32.661 0.3750000000
86517  25.972  11.715  -36.172 0.8750000000
140676  19.342  -3.759  -30.422 0.7500000000
73547  20.081  -3.669  -30.760 0.8750000000
74458  21.306  -2.226  -31.991 0.8750000000
136562  26.431  0.104  -32.040 0.7500000000
78789  27.217  2.672  -34.949 0.6250000000
129877  26.218  7.663  -35.938 0.8750000000
88121  24.185  13.539  -36.719 0.8750000000
88120  24.908  13.303  -37.006 0.8750000000
123709  25.715  12.225  -36.817 0.8750000000
91516  21.454  17.639  -37.356 0.3750000000
91506  21.579  18.192  -36.448 0.3750000000
92233  22.581  18.481  -34.590 0.1250000000
91493  22.873  17.600  -35.001 0.2500000000
68823  20.374  -7.652  -29.964 0.7500000000
128666  21.753  -7.251  -30.639 0.7500000000
69739  21.985  -7.888  -30.483 0.7500000000
70705  22.935  -6.597  -30.844 0.7500000000
70694  18.625  -6.266  -29.206 0.7500000000
71595  19.081  -5.745  -29.603 0.7500000000
71610  20.306  -5.334  -30.434 0.7500000000
71624  21.645  -4.961  -31.110 0.7500000000
71611  18.918  -4.952  -29.767 0.7500000000
73535  18.213  -3.766  -29.526 0.6250000000
72574  21.251  -4.251  -31.184 0.8750000000
73559  21.493  -3.535  -31.583 0.8750000000
73557  23.077  -3.397  -31.332 0.7500000000
73546  23.922  -3.520  -30.641 0.7500000000
128859  24.586  -2.393  -30.635 0.7500000000
121936  23.336  -2.118  -31.331 0.8750000000
124709  25.440  -2.570  -30.766 0.6250000000
76115  25.474  -0.920  -30.799 0.7500000000
75311  27.231  -1.688  -32.947 0.2500000000
76966  26.698  -0.131  -32.902 0.7500000000
76981  28.191  0.289  -34.193 0.5000000000
76980  29.202  0.615  -33.983 0.2500000000
76964  29.270  0.182  -33.278 0.1250000000
77892  29.333  1.002  -36.263 0.2500000000
77882  28.737  1.351  -35.402 0.3750000000
77884  27.592  1.788  -34.883 0.6250000000
77005  29.501  0.182  -37.331 0.1250000000
76169  30.044  -0.548  -37.608 0.1250000000
140206  29.123  0.666  -37.023 0.1250000000
128939  28.054  1.649  -37.060 0.5000000000
133788  27.638  1.630  -38.147 0.1250000000
136186  27.898  1.121  -38.583 0.1250000000
77902  27.358  2.478  -36.557 0.5000000000
124149  28.386  1.205  -39.400 0.1250000000
79674  27.115  3.601  -36.307 0.6250000000
79683  27.221  3.493  -38.161 0.1250000000
80505  26.908  4.550  -36.516 0.6250000000
81336  26.524  5.009  -37.039 0.6250000000
83098  26.327  7.217  -37.796 0.6250000000
131604  26.351  10.217  -38.353 0.7500000000
86541  25.995  12.061  -39.351 0.7500000000
84926  26.509  8.610  -38.463 0.5000000000
88993  20.707  15.339  -37.103 0.6250000000
132738  25.499  12.570  -39.026 0.7500000000
84931  27.648  8.978  -39.874 0.3750000000
123066  23.811  13.422  -39.010 0.7500000000
126204  26.324  12.171  -40.244 0.6250000000
87301  24.850  13.177  -40.186 0.7500000000
85760  27.299  9.709  -39.888 0.5000000000
85762  28.721  10.622  -40.433 0.1250000000
84933  29.016  10.337  -40.133 0.1250000000
84930  28.438  9.247  -39.964 0.2500000000
84022  28.935  8.889  -39.339 0.1250000000
89861  21.019  15.497  -38.251 0.7500000000
89019  21.948  14.580  -40.635 0.7500000000
88154  24.925  13.344  -40.922 0.6250000000
88159  26.416  13.471  -41.834 0.3750000000
88166  25.752  14.065  -42.106 0.3750000000
132091  28.132  11.853  -41.052 0.1250000000
87302  27.640  12.974  -41.445 0.3750000000
88169  26.025  14.811  -42.572 0.3750000000
88152  28.109  12.814  -41.184 0.1250000000
89029  26.781  15.309  -42.275 0.1250000000
88158  27.779  13.630  -41.423 0.1250000000
90759  23.542  16.424  -43.559 0.3750000000
90755  22.925  16.082  -42.288 0.3750000000
137926  26.081  16.241  -43.776 0.2500000000
89874  26.958  15.929  -41.963 0.1250000000
90744  27.029  15.882  -41.564 0.1250000000
88153  28.128  13.458  -40.847 0.1250000000
89876  26.763  16.000  -42.434 0.1250000000
91515  21.734  16.857  -37.791 0.3750000000
90758  24.225  16.788  -44.013 0.2500000000
90753  26.608  16.816  -42.729 0.1250000000
122328  26.352  17.476  -43.385 0.1250000000
91559  25.896  17.356  -43.983 0.1250000000
90709  22.635  16.611  -37.328 0.3750000000
142690  24.117  17.581  -40.438 0.3750000000
91550  23.573  17.253  -41.817 0.3750000000
91551  26.543  17.645  -42.575 0.1250000000
92296  25.494  19.002  -43.745 0.1250000000
93058  25.519  19.570  -43.426 0.1250000000
131118  26.217  19.723  -42.545 0.1250000000
91555  25.288  18.171  -43.991 0.1250000000
92294  24.719  19.171  -43.397 0.1250000000
90745  26.778  16.747  -40.871 0.1250000000
91548  26.629  17.673  -41.500 0.1250000000
90696  23.734  16.688  -35.868 0.2500000000
91504  23.323  16.950  -35.447 0.2500000000
91524  24.589  17.101  -37.119 0.2500000000
93045  24.520  19.636  -41.008 0.1250000000
131056  24.588  20.598  -41.685 0.1250000000
93054  24.711  20.362  -42.384 0.1250000000
93856  24.811  21.291  -41.480 0.1250000000
90707  24.156  16.689  -36.426 0.1250000000
90706  25.090  17.097  -36.256 0.1250000000
91523  25.185  17.702  -37.053 0.1250000000
139980  24.818  19.814  -40.246 0.1250000000
130773  25.825  20.490  -42.201 0.1250000000
90671  25.097  16.888  -34.000 0.1250000000
90683  24.789  16.703  -34.723 0.1250000000
67909  21.064  -8.986  -30.175 0.7500000000
130722  22.211  -8.601  -30.348 0.7500000000
68801  20.173  -8.227  -29.676 0.7500000000
128809  19.963  -8.837  -29.392 0.7500000000
71596  18.284  -5.308  -29.144 0.5000000000
73545  24.472  -3.996  -30.486 0.6250000000
74455  26.378  -2.768  -31.344 0.5000000000
78805  29.097  3.076  -39.606 0.1250000000
78806  27.872  2.920  -39.111 0.1250000000
86538  29.044  11.027  -40.138 0.1250000000
92289  26.578  18.565  -40.868 0.1250000000
131002  26.391  19.682  -41.625 0.1250000000
68802  19.356  -8.196  -29.162 0.7500000000
67889  22.272  -9.863  -30.053 0.6250000000
67907  22.427  -9.181  -30.225 0.6250000000
68818  24.045  -8.081  -30.428 0.3750000000
123566  23.507  -8.028  -30.501 0.6250000000
70692  24.886  -7.036  -30.361 0.2500000000
69737  24.137  -7.499  -30.536 0.3750000000
75298  26.765  -2.171  -31.846 0.3750000000
89833  20.925  15.950  -34.319 0.2500000000
67908  21.698  -9.303  -30.188 0.6250000000
71606  24.501  -5.780  -30.516 0.5000000000
72558  24.743  -4.863  -30.483 0.5000000000
121892  24.371  -8.822  -29.885 0.5000000000
68819  23.609  -8.609  -30.312 0.6250000000
121330  24.788  -3.225  -30.563 0.5000000000
66899  21.878  -10.525  -29.812 0.6250000000
70683  18.243  -6.798  -28.768 0.3750000000
69712  18.441  -7.748  -28.734 0.3750000000
67890  21.580  -10.013  -29.964 0.6250000000
67891  20.905  -9.727  -29.890 0.6250000000
67893  19.476  -9.169  -28.930 0.6250000000
67872  24.618  -9.628  -29.111 0.3750000000
67888  23.519  -9.830  -29.843 0.5000000000
66898  22.466  -10.433  -29.827 0.6250000000
70684  17.772  -6.396  -28.392 0.2500000000
67886  24.803  -9.001  -29.414 0.3750000000
70691  25.758  -6.700  -30.260 0.2500000000
69720  25.327  -7.447  -30.024 0.2500000000
70703  25.249  -6.197  -30.462 0.2500000000
72557  25.748  -4.879  -30.710 0.2500000000
74442  25.916  -3.402  -30.942 0.2500000000
74454  26.967  -2.734  -31.815 0.2500000000
118275  16.505  4.101  -29.131 0.1250000000
83056  18.608  6.645  -31.305 0.2500000000
75296  27.367  -2.064  -32.555 0.2500000000
83973  20.368  7.982  -32.258 0.2500000000
86491  21.900  12.076  -32.533 0.2500000000
90673  20.720  16.656  -34.245 0.2500000000
81281  17.331  5.036  -30.026 0.1250000000
84879  20.693  8.555  -32.191 0.3750000000
119951  23.853  -5.246  -30.524 0.5000000000
69723  18.900  -7.186  -29.262 0.5000000000
68820  22.935  -8.642  -30.346 0.6250000000
142382  23.525  -6.671  -30.760 0.5000000000
135788  18.108  -6.037  -28.789 0.3750000000
73536  17.735  -3.761  -29.056 0.2500000000
68800  20.533  -8.958  -29.824 0.6250000000
73544  25.414  -4.101  -30.650 0.2500000000
67906  23.057  -9.343  -30.150 0.5000000000
69721  24.604  -7.784  -30.292 0.2500000000
68797  24.939  -8.254  -29.810 0.2500000000
70704  24.197  -6.670  -30.602 0.3750000000
68799  23.823  -9.083  -30.075 0.5000000000
66881  24.061  -10.260  -29.210 0.3750000000
65912  23.110  -10.650  -29.561 0.5000000000
120214  25.296  -5.496  -30.563 0.2500000000
73543  26.310  -4.140  -30.950 0.2500000000
118273  16.092  3.932  -28.631 0.1250000000
137248  20.178  -11.072  -28.836 0.5000000000
65892  23.618  -11.072  -28.803 0.2500000000
65894  22.029  -11.844  -29.212 0.3750000000
65913  22.314  -11.057  -29.566 0.5000000000
66901  20.341  -10.422  -29.252 0.5000000000
65897  19.766  -11.393  -28.394 0.3750000000
66883  19.122  -10.374  -28.204 0.5000000000
66882  19.719  -10.733  -28.587 0.5000000000
67892  20.150  -9.552  -29.382 0.5000000000
65870  18.506  -11.719  -26.668 0.1250000000
64932  19.407  -11.728  -27.791 0.3750000000
67874  18.140  -9.218  -28.016 0.2500000000
138272  19.061  -13.752  -26.427 0.1250000000
64915  19.039  -12.122  -27.125 0.2500000000
63985  20.107  -12.798  -28.056 0.3750000000
65879  23.355  -11.803  -28.221 0.2500000000
64929  21.154  -12.728  -28.551 0.3750000000
65895  21.125  -11.994  -29.072 0.5000000000
64903  18.646  -12.552  -26.420 0.1250000000
64930  20.505  -12.407  -28.558 0.3750000000
65881  18.309  -10.998  -26.943 0.1250000000
67860  17.702  -9.696  -27.426 0.1250000000
68789  18.698  -8.718  -28.568 0.3750000000
66900  21.152  -10.528  -29.676 0.5000000000
65914  21.539  -11.203  -29.492 0.5000000000
68790  17.919  -8.290  -28.165 0.2500000000
121635  24.258  -10.707  -28.429 0.2500000000
65896  20.334  -11.689  -28.763 0.5000000000
65915  20.748  -11.170  -29.251 0.5000000000
65893  22.837  -11.532  -29.086 0.3750000000
133186  21.732  -12.426  -28.773 0.3750000000
64931  19.889  -12.087  -28.250 0.3750000000
65898  19.267  -11.060  -28.005 0.2500000000
66867  18.678  -10.718  -27.614 0.1250000000
66884  18.408  -10.030  -27.845 0.1250000000
67873  18.936  -9.598  -28.368 0.1250000000
66902  19.638  -9.999  -28.788 0.5000000000
64904  18.249  -12.101  -25.836 0.1250000000
65880  18.886  -11.381  -27.364 0.1250000000
63962  18.695  -13.395  -26.173 0.1250000000
63961  19.214  -13.021  -26.853 0.1250000000
64914  19.557  -12.485  -27.610 0.3750000000
64928  22.501  -12.350  -28.447 0.2500000000
66868  18.041  -10.380  -27.227 0.1250000000
63974  19.843  -13.280  -27.450 0.2500000000
63983  21.141  -13.335  -28.049 0.2500000000
129876  17.818  -4.897  -28.720 0.2500000000
62987  19.574  -13.837  -26.839 0.1250000000
63984  20.658  -12.982  -28.267 0.2500000000
63973  20.497  -13.439  -27.819 0.1250000000
71586  17.632  -4.879  -28.387 0.1250000000
123016  22.025  13.395  -32.743 0.1250000000
88093  21.694  14.472  -33.104 0.1250000000
88083  21.292  13.897  -32.565 0.1250000000
88962  21.389  14.695  -32.853 0.1250000000
89824  21.341  15.242  -33.604 0.1250000000
141852  21.519  14.812  -33.327 0.1250000000
89817  20.925  14.735  -31.974 0.1250000000
87246  20.763  13.170  -32.199 0.1250000000
89816  21.373  15.168  -32.700 0.1250000000
90672  21.238  15.980  -33.616 0.1250000000
89810  21.386  15.451  -31.874 0.1250000000
86477  21.029  12.278  -32.298 0.1250000000
87245  21.542  12.966  -32.567 0.1250000000
83055  19.204  7.237  -31.738 0.1250000000
69713  17.799  -7.315  -28.271 0.1250000000
70685  17.568  -5.942  -28.180 0.1250000000
84866  20.116  8.920  -31.848 0.1250000000
88073  20.189  13.378  -31.659 0.1250000000
88954  20.433  14.141  -31.622 0.1250000000
90664  21.698  16.380  -32.063 0.1250000000
127518  21.490  16.928  -32.691 0.1250000000
74413  17.607  -2.970  -29.259 0.1250000000
73521  17.320  -2.976  -28.313 0.1250000000
72546  17.956  -4.447  -29.087 0.1250000000
71585  17.805  -5.563  -28.570 0.1250000000
83959  19.659  8.110  -31.874 0.1250000000
73520  17.730  -3.883  -29.053 0.1250000000
72537  17.670  -4.277  -28.695 0.1250000000
72520  17.531  -4.120  -28.258 0.1250000000
136353  20.581  13.844  -32.129 0.1250000000
90665  21.469  16.097  -32.816 0.1250000000
88949  19.683  13.654  -30.250 0.1250000000
138150  21.818  17.060  -32.041 0.1250000000
66880  24.815  -10.090  -28.395 0.1250000000
67870  25.952  -8.967  -28.311 0.1250000000
68788  25.505  -8.595  -29.085 0.1250000000
69711  25.791  -7.852  -29.450 0.1250000000
71594  25.896  -6.065  -30.500 0.1250000000
71593  26.272  -5.620  -30.447 0.1250000000
136803  27.261  -4.369  -30.175 0.1250000000
72555  26.764  -4.366  -30.791 0.1250000000
73541  27.799  -3.305  -30.744 0.1250000000
74441  26.671  -3.373  -31.320 0.1250000000
74438  28.578  -2.033  -30.813 0.1250000000
74439  27.827  -2.712  -31.445 0.1250000000
74452  27.612  -2.328  -32.112 0.1250000000
64912  23.240  -12.530  -27.566 0.1250000000
64913  21.804  -12.978  -28.236 0.1250000000
64911  23.958  -11.999  -27.385 0.1250000000
65877  24.725  -10.761  -27.734 0.1250000000
67859  25.560  -9.668  -27.933 0.1250000000
124441  26.274  -8.226  -28.699 0.1250000000
69710  26.548  -7.377  -29.039 0.1250000000
71584  26.727  -5.874  -29.709 0.1250000000
141724  27.273  -4.739  -29.667 0.1250000000
74427  28.466  -2.662  -30.337 0.1250000000
75295  28.025  -1.823  -32.303 0.1250000000
76114  28.728  -1.097  -31.901 0.1250000000
76128  28.356  -1.167  -32.733 0.1250000000
67871  25.211  -9.317  -28.710 0.1250000000
74453  27.280  -2.491  -32.012 0.1250000000
69719  26.003  -7.212  -29.782 0.1250000000
123425  26.852  -3.842  -31.200 0.1250000000
65878  24.079  -11.294  -27.941 0.1250000000
63971  22.509  -13.093  -27.603 0.1250000000
66866  25.265  -10.282  -27.642 0.1250000000
131388  26.226  -6.206  -30.246 0.1250000000
70682  26.416  -6.671  -29.747 0.1250000000
72556  26.270  -4.935  -30.733 0.1250000000
73542  27.261  -3.873  -30.863 0.1250000000
71592  26.782  -4.991  -30.113 0.1250000000
73534  27.825  -3.795  -30.007 0.1250000000
74440  27.201  -3.256  -31.475 0.1250000000
119779  28.126  -2.147  -31.662 0.1250000000
74426  29.224  -1.981  -29.897 0.1250000000
63959  23.295  -13.256  -26.803 0.1250000000
68781  26.603  -8.565  -27.867 0.1250000000
76113  29.516  -0.644  -31.141 0.1250000000
67887  24.199  -9.450  -29.661 0.5000000000
68798  24.229  -8.430  -30.202 0.3750000000
70707  21.144  -6.869  -30.602 0.7500000000
71605  25.835  -5.550  -30.637 0.2500000000
73533  28.359  -3.205  -29.870 0.1250000000
74456  23.061  -2.592  -31.491 0.8750000000
75283  28.685  -1.483  -31.325 0.1250000000
75310  27.590  -1.626  -33.039 0.2500000000
75314  21.181  -1.055  -32.231 1.0000000000
76143  21.958  -0.440  -32.059 1.0000000000
76165  31.294  -0.603  -36.222 0.1250000000
76173  29.978  -0.497  -38.395 0.1250000000
76177  30.321  -0.239  -39.110 0.1250000000
76178  29.724  0.621  -39.606 0.1250000000
76952  26.617  -0.798  -32.359 0.6250000000
76965  28.489  -0.233  -33.681 0.5000000000
76968  21.037  0.510  -32.314 1.0000000000
76983  26.963  -0.162  -33.653 0.7500000000
76991  30.199  1.031  -34.661 0.1250000000
77011  29.091  1.197  -40.048 0.1250000000
77013  30.843  0.534  -40.058 0.1250000000
77014  30.130  0.674  -40.017 0.1250000000
77015  29.520  0.904  -40.047 0.1250000000
77017  30.550  0.930  -40.286 0.1250000000
77018  30.057  0.877  -40.195 0.1250000000
77019  29.689  1.343  -40.246 0.1250000000
77847  25.899  0.773  -31.567 0.7500000000
77859  21.104  1.992  -32.440 1.0000000000
77881  29.526  1.258  -35.408 0.2500000000
77883  28.119  1.596  -35.218 0.3750000000
77901  27.467  2.067  -37.376 0.5000000000
77909  29.422  1.640  -40.326 0.1250000000
77912  29.684  2.029  -40.768 0.1250000000
77913  29.720  1.739  -40.501 0.1250000000
77915  30.955  1.359  -40.552 0.1250000000
77916  30.355  1.247  -40.385 0.1250000000
77917  30.030  1.491  -40.434 0.1250000000
77918  30.917  1.859  -41.019 0.1250000000
77919  30.621  1.716  -40.764 0.1250000000
78746  24.521  1.881  -30.614 1.0000000000
78753  25.705  2.773  -31.589 1.0000000000
78754  23.166  2.644  -31.248 1.0000000000
78767  21.231  2.874  -32.437 1.0000000000
78807  27.363  2.950  -38.468 0.1250000000
78810  30.406  2.122  -41.013 0.1250000000
78811  30.050  1.951  -41.009 0.1250000000
78813  30.557  1.951  -41.046 0.1250000000
78814  30.290  1.737  -40.702 0.1250000000
79627  25.194  3.236  -30.790 1.0000000000
79647  20.580  3.489  -32.360 1.0000000000
79649  19.672  3.607  -32.159 1.0000000000
80468  18.214  4.114  -31.229 0.5000000000
80481  20.608  4.336  -32.522 1.0000000000
80501  27.107  4.188  -36.221 0.7500000000
80510  26.790  4.495  -37.283 0.6250000000
81316  19.131  5.300  -32.043 0.6250000000
83079  25.076  7.263  -31.630 1.0000000000
83101  27.045  7.303  -38.827 0.3750000000
83102  27.534  7.828  -38.997 0.2500000000
83957  23.605  8.727  -31.599 1.0000000000
83985  25.238  7.972  -31.715 1.0000000000
84025  26.749  8.279  -38.930 0.5000000000
84876  24.850  9.686  -31.646 1.0000000000
84878  21.143  8.747  -32.220 0.8750000000
84886  26.399  9.175  -33.550 1.0000000000
84887  26.093  9.046  -32.616 1.0000000000
84929  29.062  9.709  -39.811 0.1250000000
85728  26.107  11.138  -33.987 1.0000000000
85741  25.931  11.225  -37.024 0.8750000000
85761  26.957  10.515  -39.863 0.5000000000
86490  23.547  11.932  -32.269 1.0000000000
86525  25.848  11.961  -37.553 0.8750000000
86544  28.475  11.280  -40.716 0.1250000000
86545  27.838  11.388  -40.868 0.1250000000
86547  28.049  12.333  -41.241 0.1250000000
86548  27.762  12.202  -41.262 0.3750000000
87289  25.177  12.865  -38.413 0.7500000000
87293  28.644  12.293  -40.230 0.1250000000
88092  22.689  13.934  -33.704 0.8750000000
88129  24.786  13.264  -37.843 0.8750000000
88130  24.289  13.479  -37.447 0.8750000000
88160  25.571  13.499  -41.496 0.3750000000
88163  22.495  14.291  -41.004 0.7500000000
88164  26.751  14.546  -42.113 0.1250000000
88165  26.334  14.224  -42.174 0.3750000000
88167  25.101  14.109  -41.856 0.3750000000
88168  26.202  15.129  -42.650 0.1250000000
89018  27.760  14.275  -40.490 0.1250000000
89020  27.631  14.287  -41.259 0.1250000000
89021  24.501  14.457  -41.978 0.6250000000
89023  22.741  14.890  -41.525 0.7500000000
89024  27.251  14.592  -41.774 0.1250000000
89027  23.482  15.430  -42.698 0.3750000000
89028  23.095  15.303  -41.992 0.3750000000
89033  26.081  15.467  -43.057 0.1250000000
89880  26.370  16.291  -43.378 0.1250000000
89881  24.906  15.468  -43.856 0.3750000000
89882  24.051  15.896  -44.018 0.3750000000
89883  23.557  15.807  -43.427 0.3750000000
89884  26.167  15.834  -43.431 0.1250000000
89886  24.952  16.232  -44.151 0.3750000000
90682  25.402  16.932  -34.539 0.1250000000
90685  20.467  16.602  -34.835 0.3750000000
90695  24.504  16.684  -35.538 0.1250000000
90721  19.953  16.752  -37.809 0.6250000000
90749  26.828  16.253  -42.276 0.1250000000
90751  23.107  16.601  -42.140 0.3750000000
90752  26.660  16.277  -42.688 0.1250000000
90756  26.511  16.207  -43.053 0.1250000000
90760  26.201  16.738  -43.759 0.2500000000
90761  25.762  16.580  -44.015 0.2500000000
91495  19.950  17.614  -34.929 0.3750000000
91507  19.648  17.724  -35.669 0.5000000000
91554  25.995  18.166  -43.810 0.1250000000
91556  24.595  18.355  -43.658 0.2500000000
91558  26.182  17.258  -43.724 0.1250000000
92236  19.388  18.917  -34.922 0.2500000000
92250  25.665  18.153  -36.622 0.1250000000
92265  19.749  18.572  -37.855 0.5000000000
92290  24.250  18.937  -41.676 0.1250000000
92293  26.218  19.313  -43.105 0.1250000000
92295  25.920  19.160  -43.521 0.1250000000
92297  24.988  18.873  -43.800 0.1250000000
93002  19.120  19.797  -35.428 0.2500000000
93006  20.635  20.459  -36.325 0.3750000000
93009  18.993  20.423  -36.895 0.2500000000
93015  19.062  19.889  -37.119 0.2500000000
93025  19.230  19.953  -37.538 0.2500000000
93036  25.031  19.407  -39.412 0.1250000000
93053  24.710  20.646  -40.868 0.1250000000
93055  25.819  19.966  -42.989 0.1250000000
93056  25.256  20.024  -43.063 0.1250000000
93057  24.894  19.947  -43.024 0.1250000000
93788  19.408  20.510  -34.476 0.2500000000
93803  18.926  21.159  -35.908 0.2500000000
93817  18.900  20.597  -36.059 0.2500000000
93825  19.181  20.413  -37.213 0.2500000000
93826  19.103  20.594  -37.029 0.2500000000
93854  25.711  21.194  -41.664 0.1250000000
93857  25.262  21.105  -42.127 0.1250000000
93858  25.020  21.385  -41.891 0.1250000000
93859  24.786  21.029  -42.074 0.1250000000
94574  19.254  21.467  -36.155 0.2500000000
94587  19.269  21.028  -36.729 0.2500000000
95351  20.634  22.783  -34.734 0.1250000000
95356  20.167  22.295  -35.487 0.2500000000
119099  29.274  0.631  -39.374 0.1250000000
122220  20.238  2.551  -32.157 1.0000000000
123100  31.097  -0.049  -39.552 0.1250000000
123808  21.002  -13.979  -27.493 0.1250000000
124128  24.023  13.542  -35.974 1.0000000000
125130  26.444  9.939  -34.951 1.0000000000
125265  20.328  19.077  -33.736 0.1250000000
126220  16.798  2.927  -29.867 0.2500000000
127501  22.355  1.224  -31.774 1.0000000000
127588  19.443  19.490  -37.639 0.5000000000
129396  22.874  -10.057  -29.973 0.6250000000
130541  24.354  17.800  -39.741 0.3750000000
131991  21.828  15.224  -40.503 0.7500000000
132780  27.065  0.661  -33.928 0.6250000000
132854  20.241  4.002  -32.416 1.0000000000
133081  24.415  19.869  -41.948 0.1250000000
134761  19.721  4.540  -32.426 0.7500000000
137558  21.410  5.822  -32.687 1.0000000000
138201  22.425  19.238  -34.312 0.1250000000
139117  28.253  4.927  -38.510 0.1250000000
139996  25.772  20.950  -38.760 0.1250000000
140035  26.203  11.540  -38.917 0.7500000000
143673  23.047  15.747  -42.321 0.3750000000
143764  21.407  -1.645  -32.151 1.0000000000
