#!ascii label  , from subject sub-v1s0x0050642_ses-1 vox2ras=TkReg
1509
37508  32.191  -40.574  -19.984 0.8999999762
37526  32.484  -39.854  -21.150 0.8000000119
37525  32.801  -40.634  -21.529 0.6999999881
37545  32.860  -40.218  -22.409 0.8000000119
36499  30.832  -41.547  -19.031 0.8999999762
39576  32.324  -39.095  -21.747 1.0000000000
38508  32.292  -39.387  -22.269 0.8999999762
139353  32.530  -39.870  -22.005 0.8000000119
37561  32.711  -40.086  -23.237 0.8000000119
37546  32.410  -39.656  -22.786 0.8999999762
36566  33.202  -40.652  -23.592 0.8000000119
37571  32.445  -40.279  -24.129 0.6999999881
36578  32.195  -40.622  -25.044 0.6999999881
36491  29.953  -41.413  -18.665 0.8000000119
123104  30.572  -40.744  -18.521 0.8999999762
38457  31.194  -39.979  -18.525 0.8999999762
37479  29.681  -40.591  -18.348 0.8999999762
37492  27.935  -40.772  -19.603 0.8999999762
141900  32.361  -39.764  -20.144 0.8999999762
38498  32.478  -39.193  -20.717 1.0000000000
39592  32.361  -38.487  -23.080 1.0000000000
38519  32.079  -39.262  -23.191 0.8999999762
38528  31.771  -39.216  -24.097 0.8999999762
37562  32.099  -39.667  -23.804 0.8000000119
37584  31.303  -40.480  -25.561 0.6999999881
38446  31.795  -39.199  -18.652 0.8999999762
38447  30.281  -39.866  -18.155 0.8999999762
38448  29.374  -39.757  -18.245 0.8999999762
37491  28.380  -40.411  -19.020 0.8999999762
143397  27.661  -40.360  -20.199 0.8999999762
38479  32.411  -39.128  -19.567 0.8999999762
39584  32.507  -38.533  -22.266 1.0000000000
142194  31.663  -39.570  -24.579 0.8000000119
37585  30.552  -40.100  -25.812 0.8000000119
37586  29.753  -40.512  -26.177 0.8000000119
39517  29.933  -38.799  -18.011 0.8999999762
127142  27.512  -39.713  -20.470 0.8999999762
141732  27.198  -39.776  -21.056 0.8999999762
39515  31.629  -38.380  -18.305 0.8999999762
38481  27.709  -38.904  -20.076 0.8999999762
133094  27.093  -39.018  -20.932 0.8000000119
38500  26.548  -39.838  -21.695 0.8000000119
39536  32.844  -38.393  -19.377 0.8999999762
39578  26.732  -38.067  -21.260 0.6999999881
134022  26.406  -38.998  -21.642 0.6999999881
134021  25.727  -38.730  -22.289 0.6999999881
39559  32.870  -38.598  -20.244 0.8999999762
133624  25.544  -37.787  -22.581 0.6999999881
40617  23.954  -37.610  -23.794 0.6999999881
40588  33.302  -38.064  -20.810 1.0000000000
134014  24.146  -36.748  -23.606 0.6000000238
40600  33.040  -37.993  -21.835 1.0000000000
40614  32.843  -37.885  -22.914 1.0000000000
141765  31.948  -38.341  -24.185 1.0000000000
39607  31.617  -38.633  -24.580 0.8999999762
40615  32.336  -38.037  -23.807 1.0000000000
40635  31.862  -37.823  -24.635 0.8999999762
38529  31.372  -39.234  -24.935 0.8000000119
38543  30.686  -39.376  -25.552 0.8000000119
38544  29.893  -39.653  -26.017 0.8000000119
37599  29.025  -40.091  -26.132 0.8000000119
38560  29.146  -39.191  -26.020 0.8000000119
38561  28.284  -39.631  -26.138 0.8000000119
139506  30.974  -39.089  -18.127 0.8999999762
38458  28.594  -39.633  -18.756 0.8999999762
39516  30.799  -38.134  -18.054 0.8999999762
39518  29.097  -38.973  -18.401 0.8999999762
39538  28.575  -38.648  -18.986 0.8999999762
39560  27.858  -38.056  -20.033 0.8999999762
39537  32.353  -38.443  -18.769 0.8999999762
39586  26.074  -37.950  -21.860 0.6999999881
40573  33.349  -37.933  -19.773 0.8999999762
40590  26.555  -37.176  -21.585 0.6000000238
40602  25.387  -36.967  -22.855 0.6000000238
40572  33.801  -37.391  -20.390 1.0000000000
41582  22.417  -35.828  -24.098 0.5000000000
40599  33.564  -37.388  -22.358 1.0000000000
42416  21.911  -35.393  -23.423 0.5000000000
40613  33.380  -37.167  -23.243 1.0000000000
141057  32.807  -37.464  -23.661 1.0000000000
40634  32.448  -37.277  -24.278 1.0000000000
40636  31.316  -38.118  -25.141 0.8999999762
39608  30.988  -38.699  -25.329 0.8000000119
135675  30.577  -37.372  -25.817 0.8999999762
40652  29.995  -37.804  -25.972 0.8000000119
39623  30.097  -38.717  -25.828 0.8000000119
40657  30.034  -36.987  -26.106 0.8999999762
40658  29.263  -37.399  -26.185 0.8999999762
39638  28.399  -38.722  -26.108 0.8000000119
131576  27.395  -39.111  -26.071 0.8000000119
39639  26.992  -38.252  -26.168 0.8000000119
39640  26.289  -38.980  -26.195 0.8000000119
40554  28.441  -37.687  -19.572 0.8999999762
40552  32.204  -37.811  -18.443 0.8999999762
40540  31.528  -37.529  -18.233 0.8999999762
40574  27.855  -37.165  -20.436 0.6999999881
40589  27.106  -37.205  -21.004 0.8000000119
40550  33.612  -37.112  -19.475 0.8999999762
41487  32.323  -36.922  -18.416 0.8999999762
40601  25.977  -36.930  -22.249 0.6999999881
41565  24.725  -36.320  -23.203 0.6000000238
41566  23.763  -35.771  -23.540 0.6000000238
41545  26.141  -36.097  -22.256 0.6999999881
42427  24.895  -35.752  -22.974 0.6000000238
42429  23.431  -35.058  -23.240 0.5000000000
132350  34.110  -36.993  -21.855 1.0000000000
42430  22.612  -35.240  -23.268 0.5000000000
42415  22.357  -35.263  -22.796 0.5000000000
41544  34.101  -36.541  -22.728 1.0000000000
41564  33.065  -36.868  -23.949 1.0000000000
41580  32.643  -36.474  -24.555 1.0000000000
41581  32.050  -36.938  -24.974 1.0000000000
40650  31.296  -37.344  -25.402 0.8999999762
41579  33.361  -36.031  -24.121 1.0000000000
41591  32.209  -36.151  -25.101 0.8999999762
41592  31.565  -36.379  -25.489 0.8999999762
41593  30.788  -36.662  -25.862 0.8999999762
42447  30.984  -35.684  -25.897 0.8999999762
41600  30.131  -36.142  -26.104 0.8999999762
41602  28.443  -36.923  -26.324 0.8999999762
40659  28.481  -37.860  -26.171 0.8999999762
42460  28.705  -36.021  -26.422 0.8999999762
40660  27.694  -37.593  -26.251 0.8999999762
119469  27.993  -36.249  -26.366 0.8999999762
123969  30.037  -37.764  -18.079 0.8999999762
122120  29.195  -37.914  -18.570 0.8999999762
40553  29.043  -36.808  -19.392 0.8999999762
40542  29.792  -36.930  -18.600 0.8999999762
128774  28.518  -36.738  -20.080 1.0000000000
41507  28.160  -36.144  -20.567 0.8000000119
121826  31.321  -36.563  -18.337 0.8999999762
132401  26.932  -36.572  -21.338 0.6999999881
41506  34.132  -36.625  -20.096 0.8999999762
41486  33.166  -36.642  -18.842 0.8999999762
41528  27.043  -35.912  -21.444 0.6999999881
42411  25.947  -35.404  -22.448 0.6999999881
42412  25.008  -35.161  -22.809 0.5000000000
41527  34.212  -36.875  -21.009 1.0000000000
42414  23.405  -34.860  -22.646 0.5000000000
41531  22.724  -35.797  -21.923 0.5000000000
41526  34.390  -36.329  -21.661 1.0000000000
42409  34.339  -35.474  -22.994 1.0000000000
43379  34.193  -34.693  -23.432 1.0000000000
42426  33.885  -35.359  -23.796 1.0000000000
42439  32.727  -35.501  -24.777 1.0000000000
42438  33.378  -35.223  -24.308 1.0000000000
43380  33.697  -34.610  -24.026 1.0000000000
43396  31.734  -34.550  -25.473 0.8999999762
126355  30.781  -34.897  -25.998 0.8999999762
42458  30.187  -35.303  -26.171 0.8999999762
40694  25.152  -37.400  -29.258 0.6999999881
122740  24.905  -36.537  -29.248 0.8000000119
40695  23.913  -37.298  -28.773 0.8000000119
131031  23.518  -37.410  -28.276 0.8000000119
41476  32.651  -36.003  -18.551 0.8999999762
42346  30.998  -35.576  -18.590 1.0000000000
41477  30.385  -36.220  -18.602 1.0000000000
42357  29.556  -35.333  -19.275 1.0000000000
123079  27.485  -36.373  -21.001 0.6999999881
42355  33.305  -35.758  -18.875 0.8999999762
42389  27.005  -35.257  -21.592 0.6999999881
138447  24.666  -34.410  -22.584 0.6000000238
138485  34.568  -35.497  -21.410 1.0000000000
41505  34.437  -36.090  -20.739 0.8999999762
41485  33.788  -36.245  -19.349 0.8999999762
41530  23.516  -35.911  -21.099 0.4000000060
42388  34.605  -35.025  -22.159 1.0000000000
44292  32.726  -33.772  -24.730 1.0000000000
44303  31.990  -33.721  -25.288 1.0000000000
41605  24.965  -36.211  -26.742 0.8999999762
41633  28.206  -36.326  -29.794 0.6000000238
41634  26.077  -36.576  -29.475 0.6000000238
40672  23.729  -37.712  -27.956 0.8999999762
40663  24.213  -37.221  -27.244 0.8999999762
134787  32.794  -35.310  -18.648 0.8999999762
125009  31.884  -36.045  -18.441 0.8999999762
42372  28.336  -35.359  -20.465 0.8000000119
41508  27.620  -35.426  -21.091 0.6999999881
42390  26.502  -34.777  -22.055 0.6999999881
43347  24.860  -33.902  -22.142 0.6000000238
126414  23.903  -35.410  -20.869 0.4000000060
42371  34.478  -35.215  -20.517 1.0000000000
41484  34.260  -35.802  -19.913 0.8999999762
43343  34.633  -34.183  -22.249 1.0000000000
44282  34.419  -33.938  -23.071 1.0000000000
44283  33.466  -33.727  -24.120 1.0000000000
44284  32.940  -32.959  -24.342 1.0000000000
142342  32.407  -33.113  -24.846 1.0000000000
120329  26.225  -36.048  -26.492 0.8999999762
42463  25.784  -35.228  -26.321 0.8999999762
42475  22.834  -36.259  -27.708 0.8999999762
119576  23.602  -36.387  -27.184 0.8999999762
42502  28.615  -35.456  -29.602 0.6000000238
42504  26.736  -35.851  -29.625 0.6000000238
136335  25.885  -35.837  -29.451 0.8000000119
41635  23.867  -36.348  -28.933 0.8000000119
41612  23.380  -37.004  -27.858 0.8999999762
42356  30.072  -35.510  -18.898 0.8999999762
42358  28.956  -35.398  -19.784 0.6999999881
43317  30.193  -35.061  -18.841 0.8999999762
43330  27.755  -34.513  -20.860 0.6000000238
42354  33.865  -35.405  -19.302 1.0000000000
42344  33.346  -34.865  -18.811 1.0000000000
129771  32.532  -34.730  -18.540 1.0000000000
138725  27.456  -33.922  -20.814 0.6000000238
43345  26.709  -34.086  -21.738 0.6000000238
43332  25.456  -33.418  -21.611 0.5000000000
43315  34.422  -34.324  -20.108 1.0000000000
42353  34.258  -35.080  -19.798 1.0000000000
43329  34.635  -34.465  -21.253 1.0000000000
44258  34.651  -33.520  -21.682 1.0000000000
44271  34.549  -33.493  -22.446 1.0000000000
45222  34.295  -33.050  -22.989 1.0000000000
45223  33.595  -32.746  -23.593 1.0000000000
136346  32.826  -32.177  -23.849 1.0000000000
45250  31.051  -32.461  -25.390 1.0000000000
44304  30.842  -33.202  -25.814 1.0000000000
45251  30.253  -32.707  -25.939 1.0000000000
44306  29.509  -33.161  -26.276 1.0000000000
44307  28.627  -32.928  -26.251 1.0000000000
44322  28.100  -33.695  -26.313 0.8999999762
137369  28.885  -33.665  -26.371 0.8999999762
42462  26.947  -35.286  -26.311 0.8999999762
42464  24.384  -35.536  -26.564 0.8999999762
43467  30.092  -34.438  -29.688 0.6000000238
42501  29.348  -34.709  -29.585 0.6000000238
122597  27.848  -35.038  -29.522 0.6000000238
42503  27.614  -35.716  -29.661 0.6000000238
42505  24.927  -35.682  -29.326 0.8000000119
42486  23.220  -35.986  -28.468 0.8000000119
43306  31.754  -34.498  -18.423 0.8999999762
43308  29.783  -34.669  -18.733 0.6999999881
43319  28.411  -34.726  -20.017 0.6000000238
43320  27.674  -34.043  -20.341 0.6000000238
43305  32.983  -34.110  -18.379 0.8999999762
44244  27.163  -33.542  -20.608 0.6000000238
44259  26.365  -33.475  -21.520 0.5000000000
43316  34.030  -34.631  -19.317 1.0000000000
44243  34.573  -33.498  -20.743 1.0000000000
44227  34.047  -33.413  -19.124 0.8999999762
45195  34.540  -32.739  -21.297 1.0000000000
45206  34.494  -32.820  -22.171 1.0000000000
45207  33.967  -32.170  -22.694 1.0000000000
45208  33.277  -31.963  -23.246 1.0000000000
46225  32.645  -31.511  -23.275 1.0000000000
45225  32.099  -31.664  -23.974 1.0000000000
45236  31.611  -31.986  -24.723 1.0000000000
46261  30.242  -31.902  -25.405 1.0000000000
45252  29.306  -32.205  -25.875 1.0000000000
45253  27.653  -32.833  -26.113 1.0000000000
44324  26.313  -33.787  -25.988 0.8999999762
143303  25.904  -34.423  -26.047 0.8999999762
43413  25.062  -34.668  -26.163 0.8999999762
42448  22.960  -34.906  -26.453 0.8999999762
44365  29.587  -33.925  -29.579 0.6000000238
43455  28.398  -34.550  -29.493 0.6000000238
135472  27.559  -34.386  -29.500 0.6000000238
43456  26.684  -34.271  -29.500 0.6999999881
134858  25.005  -34.929  -29.375 0.6999999881
42506  24.081  -35.435  -29.070 0.6999999881
42487  22.721  -35.490  -27.979 0.8000000119
43426  22.416  -34.896  -27.435 0.8999999762
44375  30.419  -33.869  -29.687 0.6000000238
133381  23.784  -34.101  -28.718 0.6999999881
43440  23.421  -35.069  -28.640 0.8000000119
43441  22.831  -34.634  -28.121 0.8999999762
43309  28.856  -34.547  -19.167 0.6999999881
44229  27.260  -33.558  -19.814 0.6000000238
119656  32.216  -33.881  -18.146 0.8999999762
43307  30.770  -34.526  -18.516 0.8000000119
44219  30.306  -34.036  -18.268 0.6999999881
43304  33.711  -34.076  -18.872 0.8999999762
121473  32.838  -33.283  -18.025 0.8000000119
44226  34.359  -33.436  -19.861 1.0000000000
45167  33.910  -32.699  -18.885 0.8000000119
46178  34.187  -32.179  -19.476 0.8999999762
137172  34.244  -32.861  -19.507 0.8000000119
135576  34.312  -32.213  -21.824 1.0000000000
45196  33.813  -31.570  -21.904 1.0000000000
46217  33.227  -31.475  -22.641 1.0000000000
46239  31.085  -31.281  -24.043 1.0000000000
46240  30.237  -31.234  -24.707 1.0000000000
133695  28.255  -32.165  -25.966 1.0000000000
44308  26.709  -33.008  -25.943 0.8999999762
44309  25.845  -33.177  -25.681 0.8999999762
44325  25.473  -33.937  -25.819 0.8999999762
43398  23.456  -34.290  -26.038 0.8999999762
44366  28.112  -33.686  -29.466 0.6000000238
43457  25.622  -34.082  -29.335 0.6999999881
43415  22.417  -34.901  -26.894 0.8999999762
135503  30.674  -33.130  -29.562 0.6000000238
44364  29.818  -33.194  -29.533 0.6000000238
44351  24.775  -33.605  -28.999 0.6999999881
44352  23.169  -33.658  -28.213 0.6999999881
44228  28.002  -34.148  -19.526 0.6000000238
44218  31.273  -33.777  -18.110 0.8000000119
44205  29.807  -33.517  -17.784 0.6999999881
44221  28.434  -33.966  -18.630 0.6999999881
44203  32.015  -33.157  -17.710 0.8000000119
46164  33.775  -31.783  -18.733 0.6999999881
46195  34.202  -31.665  -20.246 0.8000000119
46210  33.774  -31.181  -21.095 0.8000000119
47282  33.306  -30.498  -21.131 0.8000000119
123211  33.068  -30.862  -21.974 0.8999999762
137332  32.587  -31.035  -22.703 0.8999999762
46218  31.885  -30.963  -23.223 1.0000000000
46263  28.616  -31.514  -25.492 1.0000000000
46264  27.653  -31.615  -25.532 1.0000000000
46241  29.428  -30.782  -24.584 1.0000000000
46262  29.472  -31.394  -25.218 1.0000000000
135941  27.089  -32.269  -25.697 1.0000000000
45254  26.217  -32.411  -25.459 1.0000000000
45255  25.262  -32.562  -25.358 0.8999999762
44310  24.925  -33.344  -25.617 0.8999999762
44311  23.917  -33.513  -25.733 0.8999999762
121022  28.964  -33.345  -29.525 0.6000000238
44367  27.273  -33.740  -29.485 0.6000000238
44368  26.603  -33.431  -29.375 0.6999999881
43399  22.589  -34.321  -26.396 0.8999999762
43427  21.962  -34.311  -27.057 0.8999999762
137546  24.889  -32.936  -28.623 0.6999999881
122882  24.047  -33.177  -28.749 0.6999999881
43442  22.320  -34.126  -27.564 0.8999999762
44335  21.907  -33.568  -27.112 0.8999999762
44204  31.144  -32.975  -17.530 0.6999999881
143861  30.572  -33.448  -17.799 0.6000000238
44206  28.914  -33.487  -17.839 0.6000000238
44222  27.589  -33.666  -18.917 0.6000000238
45137  32.657  -32.440  -17.697 0.6999999881
45123  30.861  -32.183  -17.151 0.6000000238
46165  33.191  -31.673  -17.953 0.6999999881
131338  33.847  -30.928  -19.125 0.6999999881
47283  32.525  -30.149  -21.769 0.8000000119
47295  32.213  -30.537  -22.466 0.8000000119
138780  31.548  -30.410  -22.798 0.8000000119
47304  30.972  -30.561  -23.301 1.0000000000
46242  28.105  -30.931  -25.075 1.0000000000
46265  26.620  -31.571  -25.227 1.0000000000
47315  28.581  -30.490  -24.572 1.0000000000
46243  27.211  -30.901  -24.991 1.0000000000
131674  25.962  -31.180  -24.914 1.0000000000
46267  24.457  -31.859  -25.141 1.0000000000
45256  24.267  -32.714  -25.500 0.8999999762
133549  27.432  -33.046  -29.465 0.6000000238
131932  23.286  -32.896  -25.626 0.8999999762
45308  29.146  -32.521  -29.573 0.6000000238
45309  28.276  -32.766  -29.496 0.6000000238
45311  26.816  -32.609  -29.178 0.6999999881
45258  22.475  -32.943  -25.952 0.8999999762
45312  25.771  -33.001  -28.912 0.6999999881
45297  23.469  -32.757  -28.179 0.6999999881
45278  21.988  -32.697  -27.109 0.8999999762
45140  28.514  -32.765  -17.354 0.5000000000
45138  31.793  -32.313  -17.351 0.6000000238
45124  29.914  -32.129  -17.046 0.5000000000
46147  32.430  -31.556  -17.438 0.6999999881
125911  33.613  -30.323  -18.810 0.6999999881
47236  33.464  -30.926  -18.398 0.6999999881
47252  33.654  -30.207  -19.555 0.6999999881
47266  33.442  -30.098  -20.442 0.6999999881
47267  33.030  -29.968  -21.117 0.8000000119
48331  31.983  -29.519  -22.014 0.8000000119
47284  31.731  -30.030  -22.371 0.8000000119
48339  31.246  -29.488  -22.483 0.8000000119
47296  30.995  -30.043  -22.767 0.8000000119
47297  30.330  -30.015  -23.305 0.8999999762
47306  29.163  -30.179  -24.107 1.0000000000
48340  30.554  -29.429  -23.009 0.8000000119
120639  28.871  -29.422  -23.895 0.8999999762
47316  27.686  -30.332  -24.597 1.0000000000
46245  25.133  -31.083  -24.880 1.0000000000
45257  23.583  -32.247  -25.393 0.8999999762
138891  22.813  -32.245  -25.563 0.8999999762
46268  23.289  -31.658  -25.197 0.8999999762
121110  22.197  -32.241  -25.944 0.8999999762
129940  28.424  -31.867  -29.609 0.6000000238
45310  27.636  -32.233  -29.374 0.6000000238
45295  25.277  -32.321  -28.453 0.6999999881
45277  22.793  -32.304  -27.661 0.8000000119
46277  21.884  -32.142  -26.472 0.8999999762
127739  29.372  -31.674  -29.546 0.6000000238
45294  26.256  -32.029  -28.649 0.6999999881
46303  24.688  -31.737  -28.157 0.6999999881
46287  22.237  -31.849  -27.122 0.8000000119
46269  22.111  -31.677  -25.918 0.8999999762
46304  23.696  -31.947  -28.062 0.6999999881
47336  22.178  -31.411  -26.584 0.8999999762
46137  29.457  -31.399  -16.798 0.5000000000
47220  32.159  -30.690  -17.242 0.6999999881
46136  30.458  -31.242  -16.978 0.5000000000
47237  32.946  -30.782  -17.723 0.6999999881
120792  33.323  -30.064  -18.203 0.6999999881
48287  33.564  -29.462  -18.977 0.6999999881
48306  33.502  -29.430  -19.958 0.6999999881
49271  33.358  -28.660  -20.440 0.6999999881
48319  33.200  -29.443  -20.736 0.6999999881
49284  32.266  -28.858  -21.705 0.8000000119
49294  31.566  -28.836  -22.248 0.8000000119
49295  30.842  -28.766  -22.766 0.8000000119
48349  29.812  -29.368  -23.509 0.8000000119
47307  28.236  -29.877  -24.250 1.0000000000
47317  26.705  -30.225  -24.549 1.0000000000
47318  25.838  -30.549  -24.680 1.0000000000
49307  30.105  -28.659  -23.351 0.8000000119
49308  29.179  -28.630  -23.709 0.8000000119
48351  26.977  -29.034  -24.294 0.8999999762
130703  25.850  -29.791  -24.472 1.0000000000
48352  26.353  -28.937  -24.376 0.8999999762
47319  24.799  -30.160  -24.700 1.0000000000
46246  23.978  -30.988  -24.919 1.0000000000
47320  23.480  -30.223  -24.862 1.0000000000
46248  22.449  -31.099  -25.630 0.8999999762
47321  22.710  -30.347  -25.290 0.8999999762
46318  27.129  -31.922  -28.941 0.6000000238
47327  22.351  -30.516  -25.743 0.8999999762
46301  26.916  -31.313  -28.579 0.6999999881
46302  25.548  -31.672  -28.286 0.6999999881
137949  23.014  -31.580  -27.660 0.6999999881
47348  22.800  -30.949  -27.211 0.8000000119
138941  23.914  -31.036  -27.892 0.6999999881
48382  22.497  -29.873  -26.053 0.8000000119
48374  22.595  -29.575  -25.660 0.8999999762
48399  22.990  -30.134  -26.772 0.6999999881
46148  31.513  -31.433  -17.134 0.6000000238
47221  31.230  -30.568  -17.050 0.5000000000
48270  32.615  -29.806  -17.560 0.6999999881
49244  33.440  -28.494  -18.777 0.6999999881
49261  33.507  -28.605  -19.646 0.6999999881
49283  32.923  -28.796  -21.104 0.6999999881
135297  33.251  -27.959  -21.006 0.6999999881
143511  32.693  -28.230  -21.509 0.6999999881
125295  31.278  -28.151  -22.643 0.8000000119
50300  32.058  -27.987  -22.137 0.8000000119
50318  29.579  -27.821  -23.630 0.8000000119
126729  30.644  -26.936  -23.299 0.8000000119
125002  29.928  -27.036  -23.516 0.8000000119
49309  28.226  -28.609  -23.996 0.8000000119
49310  27.345  -28.516  -24.199 0.8999999762
49326  25.738  -28.628  -24.423 0.8999999762
48364  25.195  -29.266  -24.510 1.0000000000
51274  29.054  -26.979  -23.722 0.8000000119
50319  28.502  -27.754  -23.912 0.8000000119
48365  24.080  -29.385  -24.691 1.0000000000
49327  24.688  -28.602  -24.548 1.0000000000
46317  27.753  -31.288  -29.284 0.6000000238
48366  23.044  -29.527  -25.046 1.0000000000
135270  26.114  -31.296  -28.336 0.6999999881
47369  25.285  -30.918  -28.041 0.6999999881
137572  22.782  -28.953  -25.362 1.0000000000
47347  24.551  -30.214  -27.634 0.6999999881
48398  23.839  -29.679  -27.225 0.8000000119
50268  33.502  -27.836  -19.355 0.6999999881
50247  33.362  -27.199  -18.972 0.6999999881
50278  33.515  -27.695  -20.261 0.6999999881
135377  33.396  -26.941  -21.078 0.6999999881
50299  32.264  -26.978  -22.198 0.6999999881
50287  32.931  -26.728  -21.745 0.6999999881
50301  31.400  -27.218  -22.830 0.8000000119
51261  30.998  -26.308  -23.143 0.8000000119
51273  29.483  -26.393  -23.572 0.8000000119
50321  26.848  -27.720  -24.244 0.8999999762
49311  26.550  -28.476  -24.327 0.8999999762
50320  27.676  -27.428  -24.107 0.8000000119
51291  26.406  -26.882  -24.308 0.8999999762
135633  25.308  -27.984  -24.455 0.8999999762
51292  25.525  -26.859  -24.397 0.8999999762
50336  25.135  -27.405  -24.444 0.8999999762
49328  23.498  -28.640  -24.896 1.0000000000
47367  27.377  -30.566  -28.670 0.6000000238
48417  25.606  -29.937  -27.796 0.6999999881
49329  22.729  -28.269  -25.371 0.8999999762
49364  23.101  -29.185  -26.501 0.8000000119
49347  22.448  -28.908  -25.950 0.8999999762
49339  22.467  -28.595  -25.831 0.8000000119
137616  33.536  -27.168  -19.659 0.6999999881
121303  33.570  -26.658  -20.238 0.6999999881
51246  33.494  -25.954  -20.836 0.6999999881
51259  32.570  -26.159  -22.143 0.6999999881
52209  32.828  -25.372  -21.977 0.6999999881
52210  32.114  -25.513  -22.516 0.6999999881
51275  28.095  -26.775  -23.982 0.8000000119
51276  27.246  -26.892  -24.161 0.8000000119
52228  27.885  -25.868  -23.998 0.8000000119
52229  26.965  -26.126  -24.195 0.8000000119
50337  24.298  -27.781  -24.600 0.8999999762
47368  26.445  -30.520  -28.216 0.6000000238
52246  25.993  -26.171  -24.364 0.8999999762
51293  24.633  -26.934  -24.485 0.8999999762
128922  27.113  -29.969  -28.308 0.6000000238
119186  23.301  -27.862  -24.985 0.8999999762
48397  24.836  -29.384  -27.431 0.6999999881
49330  22.228  -27.800  -25.803 0.8000000119
49365  22.547  -28.116  -26.362 0.6999999881
49348  22.236  -27.953  -26.029 0.8000000119
143076  33.533  -25.736  -20.017 0.6999999881
52199  33.302  -25.222  -21.323 0.6999999881
52227  28.615  -25.309  -23.819 0.8000000119
53147  27.946  -25.078  -23.993 0.8000000119
127011  26.420  -25.385  -24.304 0.8000000119
129112  25.097  -26.222  -24.394 0.8999999762
136461  24.172  -26.236  -24.577 0.8999999762
48416  26.540  -29.553  -27.959 0.6000000238
120468  23.501  -27.043  -24.775 0.8999999762
48396  25.801  -29.004  -27.600 0.6999999881
136337  23.307  -26.226  -24.795 0.8999999762
50382  23.417  -27.580  -27.073 0.6999999881
51295  21.611  -26.487  -25.735 0.8000000119
50383  22.400  -27.175  -26.857 0.6999999881
50363  21.522  -26.971  -26.122 0.8000000119
50349  21.833  -27.304  -26.069 0.8000000119
51343  22.081  -26.605  -27.029 0.8000000119
52198  33.465  -25.066  -20.603 0.6999999881
53167  25.959  -24.553  -24.520 0.8000000119
52247  24.694  -25.619  -24.497 0.8999999762
53169  23.734  -25.311  -24.776 0.8999999762
139287  22.707  -25.201  -25.156 0.8999999762
49362  24.890  -28.441  -27.334 0.8000000119
52249  21.979  -25.732  -25.427 0.8999999762
51309  21.247  -26.285  -25.896 0.8000000119
119337  23.296  -26.919  -27.376 0.6999999881
52286  21.300  -25.950  -26.584 0.8000000119
52259  21.125  -25.186  -26.198 0.8000000119
53168  24.890  -24.844  -24.580 0.8000000119
50381  25.206  -27.500  -27.532 0.5000000000
123639  24.359  -27.757  -27.240 0.6999999881
53170  22.000  -24.768  -25.506 0.8000000119
51341  23.788  -26.226  -27.517 0.6000000238
52284  23.123  -25.579  -27.659 0.6000000238
53212  21.328  -25.012  -27.101 0.6999999881
122822  21.013  -25.126  -26.607 0.8000000119
136595  21.432  -25.206  -25.773 0.8000000119
53211  22.369  -24.742  -27.655 0.6000000238
54120  25.184  -23.965  -24.786 0.8000000119
54132  23.846  -23.452  -25.406 0.8000000119
53183  23.066  -24.303  -25.284 0.8999999762
136655  25.337  -26.758  -27.726 0.6000000238
54134  21.428  -23.732  -26.324 0.8000000119
53171  21.356  -24.493  -25.966 0.8000000119
54133  22.968  -23.409  -25.706 0.8000000119
137575  21.495  -24.274  -27.412 0.6000000238
54131  25.360  -23.181  -25.179 0.8000000119
51340  24.877  -26.036  -27.736 0.6000000238
52283  24.176  -25.444  -27.689 0.6000000238
141214  21.846  -23.155  -26.290 0.8000000119
53210  23.606  -24.739  -27.865 0.6000000238
55201  21.646  -23.010  -26.710 0.6999999881
55184  23.437  -22.592  -25.940 0.8000000119
54163  22.730  -23.210  -28.158 0.6000000238
55221  22.164  -22.067  -27.634 0.6000000238
56206  22.454  -21.534  -27.309 0.6999999881
53209  24.618  -24.719  -27.809 0.6000000238
53222  23.096  -23.969  -27.985 0.6000000238
131476  26.228  -22.253  -25.458 0.8000000119
55183  24.581  -22.669  -25.563 0.8000000119
55182  25.539  -22.404  -25.497 0.8000000119
52281  26.276  -25.576  -27.689 0.5000000000
56173  23.352  -21.803  -26.389 0.8000000119
56172  24.101  -21.830  -26.110 0.8000000119
52282  25.453  -25.282  -27.736 0.6000000238
141796  24.813  -25.377  -27.761 0.6000000238
56187  22.885  -21.377  -26.792 0.6000000238
53208  26.244  -24.649  -27.436 0.5000000000
53221  24.061  -23.910  -28.103 0.6000000238
55237  22.535  -22.485  -28.152 0.6000000238
54155  25.254  -23.567  -27.957 0.6000000238
54162  24.064  -23.153  -28.565 0.6000000238
55236  23.313  -22.618  -28.561 0.6000000238
56227  22.837  -21.676  -28.322 0.6000000238
56171  25.887  -21.679  -25.786 0.8000000119
131506  25.007  -21.749  -25.872 0.8000000119
56170  26.795  -21.706  -25.584 0.8000000119
56184  26.273  -20.941  -26.106 0.6999999881
56185  25.402  -21.012  -26.298 0.6999999881
134868  25.362  -24.299  -27.698 0.6000000238
57128  22.914  -20.946  -27.545 0.6000000238
58076  23.821  -20.331  -27.558 0.6000000238
57110  24.003  -20.483  -27.026 0.6999999881
54154  25.945  -23.688  -27.663 0.5000000000
57139  23.553  -20.667  -28.287 0.6000000238
54160  25.740  -23.010  -28.172 0.5000000000
134728  24.121  -22.487  -28.740 0.6000000238
56226  23.758  -21.790  -28.711 0.6000000238
55220  26.512  -22.999  -27.896 0.5000000000
56183  27.141  -20.834  -25.951 0.6999999881
57108  25.743  -20.233  -26.641 0.6000000238
58075  24.521  -19.868  -27.407 0.6000000238
57109  24.871  -20.308  -26.844 0.6000000238
58098  24.479  -19.780  -27.875 0.6000000238
58074  25.274  -19.586  -27.209 0.6000000238
132269  26.249  -22.277  -28.493 0.5000000000
56224  25.624  -21.748  -28.832 0.6000000238
56235  25.140  -21.084  -28.956 0.6000000238
57152  24.025  -20.587  -28.644 0.6000000238
58099  24.022  -20.205  -27.953 0.6000000238
58097  25.063  -19.257  -27.791 0.6000000238
140230  26.323  -21.563  -28.887 0.6000000238
56234  25.894  -21.120  -29.040 0.6000000238
132453  27.018  -22.418  -28.214 0.5000000000
56223  27.097  -21.719  -28.743 0.5000000000
56222  28.017  -21.459  -28.683 0.4000000060
56233  27.532  -21.098  -29.073 0.5000000000
127901  26.593  -20.172  -26.489 0.6000000238
133740  26.038  -19.491  -26.973 0.6000000238
57151  24.761  -20.468  -28.862 0.6000000238
58106  25.121  -19.309  -28.344 0.6000000238
59132  25.714  -18.859  -27.556 0.6000000238
57150  25.698  -20.341  -29.198 0.6000000238
121414  25.868  -19.307  -29.440 0.6000000238
127877  27.530  -20.445  -29.398 0.6000000238
56221  28.808  -21.246  -28.743 0.4000000060
56232  28.254  -20.820  -29.103 0.4000000060
59152  25.598  -18.661  -29.046 0.6000000238
59144  26.080  -18.232  -28.194 0.5000000000
58096  26.463  -18.679  -27.500 0.5000000000
58073  26.848  -19.397  -26.943 0.5000000000
58122  25.095  -19.671  -28.878 0.6000000238
59151  25.986  -18.038  -28.900 0.5000000000
57149  26.634  -19.949  -29.527 0.6000000238
58120  27.491  -19.606  -29.749 0.5000000000
57148  28.435  -20.058  -29.567 0.4000000060
59142  27.941  -18.173  -27.597 0.4000000060
133419  26.095  -18.589  -29.631 0.6000000238
59162  26.209  -18.066  -29.481 0.5000000000
134922  28.169  -19.344  -29.954 0.4000000060
58121  26.632  -19.047  -29.835 0.6000000238
58131  26.628  -18.286  -29.977 0.6000000238
60106  26.623  -17.665  -29.353 0.4000000060
58119  28.898  -19.433  -29.961 0.4000000060
58129  28.422  -18.782  -30.237 0.4000000060
60105  27.272  -17.236  -29.233 0.4000000060
58130  27.454  -18.720  -30.147 0.4000000060
60117  26.824  -17.737  -29.850 0.4000000060
58118  29.617  -19.313  -29.898 0.4000000060
59170  27.181  -17.974  -30.199 0.4000000060
59141  28.893  -17.974  -27.489 0.4000000060
60096  28.292  -17.373  -28.105 0.4000000060
61169  27.694  -17.081  -29.831 0.4000000060
59168  28.852  -18.113  -30.414 0.4000000060
60126  28.950  -17.168  -30.378 0.4000000060
61180  28.177  -16.978  -30.209 0.4000000060
60095  29.151  -17.271  -27.949 0.4000000060
61148  28.662  -16.780  -28.601 0.4000000060
61149  27.941  -16.964  -28.821 0.4000000060
60125  29.739  -17.277  -30.479 0.3000000119
61168  28.300  -16.717  -29.870 0.4000000060
61157  27.888  -16.864  -29.470 0.4000000060
61147  29.436  -16.621  -28.431 0.4000000060
61156  28.390  -16.586  -29.322 0.4000000060
40682  23.853  -37.876  -28.423 0.8000000119
40662  25.104  -37.716  -26.807 0.8999999762
39652  24.406  -38.074  -27.448 0.8999999762
137688  24.987  -38.375  -26.826 0.8999999762
129280  31.311  -34.927  -25.742 0.8999999762
43397  31.076  -34.082  -25.771 1.0000000000
137632  31.400  -33.238  -25.517 1.0000000000
41603  27.492  -36.835  -26.366 0.8999999762
42459  29.463  -35.699  -26.322 0.8999999762
43409  29.493  -34.891  -26.362 0.8999999762
44305  30.273  -33.593  -26.155 1.0000000000
122745  28.868  -35.306  -26.443 0.8999999762
42461  28.009  -35.419  -26.385 0.8999999762
44321  29.520  -34.045  -26.356 1.0000000000
41604  26.591  -36.758  -26.456 0.8999999762
43411  27.595  -34.509  -26.323 0.8999999762
59143  26.942  -18.155  -27.980 0.4000000060
60098  26.588  -17.684  -28.722 0.4000000060
38480  31.936  -39.944  -19.269 0.8999999762
39585  32.140  -38.954  -22.678 1.0000000000
37572  31.777  -40.008  -24.729 0.8000000119
36501  28.527  -41.238  -18.964 0.8999999762
37573  31.225  -39.778  -25.229 0.8000000119
40551  32.942  -37.653  -18.874 0.8999999762
40651  30.705  -38.014  -25.579 0.8000000119
39637  29.229  -38.283  -26.050 0.8000000119
42410  33.962  -36.037  -23.507 1.0000000000
139531  27.811  -38.295  -26.157 0.8000000119
120030  26.811  -37.475  -26.336 0.8999999762
40661  25.917  -38.157  -26.438 0.8000000119
42446  31.868  -35.400  -25.406 0.8999999762
119468  27.239  -36.085  -26.376 0.8999999762
41488  29.536  -35.939  -19.303 1.0000000000
42391  25.550  -34.552  -22.500 0.6000000238
42393  23.821  -34.566  -21.784 0.4000000060
43366  24.113  -34.278  -22.364 0.4000000060
43386  32.377  -34.583  -25.072 1.0000000000
43408  30.239  -34.471  -26.193 0.8999999762
119508  24.433  -38.147  -28.934 0.6999999881
41623  23.296  -36.802  -28.330 0.8000000119
42345  31.977  -35.259  -18.559 0.8999999762
135338  25.525  -36.869  -26.678 0.8999999762
41644  27.187  -36.583  -29.822 0.6000000238
43333  24.495  -33.724  -21.270 0.4000000060
137566  23.045  -35.632  -26.843 0.8999999762
138223  22.561  -35.548  -27.347 0.8999999762
120470  26.995  -35.086  -29.604 0.6999999881
124230  25.966  -35.026  -29.484 0.6999999881
138873  32.364  -34.328  -18.372 0.8999999762
45237  30.899  -31.707  -24.917 1.0000000000
43410  28.639  -34.505  -26.412 0.8999999762
44323  27.175  -33.710  -26.200 0.8999999762
43412  26.650  -34.485  -26.189 0.8999999762
138349  23.930  -34.891  -26.296 0.8999999762
44217  33.517  -33.370  -18.529 0.8000000119
141854  27.093  -33.407  -19.165 0.5000000000
45166  34.423  -32.597  -20.307 1.0000000000
43414  24.510  -34.137  -25.847 0.8999999762
45154  33.371  -32.551  -18.239 0.6999999881
138011  34.052  -31.480  -19.489 0.8000000119
46209  34.313  -31.938  -21.102 0.8999999762
44326  21.848  -33.673  -26.777 0.8999999762
44207  27.982  -33.312  -18.037 0.6000000238
126034  30.285  -32.865  -17.385 0.6000000238
46196  33.782  -30.863  -20.156 0.6999999881
46226  30.146  -30.561  -23.954 1.0000000000
46266  25.637  -31.799  -25.090 1.0000000000
45265  22.005  -32.956  -26.436 0.8999999762
45139  29.406  -32.838  -17.338 0.6000000238
45125  29.015  -32.156  -16.934 0.5000000000
48330  32.620  -29.505  -21.392 0.8000000119
46247  22.967  -31.009  -25.120 0.8999999762
134210  31.798  -29.998  -17.141 0.6000000238
47222  30.470  -30.386  -16.933 0.5000000000
48288  33.195  -29.116  -18.135 0.6999999881
48350  27.819  -29.195  -24.165 0.8999999762
50317  30.558  -27.810  -23.206 0.8000000119
48272  30.933  -29.684  -17.005 0.5000000000
49224  32.549  -28.753  -17.630 0.6999999881
50288  32.829  -27.475  -21.628 0.6999999881
51260  31.794  -26.291  -22.670 0.8000000119
135521  27.715  -28.012  -24.119 0.8999999762
50335  25.881  -27.483  -24.394 0.8999999762
126831  24.094  -29.012  -27.084 0.8000000119
51247  33.187  -26.067  -21.534 0.6999999881
52226  29.545  -25.570  -23.551 0.8000000119
50338  22.591  -27.497  -25.304 0.8999999762
131238  25.514  -25.469  -24.407 0.8999999762
51342  22.722  -26.421  -27.372 0.6999999881
54143  21.268  -23.655  -26.839 0.6999999881
54164  22.020  -22.963  -27.706 0.6000000238
56174  22.734  -22.140  -26.481 0.8000000119
131638  22.593  -21.335  -27.769 0.6000000238
56186  24.504  -21.078  -26.468 0.6999999881
140284  25.150  -23.078  -28.386 0.6000000238
58123  24.452  -20.169  -28.612 0.6000000238
55234  25.375  -22.491  -28.605 0.6000000238
59145  25.564  -18.656  -28.333 0.6000000238
60097  27.438  -17.519  -28.401 0.4000000060
60094  30.005  -17.193  -27.772 0.4000000060
61179  28.835  -16.522  -30.190 0.4000000060
122109  26.013  -37.374  -26.520 0.8999999762
31874  33.525  -46.678  -21.440 0.4000000060
32821  32.854  -45.798  -21.893 0.4000000060
32822  31.913  -45.473  -22.525 0.4000000060
132222  34.668  -45.093  -21.424 0.4000000060
32807  32.328  -44.802  -22.221 0.4000000060
32823  31.073  -45.230  -22.994 0.4000000060
33700  34.788  -44.320  -21.576 0.3000000119
32806  33.241  -44.789  -21.759 0.4000000060
34659  35.325  -43.596  -22.500 0.4000000060
34672  34.880  -42.859  -23.935 0.4000000060
142867  34.409  -42.649  -24.474 0.4000000060
35630  33.354  -42.223  -25.331 0.4000000060
33704  31.430  -44.574  -22.519 0.5000000000
33720  30.628  -44.611  -22.779 0.4000000060
33702  33.481  -43.908  -21.676 0.4000000060
33703  32.482  -43.975  -21.901 0.4000000060
34660  34.921  -43.107  -22.070 0.5000000000
35603  34.877  -42.446  -23.187 0.4000000060
35618  34.430  -42.161  -23.857 0.4000000060
35619  33.923  -42.138  -24.611 0.5000000000
36588  32.635  -41.484  -25.361 0.5000000000
35632  31.949  -41.764  -26.087 0.6000000238
35641  32.011  -42.605  -26.442 0.5000000000
36598  31.144  -42.162  -26.524 0.6000000238
132384  30.167  -42.348  -26.682 0.4000000060
33705  30.524  -44.121  -22.098 0.5000000000
33721  29.906  -44.564  -22.601 0.5000000000
32808  28.846  -45.122  -22.169 0.5000000000
126064  28.552  -45.535  -22.585 0.5000000000
34643  32.881  -43.129  -21.488 0.6000000238
122835  31.509  -43.897  -21.980 0.6000000238
34642  33.813  -43.107  -21.661 0.5000000000
35567  33.092  -42.269  -21.279 0.6000000238
35565  34.390  -42.867  -21.891 0.5000000000
36564  34.349  -41.739  -23.087 0.5000000000
36576  33.784  -41.410  -23.913 0.4000000060
36577  32.975  -40.947  -24.492 0.6000000238
36589  31.850  -41.092  -25.648 0.6000000238
120706  31.199  -41.290  -26.071 0.6000000238
36599  30.522  -41.592  -26.371 0.6000000238
128197  29.670  -41.447  -26.426 0.6000000238
122701  28.799  -41.663  -26.590 0.6000000238
35643  28.268  -42.338  -26.740 0.6000000238
33706  29.600  -44.396  -21.735 0.5000000000
32809  28.148  -45.443  -21.559 0.5000000000
138091  27.651  -46.041  -21.999 0.5000000000
34644  31.928  -43.260  -21.352 0.6000000238
35566  33.909  -42.268  -21.798 0.6000000238
142072  32.525  -42.037  -20.809 0.6000000238
35587  33.948  -41.597  -22.325 0.5000000000
36528  33.369  -41.495  -21.599 0.6000000238
36565  33.745  -41.056  -22.986 0.6000000238
36601  27.989  -41.497  -26.378 0.6000000238
33707  28.765  -44.860  -21.325 0.6000000238
127759  27.124  -45.631  -21.091 0.5000000000
32811  26.066  -45.632  -21.185 0.5000000000
35568  32.305  -42.505  -20.958 0.6000000238
34645  30.910  -43.500  -21.334 0.6000000238
34646  30.019  -43.905  -21.134 0.6000000238
32827  25.226  -45.735  -21.654 0.5000000000
33723  24.831  -44.950  -22.085 0.5000000000
35569  31.301  -42.773  -20.586 0.6000000238
37560  33.246  -40.511  -22.880 0.6000000238
139035  27.444  -40.944  -26.137 0.6999999881
34633  29.580  -43.758  -20.260 0.6000000238
33696  28.255  -44.355  -20.460 0.6000000238
33708  27.695  -44.959  -20.701 0.6000000238
34632  30.380  -43.364  -20.463 0.6000000238
33697  27.264  -44.004  -20.443 0.6000000238
33709  26.494  -44.643  -20.746 0.6000000238
33710  25.528  -44.802  -21.336 0.6000000238
34662  24.693  -44.184  -22.824 0.6000000238
35554  29.877  -43.160  -19.712 0.6000000238
33734  24.162  -44.354  -23.500 0.5000000000
35552  31.969  -41.930  -20.351 0.6000000238
34674  24.518  -43.438  -23.566 0.6000000238
37601  26.686  -40.782  -26.163 0.6999999881
34634  28.731  -43.879  -20.079 0.6000000238
34647  26.552  -43.476  -20.793 0.6000000238
35538  29.258  -42.693  -19.304 0.6000000238
35555  28.374  -43.223  -19.817 0.6000000238
34636  27.067  -43.173  -20.472 0.6000000238
34661  25.287  -44.015  -22.104 0.6000000238
34673  25.076  -43.433  -22.831 0.6000000238
35553  31.095  -42.181  -19.737 0.6000000238
35604  25.150  -42.757  -23.231 0.6000000238
122042  26.552  -39.857  -26.166 0.6999999881
38563  25.677  -39.654  -26.499 0.6999999881
35537  30.151  -42.327  -19.207 0.6000000238
35557  27.260  -42.523  -20.406 0.6999999881
35571  26.262  -42.792  -21.517 0.6999999881
36515  31.617  -41.405  -19.703 0.6000000238
39641  25.357  -38.932  -26.615 0.6999999881
35556  27.906  -42.529  -19.840 0.6999999881
36500  29.249  -41.905  -18.839 0.6999999881
36517  27.041  -41.758  -20.988 0.6999999881
128972  26.603  -42.084  -21.529 0.6999999881
35588  25.652  -42.963  -22.350 0.6000000238
126616  25.570  -42.140  -22.973 0.6999999881
36551  25.751  -41.416  -22.777 0.6000000238
132278  25.111  -42.161  -23.501 0.5000000000
39662  24.101  -38.359  -28.074 0.8000000119
36492  29.234  -41.145  -18.573 0.6999999881
36502  27.894  -41.623  -19.683 0.6999999881
36516  27.527  -41.086  -20.466 0.6999999881
36531  26.639  -41.419  -21.737 0.6999999881
37574  24.277  -40.864  -23.982 0.5000000000
37547  26.490  -40.584  -21.878 0.6999999881
37548  25.842  -40.650  -22.524 0.6000000238
37564  24.799  -40.245  -23.578 0.6000000238
52245  27.273  -25.267  -24.167 0.6999999881
52211  31.319  -25.573  -22.929 0.6999999881
52225  30.508  -25.556  -23.267 0.6999999881
53146  28.403  -24.552  -23.956 0.6999999881
53166  26.824  -24.709  -24.348 0.6999999881
53115  32.969  -24.485  -21.819 0.6000000238
127694  31.628  -24.890  -22.773 0.6000000238
53145  29.187  -24.668  -23.746 0.6999999881
53165  27.600  -24.428  -24.222 0.6999999881
54118  26.861  -23.890  -24.579 0.6999999881
54130  26.099  -22.881  -25.203 0.6999999881
134427  32.373  -24.803  -22.368 0.6000000238
53128  32.034  -24.257  -22.652 0.6000000238
54100  31.218  -23.427  -23.403 0.6000000238
54101  30.458  -23.707  -23.604 0.6999999881
54103  28.861  -24.035  -23.936 0.6999999881
124842  27.644  -23.674  -24.445 0.6999999881
55170  27.356  -23.046  -24.794 0.6999999881
55181  26.769  -22.560  -25.198 0.6999999881
54083  32.645  -23.708  -22.258 0.6000000238
54084  31.904  -23.542  -22.947 0.5000000000
55156  29.892  -23.103  -23.977 0.5000000000
55169  28.625  -22.569  -24.608 0.6999999881
55179  28.268  -22.016  -25.101 0.6999999881
58115  31.884  -18.913  -29.222 0.3000000119
58116  31.084  -19.107  -29.520 0.3000000119
58128  29.152  -18.884  -30.210 0.3000000119
31875  32.645  -46.881  -21.686 0.4000000060
31888  32.149  -46.316  -22.219 0.3000000119
31889  31.420  -46.190  -22.892 0.4000000060
32804  34.887  -45.800  -21.499 0.3000000119
31890  30.614  -45.770  -23.566 0.4000000060
33733  35.534  -44.385  -22.773 0.4000000060
32824  30.245  -44.979  -23.246 0.4000000060
34686  35.222  -43.696  -24.039 0.4000000060
130762  34.831  -43.987  -24.760 0.4000000060
142145  33.847  -43.343  -25.656 0.4000000060
35631  32.694  -42.308  -25.957 0.5000000000
34714  31.325  -43.111  -26.922 0.4000000060
32836  28.978  -45.658  -23.458 0.4000000060
35642  29.169  -42.305  -26.791 0.5000000000
31891  27.069  -46.681  -22.600 0.5000000000
35644  27.298  -42.378  -26.711 0.6000000238
31892  25.995  -46.941  -22.305 0.5000000000
31893  25.138  -46.597  -22.211 0.5000000000
32837  23.984  -46.051  -23.341 0.5000000000
134993  26.967  -41.584  -26.369 0.6000000238
32847  23.789  -45.152  -23.890 0.5000000000
33746  23.560  -44.113  -25.285 0.4000000060
37602  25.892  -40.496  -26.530 0.6999999881
35605  24.628  -42.570  -23.818 0.5000000000
38574  24.859  -39.615  -27.776 0.6999999881
36568  24.604  -41.732  -23.871 0.5000000000
39661  24.524  -39.033  -28.307 0.8000000119
39674  24.336  -38.444  -28.524 0.6999999881
37587  23.090  -40.789  -25.139 0.5000000000
37565  24.099  -40.117  -24.061 0.6000000238
49245  33.095  -28.191  -18.095 0.6000000238
134849  33.330  -27.797  -18.649 0.6000000238
53114  33.359  -24.386  -21.100 0.6000000238
55141  32.512  -22.848  -22.614 0.5000000000
56146  31.964  -21.709  -23.581 0.5000000000
55167  30.262  -22.340  -24.186 0.5000000000
56159  29.832  -21.797  -24.623 0.5000000000
56167  29.532  -21.237  -25.124 0.5000000000
142503  28.661  -20.513  -25.892 0.5000000000
59157  33.072  -17.834  -29.329 0.3000000119
59159  31.478  -18.418  -29.895 0.3000000119
59161  29.802  -18.570  -30.237 0.3000000119
37507  32.472  -40.713  -20.728 0.6000000238
36529  32.638  -41.462  -20.881 0.6000000238
37524  33.389  -40.880  -22.252 0.6000000238
37527  27.380  -40.342  -20.877 0.8000000119
37600  28.196  -40.546  -26.210 0.6999999881
38562  27.448  -40.139  -26.124 0.6999999881
53130  30.914  -24.977  -23.059 0.6999999881
57097  27.987  -20.699  -25.901 0.6000000238
58117  30.324  -19.188  -29.771 0.3000000119
39651  24.668  -38.867  -27.420 0.8000000119
39673  24.833  -39.071  -29.118 0.6999999881
53144  30.183  -24.663  -23.467 0.6999999881
32805  34.013  -45.650  -21.405 0.4000000060
33701  34.101  -44.619  -21.491 0.4000000060
33719  35.297  -44.338  -21.980 0.3000000119
34641  34.564  -43.520  -21.771 0.5000000000
32825  29.360  -45.049  -22.960 0.5000000000
34701  32.696  -42.946  -26.346 0.3000000119
34715  30.412  -43.178  -27.035 0.4000000060
31904  27.566  -46.755  -23.641 0.5000000000
132705  24.903  -41.055  -23.625 0.6000000238
53164  28.260  -23.846  -24.177 0.6999999881
55171  26.622  -23.201  -24.925 0.6999999881
53129  31.181  -24.227  -23.154 0.6000000238
54102  29.576  -23.902  -23.801 0.6999999881
54117  28.944  -23.279  -24.133 0.6999999881
133588  27.972  -22.605  -24.820 0.6999999881
55180  27.485  -22.235  -25.169 0.6999999881
55154  31.750  -22.672  -23.360 0.5000000000
55155  30.780  -22.903  -23.774 0.5000000000
55168  29.426  -22.498  -24.388 0.5000000000
56160  29.063  -21.906  -24.902 0.5000000000
56168  28.663  -21.216  -25.455 0.5000000000
56169  27.731  -21.456  -25.525 0.6999999881
122520  33.034  -22.832  -21.744 0.5000000000
56147  31.103  -22.088  -23.900 0.5000000000
56158  30.584  -21.593  -24.385 0.5000000000
57095  30.093  -20.627  -25.235 0.5000000000
37632  25.216  -40.345  -28.072 0.6000000238
38580  24.929  -39.758  -28.706 0.6000000238
39671  26.628  -38.026  -29.981 0.5000000000
38589  25.692  -39.400  -29.848 0.6000000238
39672  25.608  -38.350  -29.557 0.6000000238
124600  28.651  -36.958  -30.105 0.5000000000
40692  27.296  -37.453  -29.991 0.5000000000
39609  23.112  -37.569  -24.383 0.5000000000
41643  29.513  -36.931  -30.229 0.5000000000
141046  27.924  -36.989  -29.904 0.5000000000
120475  30.055  -36.242  -30.070 0.5000000000
40637  22.382  -36.605  -24.527 0.4000000060
41584  20.826  -36.065  -24.505 0.4000000060
41548  20.561  -36.011  -23.730 0.4000000060
42512  30.557  -35.523  -30.077 0.5000000000
137767  29.134  -36.255  -29.852 0.5000000000
128936  20.958  -35.956  -23.006 0.4000000060
118959  30.134  -34.990  -29.755 0.5000000000
42513  29.663  -35.542  -29.751 0.5000000000
41532  21.753  -35.831  -22.568 0.4000000060
44230  26.638  -33.216  -20.151 0.4000000060
44246  25.859  -33.098  -20.988 0.4000000060
44247  24.941  -33.312  -20.808 0.4000000060
42359  24.190  -34.127  -20.325 0.3000000119
47208  28.993  -30.726  -16.668 0.4000000060
46138  28.580  -31.471  -16.706 0.4000000060
45155  27.026  -33.118  -18.437 0.4000000060
45168  26.665  -33.165  -19.370 0.4000000060
48258  28.647  -30.030  -16.805 0.4000000060
45142  26.579  -32.416  -17.802 0.4000000060
44231  26.060  -33.071  -20.253 0.4000000060
45143  25.830  -32.119  -18.043 0.4000000060
45156  26.260  -32.700  -18.718 0.4000000060
44232  25.345  -33.095  -20.219 0.4000000060
45126  28.243  -32.150  -16.909 0.4000000060
46139  27.618  -31.563  -16.790 0.4000000060
45141  27.527  -32.527  -17.414 0.4000000060
48257  29.328  -30.136  -16.804 0.4000000060
47210  27.296  -30.659  -16.788 0.4000000060
46140  26.774  -31.266  -16.951 0.4000000060
46149  26.932  -31.918  -17.217 0.4000000060
46141  26.162  -31.089  -17.111 0.4000000060
46151  25.551  -31.259  -17.562 0.4000000060
45170  25.430  -32.794  -19.468 0.4000000060
46152  24.777  -31.027  -17.934 0.4000000060
45158  24.936  -32.229  -18.821 0.4000000060
48271  31.799  -29.247  -17.277 0.4000000060
48274  28.368  -29.277  -17.156 0.4000000060
48259  27.803  -29.943  -16.866 0.4000000060
48260  26.961  -29.922  -16.991 0.4000000060
121895  31.058  -28.882  -17.200 0.4000000060
48273  29.251  -29.463  -17.030 0.4000000060
48275  27.426  -29.194  -17.233 0.4000000060
48276  26.426  -29.230  -17.280 0.4000000060
47211  26.544  -30.578  -16.949 0.4000000060
47212  25.863  -30.524  -17.136 0.4000000060
47223  25.156  -30.412  -17.408 0.4000000060
50227  32.463  -27.842  -17.716 0.5000000000
49226  30.741  -28.209  -17.416 0.5000000000
49227  29.078  -28.536  -17.459 0.4000000060
48277  25.671  -29.766  -17.190 0.4000000060
50228  31.431  -27.470  -17.687 0.5000000000
121547  29.911  -28.136  -17.463 0.4000000060
49228  28.013  -28.509  -17.624 0.4000000060
51194  29.783  -26.926  -18.185 0.4000000060
50230  29.406  -27.642  -17.824 0.4000000060
50231  28.521  -27.791  -17.973 0.4000000060
127117  27.679  -27.820  -18.112 0.4000000060
51208  30.174  -26.255  -18.566 0.4000000060
52161  29.688  -25.668  -18.964 0.4000000060
51209  29.301  -26.398  -18.719 0.4000000060
51210  28.438  -26.516  -18.832 0.4000000060
125258  27.962  -25.851  -19.169 0.4000000060
51205  33.140  -26.695  -18.710 0.5000000000
51207  31.904  -26.055  -18.477 0.5000000000
127861  31.084  -26.151  -18.506 0.4000000060
52178  29.214  -25.020  -19.272 0.4000000060
121590  28.828  -25.782  -19.113 0.4000000060
52180  27.498  -25.121  -19.345 0.3000000119
51226  33.409  -26.434  -19.365 0.5000000000
51193  30.722  -26.807  -18.109 0.5000000000
50249  28.924  -27.109  -18.393 0.4000000060
50251  27.412  -27.277  -18.455 0.4000000060
52158  32.520  -25.594  -18.844 0.5000000000
52159  31.537  -25.480  -18.764 0.5000000000
52160  30.582  -25.559  -18.839 0.4000000060
52179  28.342  -25.071  -19.316 0.3000000119
52176  33.183  -25.563  -19.326 0.5000000000
53078  32.012  -24.784  -19.095 0.5000000000
53079  31.028  -24.834  -19.088 0.4000000060
53080  30.089  -24.925  -19.147 0.4000000060
53093  27.051  -24.471  -19.493 0.3000000119
52177  32.826  -24.780  -19.336 0.5000000000
52192  33.321  -24.868  -19.858 0.4000000060
53104  33.358  -24.249  -20.403 0.5000000000
53089  31.459  -24.076  -19.350 0.3000000119
53090  30.495  -24.169  -19.328 0.4000000060
53091  29.608  -24.265  -19.364 0.4000000060
127439  28.737  -24.297  -19.419 0.3000000119
53092  27.805  -24.297  -19.444 0.3000000119
54042  26.756  -23.774  -19.623 0.3000000119
53094  26.285  -24.442  -19.485 0.3000000119
53088  32.343  -24.055  -19.458 0.3000000119
53087  32.983  -24.007  -19.838 0.4000000060
54053  33.200  -23.603  -20.277 0.4000000060
54069  33.152  -23.678  -21.459 0.4000000060
54039  29.983  -23.615  -19.482 0.3000000119
54040  29.188  -23.562  -19.546 0.3000000119
130847  27.482  -23.575  -19.595 0.3000000119
54043  25.914  -23.737  -19.645 0.3000000119
54044  25.084  -23.619  -19.671 0.3000000119
55100  26.979  -22.970  -19.746 0.3000000119
127363  26.309  -23.174  -19.747 0.3000000119
55102  24.788  -22.840  -19.913 0.3000000119
54036  32.562  -23.451  -19.689 0.3000000119
55127  33.176  -23.041  -20.536 0.3000000119
130954  33.237  -23.093  -21.086 0.4000000060
55140  32.884  -22.222  -22.203 0.4000000060
55153  32.525  -22.015  -22.879 0.4000000060
54045  24.203  -23.456  -19.686 0.3000000119
55095  31.566  -22.601  -19.751 0.3000000119
54038  30.856  -23.288  -19.531 0.3000000119
54037  31.911  -23.340  -19.530 0.3000000119
55094  32.385  -22.808  -19.829 0.3000000119
55109  32.782  -22.516  -20.304 0.3000000119
139920  33.054  -22.031  -21.623 0.3000000119
56134  32.998  -21.438  -22.163 0.3000000119
56145  32.690  -21.097  -23.109 0.4000000060
57076  32.058  -20.934  -23.821 0.4000000060
56157  31.340  -21.298  -24.101 0.4000000060
57091  30.835  -20.788  -24.665 0.4000000060
56166  30.173  -21.214  -24.810 0.4000000060
124464  33.011  -20.667  -22.420 0.3000000119
122758  32.951  -20.245  -22.995 0.3000000119
138332  31.563  -20.679  -24.282 0.4000000060
58051  30.702  -19.284  -25.741 0.4000000060
58052  29.925  -19.853  -25.877 0.4000000060
57105  29.033  -19.982  -26.184 0.4000000060
57106  28.253  -20.046  -26.300 0.5000000000
57062  33.096  -19.880  -22.235 0.3000000119
58031  33.067  -19.450  -22.965 0.3000000119
57089  32.692  -19.807  -23.672 0.3000000119
126581  32.115  -20.249  -24.110 0.4000000060
135948  32.214  -19.410  -24.493 0.4000000060
58050  31.389  -19.402  -25.170 0.4000000060
58070  29.326  -19.254  -26.497 0.3000000119
58071  28.542  -19.401  -26.630 0.3000000119
58072  27.764  -19.455  -26.763 0.4000000060
59131  28.725  -18.706  -27.018 0.3000000119
58094  28.077  -18.926  -27.075 0.3000000119
58009  33.129  -19.158  -22.386 0.3000000119
58030  33.193  -18.698  -22.853 0.3000000119
59092  32.960  -18.900  -23.724 0.3000000119
137515  32.630  -18.481  -24.591 0.3000000119
59104  31.904  -18.709  -25.178 0.3000000119
59112  31.548  -18.121  -25.877 0.3000000119
59113  30.808  -18.577  -26.178 0.3000000119
58069  30.116  -18.996  -26.367 0.3000000119
59130  30.278  -18.297  -26.822 0.3000000119
59129  30.932  -17.886  -26.658 0.3000000119
59054  32.941  -18.519  -22.104 0.3000000119
60058  32.954  -17.692  -24.696 0.3000000119
59111  32.339  -17.974  -25.292 0.3000000119
60087  31.603  -17.400  -26.505 0.3000000119
143458  30.393  -17.698  -27.214 0.3000000119
59140  29.733  -17.856  -27.387 0.3000000119
60093  30.913  -17.109  -27.332 0.3000000119
61146  30.282  -16.445  -28.143 0.3000000119
51191  32.307  -27.131  -17.942 0.5000000000
50248  32.971  -27.322  -18.278 0.5000000000
37603  25.290  -40.116  -27.129 0.6000000238
37642  25.425  -40.494  -29.023 0.5000000000
38590  25.406  -39.944  -29.463 0.5000000000
132306  27.218  -39.070  -30.322 0.5000000000
38603  26.555  -39.779  -30.335 0.5000000000
124837  30.410  -36.958  -30.271 0.5000000000
40704  29.012  -37.715  -30.454 0.5000000000
39685  27.468  -38.287  -30.171 0.5000000000
38510  25.425  -40.026  -22.944 0.6000000238
38520  24.963  -39.361  -23.248 0.6000000238
39595  24.511  -38.534  -23.503 0.6000000238
39596  23.730  -38.558  -24.104 0.5000000000
39624  22.000  -38.396  -25.422 0.5000000000
39610  22.220  -37.528  -25.001 0.5000000000
40639  20.477  -36.936  -25.181 0.5000000000
41585  20.118  -36.448  -24.479 0.4000000060
133215  20.088  -37.367  -23.202 0.4000000060
39587  20.996  -37.697  -22.522 0.4000000060
39580  22.027  -37.705  -21.789 0.4000000060
41509  23.802  -36.215  -20.281 0.3000000119
42374  24.142  -35.636  -20.026 0.3000000119
46179  24.227  -31.928  -19.036 0.4000000060
119571  24.490  -33.498  -20.061 0.4000000060
46167  24.488  -31.514  -18.530 0.4000000060
128704  26.996  -28.384  -17.738 0.4000000060
47224  24.370  -30.271  -17.618 0.4000000060
47225  23.600  -30.143  -17.890 0.4000000060
49230  25.514  -28.986  -17.414 0.4000000060
49231  24.580  -28.681  -17.565 0.4000000060
51211  27.508  -26.610  -18.846 0.4000000060
52162  27.131  -25.843  -19.178 0.4000000060
124020  26.765  -26.371  -18.927 0.4000000060
52181  26.696  -25.145  -19.337 0.3000000119
53095  25.427  -24.395  -19.470 0.3000000119
139912  24.879  -25.144  -19.204 0.3000000119
41642  30.984  -36.222  -30.381 0.5000000000
40591  23.204  -36.796  -20.786 0.4000000060
46168  23.724  -31.318  -18.801 0.4000000060
49229  26.133  -28.516  -17.672 0.4000000060
50234  25.451  -28.214  -17.786 0.4000000060
40592  22.321  -36.693  -21.753 0.4000000060
40693  26.342  -37.371  -29.696 0.5000000000
47207  29.778  -30.621  -16.811 0.4000000060
54068  33.322  -23.659  -20.816 0.5000000000
132742  29.979  -29.861  -16.889 0.4000000060
57096  29.326  -20.581  -25.633 0.4000000060
57094  30.743  -20.029  -25.250 0.4000000060
130516  28.330  -38.244  -30.311 0.5000000000
40703  29.874  -37.510  -30.435 0.5000000000
45157  25.630  -32.471  -18.822 0.4000000060
46166  25.166  -31.790  -18.287 0.4000000060
45171  24.660  -32.448  -19.241 0.4000000060
49225  31.702  -28.378  -17.392 0.5000000000
125927  30.125  -28.949  -17.155 0.4000000060
48278  24.863  -29.598  -17.378 0.4000000060
47238  24.029  -30.846  -18.192 0.4000000060
50229  30.308  -27.495  -17.713 0.4000000060
51192  31.677  -26.658  -18.130 0.5000000000
50250  28.084  -27.199  -18.465 0.4000000060
52157  33.044  -26.134  -18.867 0.5000000000
51206  32.569  -26.499  -18.414 0.5000000000
54035  32.912  -23.206  -20.020 0.3000000119
55128  33.131  -22.353  -20.958 0.3000000119
57075  32.528  -20.475  -23.557 0.4000000060
56088  32.139  -21.943  -20.143 0.3000000119
57090  31.474  -20.100  -24.670 0.4000000060
127830  31.262  -18.817  -25.619 0.3000000119
59103  33.197  -18.066  -24.015 0.3000000119
139701  33.302  -17.417  -24.161 0.3000000119
48279  24.016  -29.472  -17.540 0.4000000060
126973  23.572  -42.773  -25.007 0.4000000060
35621  23.420  -42.114  -24.975 0.4000000060
36591  23.058  -41.542  -25.422 0.4000000060
131100  22.679  -40.954  -25.800 0.3000000119
36579  23.707  -41.425  -24.560 0.4000000060
37588  22.466  -40.150  -25.677 0.3000000119
124477  27.633  -43.188  -27.002 0.5000000000
37576  23.087  -40.065  -25.007 0.5000000000
38545  21.795  -39.243  -25.776 0.3000000119
35659  26.493  -42.165  -27.087 0.5000000000
36616  25.884  -41.740  -27.676 0.5000000000
35658  26.809  -43.001  -27.386 0.5000000000
38522  23.506  -39.513  -24.498 0.5000000000
38530  22.650  -39.325  -25.202 0.4000000060
36602  26.150  -41.352  -26.724 0.5000000000
35674  26.293  -42.500  -28.026 0.5000000000
35685  26.594  -42.331  -29.131 0.3000000119
37631  25.608  -41.093  -28.377 0.5000000000
36629  25.996  -41.808  -28.769 0.4000000060
130570  25.774  -41.170  -29.273 0.4000000060
36650  26.901  -41.728  -30.371 0.3000000119
36640  26.257  -41.590  -29.845 0.3000000119
37653  27.348  -41.063  -30.476 0.3000000119
37654  26.423  -40.848  -30.356 0.3000000119
38601  28.493  -39.576  -30.423 0.3000000119
131685  28.023  -40.306  -30.404 0.3000000119
138804  27.137  -40.343  -30.541 0.4000000060
37641  25.802  -40.733  -29.782 0.4000000060
39597  19.755  -37.833  -23.715 0.3000000119
39683  29.778  -38.227  -30.620 0.4000000060
39684  28.948  -38.730  -30.569 0.4000000060
38602  27.591  -39.647  -30.435 0.4000000060
39588  20.327  -38.304  -22.941 0.3000000119
43321  24.012  -34.374  -19.789 0.3000000119
130972  24.660  -32.907  -19.679 0.3000000119
120503  23.834  -33.474  -19.750 0.3000000119
45172  23.919  -32.498  -19.487 0.3000000119
45173  23.124  -32.948  -19.689 0.3000000119
46180  23.457  -31.766  -19.364 0.3000000119
47239  23.264  -30.656  -18.479 0.3000000119
48289  23.267  -29.377  -17.937 0.3000000119
131760  22.970  -30.027  -18.216 0.3000000119
126158  21.686  -30.396  -19.605 0.3000000119
50233  26.244  -27.771  -18.084 0.3000000119
50253  25.377  -27.464  -18.122 0.3000000119
50235  24.778  -27.895  -17.866 0.3000000119
50236  23.912  -27.923  -17.887 0.3000000119
49246  22.981  -28.460  -18.177 0.3000000119
124033  26.722  -27.037  -18.533 0.3000000119
50252  25.937  -27.059  -18.374 0.3000000119
50254  24.567  -27.266  -18.162 0.3000000119
139084  23.866  -27.189  -18.286 0.3000000119
50255  23.178  -27.492  -18.373 0.3000000119
51214  24.265  -26.610  -18.523 0.3000000119
119706  23.444  -26.712  -18.586 0.3000000119
52163  26.345  -25.814  -19.107 0.3000000119
51212  26.088  -26.459  -18.743 0.3000000119
51213  25.209  -26.644  -18.510 0.3000000119
52166  23.836  -26.050  -18.831 0.3000000119
35657  28.567  -43.172  -26.964 0.5000000000
131870  28.029  -38.914  -30.364 0.4000000060
134237  21.060  -38.721  -22.377 0.3000000119
48307  21.949  -29.954  -19.025 0.3000000119
39625  20.992  -38.317  -25.832 0.3000000119
141982  20.644  -37.606  -25.602 0.3000000119
39598  19.437  -38.414  -24.161 0.3000000119
31903  28.511  -46.272  -23.921 0.4000000060
31922  28.004  -46.898  -24.438 0.4000000060
126944  27.035  -47.156  -24.378 0.4000000060
139489  25.167  -46.269  -25.992 0.4000000060
31951  24.848  -45.705  -26.341 0.3000000119
30973  25.488  -47.518  -23.935 0.4000000060
30985  24.243  -47.194  -24.913 0.4000000060
142581  23.795  -46.799  -24.628 0.4000000060
34713  32.264  -43.367  -26.770 0.3000000119
31906  25.122  -47.267  -23.142 0.4000000060
33755  23.717  -44.774  -25.743 0.3000000119
135897  23.616  -43.820  -26.085 0.3000000119
32848  23.639  -45.666  -25.261 0.4000000060
34717  22.748  -42.295  -27.367 0.3000000119
34733  23.323  -42.858  -27.609 0.3000000119
35645  22.830  -42.132  -26.690 0.3000000119
134647  23.580  -45.037  -24.839 0.4000000060
34702  23.467  -43.231  -25.677 0.3000000119
35633  23.156  -42.321  -25.854 0.3000000119
128256  26.624  -47.238  -25.074 0.4000000060
31923  25.921  -47.120  -25.312 0.4000000060
35634  22.546  -41.553  -26.304 0.3000000119
32835  29.823  -45.454  -23.722 0.3000000119
35647  21.449  -41.800  -27.341 0.3000000119
30972  26.131  -47.402  -24.492 0.4000000060
30974  24.752  -47.443  -24.098 0.4000000060
30984  25.213  -47.475  -24.766 0.4000000060
31000  25.057  -46.955  -25.512 0.4000000060
31877  25.773  -46.338  -21.655 0.5000000000
31894  24.519  -46.640  -22.930 0.5000000000
31905  26.348  -47.282  -23.419 0.5000000000
31907  24.046  -47.033  -23.851 0.4000000060
31908  23.627  -46.109  -24.441 0.4000000060
31937  26.533  -46.993  -25.745 0.4000000060
31939  24.404  -46.440  -25.671 0.3000000119
31940  23.810  -46.419  -25.183 0.4000000060
31950  25.663  -45.942  -26.524 0.4000000060
32810  26.619  -46.330  -21.651 0.5000000000
32826  28.097  -46.107  -23.069 0.5000000000
32828  24.578  -45.884  -22.426 0.5000000000
32870  24.126  -44.537  -26.482 0.3000000119
33695  29.207  -44.318  -20.772 0.6000000238
33722  29.314  -44.788  -22.221 0.5000000000
33724  24.301  -45.101  -22.974 0.5000000000
33745  23.788  -44.101  -24.342 0.5000000000
34621  29.098  -43.336  -19.732 0.6000000238
34635  27.784  -43.403  -20.140 0.6000000238
34640  35.060  -43.739  -21.851 0.3000000119
34648  25.875  -43.772  -21.314 0.6000000238
34671  35.263  -43.152  -23.268 0.4000000060
34687  34.631  -43.301  -24.654 0.4000000060
34688  34.019  -42.889  -25.197 0.4000000060
34689  23.982  -43.090  -24.306 0.6000000238
34690  23.616  -43.471  -24.943 0.4000000060
34700  33.370  -42.978  -25.909 0.4000000060
34716  23.257  -42.885  -26.627 0.3000000119
35539  28.588  -42.822  -19.553 0.6000000238
35570  26.765  -42.596  -20.947 0.6999999881
35585  35.117  -42.858  -22.644 0.4000000060
35586  34.581  -42.359  -22.383 0.5000000000
35620  23.978  -42.297  -24.357 0.4000000060
35646  22.273  -41.815  -27.075 0.3000000119
35656  29.512  -43.150  -26.971 0.4000000060
36514  32.173  -41.206  -20.304 0.6000000238
36530  27.101  -40.895  -21.317 0.8000000119
36532  26.157  -41.999  -22.222 0.6999999881
36550  26.171  -41.214  -22.227 0.6000000238
36567  25.250  -41.566  -23.349 0.5000000000
36590  30.476  -40.876  -26.084 0.6000000238
36600  28.901  -40.952  -26.319 0.6000000238
36603  21.794  -41.240  -26.872 0.3000000119
37480  28.922  -40.489  -18.522 0.8999999762
37490  31.438  -40.770  -19.066 0.8999999762
37528  26.985  -40.180  -21.420 0.6999999881
37563  25.337  -40.836  -23.147 0.6000000238
37575  23.641  -40.475  -24.534 0.5000000000
37620  25.589  -40.903  -27.345 0.6000000238
38459  27.972  -39.852  -19.601 0.8999999762
38499  26.853  -39.576  -21.373 0.8000000119
38509  25.959  -39.751  -22.217 0.8000000119
38521  24.275  -39.409  -23.808 0.5000000000
39539  28.122  -38.486  -19.577 0.8999999762
39575  32.716  -38.624  -21.289 1.0000000000
39577  27.348  -38.058  -20.613 0.8999999762
39589  19.832  -38.867  -23.367 0.3000000119
39593  31.997  -38.765  -23.659 1.0000000000
39594  25.197  -38.555  -22.942 0.6999999881
39611  21.259  -37.536  -25.421 0.3000000119
39612  19.534  -38.070  -24.816 0.3000000119
39626  20.080  -37.845  -25.515 0.3000000119
39686  26.481  -38.810  -30.117 0.5000000000
40541  30.651  -37.177  -18.206 0.8999999762
40587  33.730  -37.508  -21.387 1.0000000000
40603  21.350  -36.635  -22.455 0.4000000060
40604  20.444  -36.587  -23.113 0.4000000060
40616  24.841  -37.537  -23.251 0.6000000238
40618  23.247  -36.468  -23.985 0.4000000060
40619  19.761  -36.827  -23.913 0.4000000060
40638  21.456  -36.658  -24.960 0.4000000060
40640  19.766  -37.185  -24.771 0.5000000000
40641  19.495  -37.585  -24.312 0.4000000060
40705  28.134  -37.608  -30.107 0.5000000000
41489  28.811  -36.019  -20.034 1.0000000000
41529  26.533  -36.371  -21.783 0.6999999881
41546  25.507  -36.124  -22.733 0.6999999881
41547  21.440  -35.647  -23.268 0.4000000060
41563  33.608  -36.562  -23.546 1.0000000000
41567  22.861  -35.466  -23.668 0.5000000000
41568  22.085  -35.457  -23.784 0.5000000000
41569  21.374  -35.657  -23.839 0.4000000060
41583  21.712  -35.881  -24.348 0.5000000000
41601  29.352  -36.527  -26.286 0.8999999762
42373  24.087  -34.694  -20.677 0.3000000119
42392  24.178  -34.072  -21.711 0.4000000060
42394  23.233  -35.090  -21.935 0.4000000060
42413  24.073  -34.698  -22.851 0.5000000000
42428  24.260  -35.292  -23.185 0.6000000238
43318  29.253  -35.026  -19.348 0.6999999881
43331  27.126  -33.807  -21.220 0.6000000238
43344  27.173  -34.615  -21.465 0.6999999881
43346  25.983  -33.965  -22.065 0.6000000238
43365  34.479  -34.666  -22.793 1.0000000000
43385  33.093  -34.567  -24.562 1.0000000000
43416  22.067  -34.210  -26.753 0.8999999762
43458  24.445  -34.520  -29.127 0.6999999881
44220  29.369  -34.124  -18.392 0.6999999881
44245  26.596  -33.234  -20.869 0.4000000060
44293  31.867  -32.779  -25.135 1.0000000000
44312  22.922  -33.653  -25.946 0.8999999762
44313  22.210  -33.648  -26.412 0.8999999762
44353  22.565  -33.185  -27.662 0.8999999762
45169  26.123  -32.909  -19.521 0.4000000060
45224  32.324  -32.414  -24.512 1.0000000000
45238  22.568  -31.656  -25.536 0.8999999762
45296  24.330  -32.464  -28.431 0.6999999881
46150  26.275  -31.691  -17.404 0.4000000060
46244  26.478  -30.877  -24.864 1.0000000000
47209  28.152  -30.720  -16.656 0.4000000060
47305  29.677  -29.924  -23.714 0.8999999762
47308  27.318  -29.673  -24.347 0.8999999762
47328  22.061  -31.284  -26.060 0.8999999762
47335  22.417  -30.708  -26.337 0.8000000119
48261  26.284  -29.995  -17.051 0.4000000060
48363  26.530  -29.451  -24.386 1.0000000000
49232  23.718  -28.754  -17.705 0.3000000119
49363  23.739  -28.358  -26.881 0.6999999881
50232  27.021  -27.669  -18.209 0.4000000060
50339  21.919  -27.139  -25.718 0.8000000119
50350  21.458  -26.857  -26.027 0.8000000119
50384  21.845  -27.335  -26.226 0.8000000119
51272  30.181  -26.292  -23.402 0.8000000119
51294  22.452  -26.616  -25.209 0.8999999762
51322  21.315  -26.505  -26.179 0.8000000119
51344  21.522  -26.788  -26.329 0.8000000119
52248  22.805  -25.841  -24.998 0.8999999762
52285  22.069  -25.740  -27.254 0.6000000238
53182  24.239  -24.223  -24.936 0.8000000119
53184  22.051  -23.789  -25.837 0.8000000119
53194  21.110  -24.448  -26.506 0.8000000119
53220  24.776  -23.966  -27.900 0.6000000238
53223  22.133  -23.784  -27.753 0.6000000238
54119  26.015  -23.609  -24.841 0.6999999881
54156  21.404  -23.595  -27.342 0.6999999881
54161  24.670  -23.439  -28.281 0.6000000238
55185  22.454  -22.907  -26.124 0.8000000119
55200  22.017  -22.251  -27.038 0.6999999881
55222  21.625  -22.862  -27.182 0.6000000238
55233  27.766  -22.148  -28.202 0.5000000000
55235  24.698  -22.799  -28.654 0.6000000238
56188  22.396  -21.759  -26.898 0.6999999881
56225  24.715  -21.930  -28.815 0.6000000238
56236  24.267  -21.108  -28.848 0.6000000238
56237  23.480  -21.039  -28.590 0.6000000238
57098  23.629  -21.170  -26.658 0.6999999881
57107  27.445  -20.115  -26.390 0.4000000060
57111  23.214  -20.787  -27.172 0.6000000238
57112  22.704  -21.204  -27.131 0.6000000238
57127  23.453  -20.547  -27.890 0.6000000238
57138  29.094  -20.627  -29.179 0.4000000060
58095  27.343  -18.793  -27.300 0.4000000060
58107  24.504  -19.900  -28.313 0.6000000238
58108  23.984  -20.360  -28.270 0.6000000238
59158  32.262  -18.152  -29.617 0.3000000119
59169  27.903  -18.054  -30.342 0.4000000060
60116  27.167  -17.430  -29.720 0.4000000060
60127  27.517  -17.438  -30.134 0.4000000060
61155  29.011  -16.285  -29.173 0.4000000060
119963  24.357  -26.964  -27.469 0.6000000238
120086  33.979  -34.088  -23.666 1.0000000000
120361  26.551  -35.632  -21.929 0.6999999881
122890  28.851  -30.992  -25.001 1.0000000000
122972  28.131  -23.165  -24.480 0.6999999881
124949  27.468  -41.884  -20.276 0.6999999881
125317  29.523  -17.817  -30.468 0.3000000119
125745  21.266  -25.837  -25.895 0.8000000119
125965  34.189  -43.908  -21.616 0.5000000000
126018  28.766  -26.142  -23.742 0.8000000119
127220  28.178  -39.117  -19.364 0.8999999762
127386  29.529  -18.526  -26.928 0.3000000119
128120  28.503  -42.173  -19.277 0.6999999881
128869  26.065  -28.054  -24.374 0.8999999762
128946  31.147  -34.937  -18.613 0.8999999762
129565  25.854  -40.193  -30.068 0.4000000060
129788  21.132  -25.851  -26.269 0.8000000119
130867  35.441  -43.838  -23.255 0.4000000060
131526  20.977  -24.326  -27.016 0.8000000119
131668  28.224  -17.487  -30.346 0.4000000060
133536  22.894  -38.510  -24.762 0.5000000000
134493  33.987  -33.486  -23.524 1.0000000000
134656  35.160  -45.057  -21.666 0.3000000119
134676  26.676  -20.940  -29.250 0.6000000238
135411  25.949  -29.188  -24.424 1.0000000000
135539  33.360  -41.617  -24.766 0.5000000000
135706  30.563  -42.804  -19.905 0.6000000238
135803  28.883  -34.038  -29.496 0.6000000238
135877  23.600  -30.353  -27.426 0.6999999881
137082  21.876  -33.050  -26.776 0.8999999762
138632  34.166  -33.983  -19.413 1.0000000000
139226  24.659  -23.502  -25.153 0.8000000119
139536  23.036  -20.936  -28.078 0.6000000238
139586  25.073  -39.465  -26.997 0.6999999881
139706  22.101  -22.502  -26.590 0.8000000119
140194  23.458  -23.408  -28.372 0.6000000238
140628  26.433  -35.430  -29.551 0.8000000119
140719  26.222  -19.041  -27.199 0.6000000238
140866  27.660  -32.195  -25.882 1.0000000000
141253  23.874  -44.205  -26.267 0.3000000119
141599  27.545  -26.413  -24.101 0.8000000119
141882  31.932  -44.289  -22.230 0.5000000000
141992  27.268  -24.028  -19.547 0.3000000119
142965  34.473  -35.796  -22.207 1.0000000000
143002  21.831  -27.012  -26.544 0.8000000119
143134  23.328  -20.656  -27.542 0.6000000238
143350  25.447  -39.299  -22.724 0.6999999881
143663  32.525  -24.313  -22.294 0.6000000238
143795  30.774  -42.670  -26.821 0.4000000060
