#!ascii label  , from subject sub-v1s0x0050642_ses-1 vox2ras=TkReg
719
26412  33.236  -52.947  -30.882 0.6000000238
25351  35.451  -53.632  -23.667 0.6999999881
24394  35.659  -54.424  -25.184 0.6999999881
140770  35.182  -55.458  -27.625 0.8999999762
123727  34.797  -55.296  -28.319 0.8000000119
25424  34.538  -53.888  -29.355 0.8000000119
26397  32.855  -52.100  -30.818 0.6000000238
27325  31.808  -51.136  -31.065 0.6999999881
25352  35.266  -52.806  -24.099 0.6999999881
25340  35.052  -52.948  -23.091 0.6999999881
25362  35.523  -53.566  -24.744 0.6999999881
119643  35.419  -52.859  -26.324 0.6000000238
25378  35.543  -53.681  -25.921 0.6999999881
23432  35.589  -54.761  -26.088 0.6999999881
24406  35.485  -54.227  -26.882 0.8000000119
25397  35.110  -53.087  -28.141 0.8000000119
24426  34.992  -54.425  -28.236 0.8000000119
122299  33.811  -52.413  -30.350 0.6000000238
28186  32.258  -50.510  -30.655 0.6000000238
28198  31.736  -50.160  -31.015 0.6999999881
29103  31.764  -49.518  -32.389 0.6999999881
26324  34.879  -52.240  -23.482 0.5000000000
125740  34.512  -52.415  -22.668 0.6000000238
26330  35.113  -52.063  -24.350 0.4000000060
120216  35.255  -51.876  -25.212 0.6000000238
133126  35.354  -52.262  -25.923 0.5000000000
26347  35.351  -52.295  -26.740 0.6000000238
119048  35.358  -52.956  -27.242 0.8000000119
27300  34.649  -51.682  -29.096 0.6999999881
28184  33.503  -50.852  -29.991 0.6999999881
138336  32.883  -50.852  -30.398 0.5000000000
126743  31.601  -49.192  -31.103 0.6000000238
30000  31.432  -48.535  -31.725 0.6000000238
132980  31.648  -49.149  -31.832 0.6000000238
30020  31.961  -49.160  -33.089 0.5000000000
28118  34.601  -50.311  -23.335 0.5000000000
27245  34.339  -51.385  -22.828 0.6000000238
26317  33.329  -52.206  -21.743 0.6000000238
27250  34.671  -50.976  -23.518 0.5000000000
27284  35.207  -51.673  -27.216 0.5000000000
28159  35.024  -50.972  -27.771 0.6000000238
134385  34.376  -50.157  -29.000 0.6000000238
133409  33.645  -50.135  -29.603 0.6000000238
28185  32.861  -50.193  -30.111 0.5000000000
29076  32.118  -49.571  -30.413 0.6000000238
31054  31.064  -47.928  -31.699 0.6000000238
31061  31.470  -47.933  -32.435 0.5000000000
31060  31.982  -47.562  -33.106 0.5000000000
31059  32.919  -47.105  -33.267 0.5000000000
30007  31.929  -48.370  -33.073 0.5000000000
28119  34.187  -50.736  -22.707 0.5000000000
27230  33.409  -51.251  -22.014 0.5000000000
118988  35.183  -50.754  -24.875 0.5000000000
134486  35.203  -50.563  -25.790 0.4000000060
29944  34.953  -48.451  -26.356 0.3000000119
29045  35.083  -49.948  -26.741 0.4000000060
29061  34.837  -49.457  -27.625 0.3000000119
29955  34.701  -48.497  -27.303 0.3000000119
132221  35.006  -50.290  -27.457 0.5000000000
29062  34.470  -49.447  -28.531 0.5000000000
29980  33.479  -48.545  -29.139 0.5000000000
29075  32.922  -49.303  -29.697 0.5000000000
133207  32.161  -48.849  -30.011 0.5000000000
130885  31.752  -48.795  -30.509 0.6000000238
31045  31.239  -48.272  -30.936 0.6000000238
124281  31.439  -47.105  -32.693 0.5000000000
32005  32.686  -46.266  -33.128 0.5000000000
28983  34.186  -50.170  -22.649 0.5000000000
131984  34.613  -49.540  -22.965 0.5000000000
28993  34.956  -49.787  -23.971 0.5000000000
29931  35.096  -48.470  -25.419 0.4000000060
29031  35.133  -49.392  -25.828 0.5000000000
31007  34.593  -47.520  -26.791 0.3000000119
29956  34.190  -47.759  -27.942 0.3000000119
31029  33.514  -47.761  -28.693 0.4000000060
29981  32.494  -48.432  -29.517 0.5000000000
31062  30.906  -47.320  -32.099 0.5000000000
32932  30.252  -46.018  -32.116 0.5000000000
32007  30.886  -46.591  -32.323 0.5000000000
32929  33.415  -45.708  -33.188 0.5000000000
32930  32.613  -45.370  -32.855 0.4000000060
32006  31.762  -46.225  -32.729 0.5000000000
28975  34.014  -49.651  -22.092 0.5000000000
29903  34.884  -48.606  -22.941 0.5000000000
134835  35.021  -48.993  -23.814 0.5000000000
123145  35.056  -47.682  -25.082 0.4000000060
122684  34.920  -47.800  -25.903 0.4000000060
31008  34.382  -46.499  -26.612 0.3000000119
31020  34.041  -46.787  -27.462 0.3000000119
31030  32.725  -47.306  -28.794 0.4000000060
31979  31.785  -47.000  -28.906 0.4000000060
138379  32.876  -47.931  -29.123 0.4000000060
31038  32.048  -47.751  -29.266 0.4000000060
31039  31.153  -47.356  -29.701 0.5000000000
31040  30.654  -47.238  -30.419 0.5000000000
137598  30.982  -47.749  -30.408 0.6000000238
132791  30.988  -45.823  -32.383 0.4000000060
141022  31.785  -45.453  -32.546 0.5000000000
133814  35.184  -47.781  -23.123 0.4000000060
30981  35.085  -46.880  -24.662 0.4000000060
30969  35.187  -47.651  -24.116 0.4000000060
134496  34.787  -46.939  -25.760 0.4000000060
32867  34.123  -45.597  -26.458 0.4000000060
31959  33.275  -46.106  -27.747 0.4000000060
31969  33.457  -46.991  -28.235 0.4000000060
31970  32.539  -46.538  -28.381 0.4000000060
31981  30.389  -46.747  -29.993 0.5000000000
32905  29.708  -46.214  -30.495 0.6000000238
132045  29.683  -45.367  -31.888 0.4000000060
134010  30.411  -45.223  -32.261 0.4000000060
30957  35.237  -47.136  -22.394 0.4000000060
31917  35.320  -46.052  -24.282 0.4000000060
30968  35.367  -46.827  -23.518 0.4000000060
31918  34.857  -46.129  -25.164 0.4000000060
32877  33.514  -45.463  -27.163 0.4000000060
32885  32.328  -45.713  -28.011 0.4000000060
31971  31.595  -46.229  -28.485 0.4000000060
31980  30.906  -46.614  -29.137 0.4000000060
32896  29.999  -46.118  -29.340 0.5000000000
32916  29.820  -46.127  -31.504 0.6000000238
31887  35.442  -46.298  -22.561 0.4000000060
32844  35.485  -45.230  -23.982 0.4000000060
32845  35.054  -45.337  -24.797 0.4000000060
31933  34.624  -46.105  -25.956 0.4000000060
129594  33.620  -44.958  -26.681 0.4000000060
33772  33.098  -44.776  -27.206 0.4000000060
32879  32.254  -44.788  -27.627 0.5000000000
32886  31.331  -45.371  -28.116 0.3000000119
32887  30.264  -45.557  -28.430 0.3000000119
32895  30.776  -46.042  -28.616 0.4000000060
32906  29.122  -45.665  -29.956 0.4000000060
33804  28.725  -44.906  -30.457 0.4000000060
32917  29.251  -45.529  -31.037 0.5000000000
30942  35.141  -46.506  -21.775 0.4000000060
32859  34.042  -44.640  -25.995 0.4000000060
33763  33.367  -44.284  -26.602 0.4000000060
33764  32.664  -44.087  -27.052 0.3000000119
34727  31.805  -43.952  -27.293 0.3000000119
132846  30.606  -44.853  -27.873 0.3000000119
32897  29.320  -45.516  -28.914 0.3000000119
121579  28.159  -44.244  -29.918 0.4000000060
34765  28.548  -44.128  -30.843 0.4000000060
32834  35.621  -45.102  -23.128 0.3000000119
33744  35.202  -44.548  -24.433 0.3000000119
33754  34.691  -44.622  -25.182 0.3000000119
120354  33.678  -43.749  -26.044 0.3000000119
34713  32.264  -43.367  -26.770 0.3000000119
34714  31.325  -43.111  -26.922 0.3000000119
34728  30.800  -43.986  -27.418 0.4000000060
34729  29.827  -43.923  -27.274 0.4000000060
33774  30.047  -44.503  -27.646 0.3000000119
33775  29.238  -44.566  -27.707 0.3000000119
33782  28.753  -45.061  -28.402 0.3000000119
33793  28.569  -45.117  -29.382 0.4000000060
34766  28.197  -43.393  -30.868 0.4000000060
35657  28.567  -43.172  -26.964 0.4000000060
34730  28.905  -43.927  -27.279 0.4000000060
34731  28.023  -43.861  -27.414 0.3000000119
33794  28.065  -44.660  -28.795 0.4000000060
34746  27.390  -43.521  -28.849 0.4000000060
35684  27.126  -42.818  -29.545 0.4000000060
34756  27.733  -44.042  -29.131 0.4000000060
34757  27.731  -43.263  -29.970 0.4000000060
34732  27.307  -43.585  -27.810 0.5000000000
35673  26.837  -43.064  -28.437 0.4000000060
35693  27.917  -42.565  -30.978 0.3000000119
35695  26.841  -42.186  -29.976 0.3000000119
25425  34.114  -53.901  -30.094 0.6999999881
24416  35.222  -54.698  -27.643 0.8000000119
27314  33.285  -51.505  -30.406 0.6000000238
26395  34.743  -53.146  -29.013 0.6999999881
27313  34.085  -51.613  -29.885 0.6999999881
30008  31.719  -48.758  -32.456 0.6000000238
27257  35.242  -51.246  -25.265 0.4000000060
28145  35.113  -50.864  -26.843 0.4000000060
27299  35.031  -51.708  -28.194 0.6999999881
28171  34.722  -50.956  -28.636 0.6999999881
28122  34.973  -50.534  -24.137 0.5000000000
29074  33.949  -49.368  -29.243 0.5000000000
29968  34.461  -48.703  -28.177 0.4000000060
29982  31.624  -48.196  -30.007 0.6000000238
31997  30.444  -46.694  -31.777 0.5000000000
31991  30.252  -46.759  -30.928 0.6000000238
32878  32.923  -45.334  -27.609 0.3000000119
32820  35.477  -45.035  -22.280 0.4000000060
32888  29.665  -45.111  -28.086 0.3000000119
33776  28.366  -44.483  -27.908 0.3000000119
34745  27.712  -44.133  -28.277 0.3000000119
35694  27.361  -42.426  -30.376 0.3000000119
17623  33.291  -61.519  -26.805 0.6000000238
17624  32.517  -61.625  -26.644 0.6000000238
16717  31.184  -61.855  -28.913 0.6000000238
16731  31.140  -62.120  -29.706 0.6000000238
17599  31.017  -61.290  -24.820 0.5000000000
17610  33.125  -61.423  -26.018 0.6000000238
19477  35.332  -59.840  -26.753 0.6999999881
18523  34.034  -61.115  -26.411 0.6999999881
17611  32.233  -61.535  -25.782 0.6000000238
139203  34.355  -61.065  -28.076 0.6000000238
17650  33.605  -61.377  -28.343 0.6000000238
18549  33.368  -61.108  -29.173 0.6000000238
17665  32.541  -61.222  -29.424 0.6000000238
17685  32.228  -61.046  -30.094 0.6000000238
18596  31.819  -60.675  -30.696 0.6000000238
119817  30.991  -59.973  -31.874 0.6999999881
18502  32.422  -60.761  -24.413 0.6000000238
19453  34.540  -59.705  -24.540 0.6999999881
17598  31.922  -61.274  -24.967 0.5000000000
18500  34.158  -60.430  -24.958 0.6999999881
18514  33.661  -60.957  -25.468 0.6999999881
19490  35.393  -59.134  -27.595 0.6999999881
130085  34.764  -60.721  -27.286 0.6999999881
18548  34.160  -60.837  -28.839 0.5000000000
18595  32.419  -60.509  -30.187 0.6000000238
19526  31.907  -59.183  -30.782 0.6000000238
121143  31.568  -59.921  -31.109 0.6999999881
19543  31.261  -58.997  -31.658 0.6999999881
19553  30.804  -59.174  -32.787 0.6999999881
142004  31.050  -58.362  -33.167 0.6999999881
138940  37.540  -55.466  -34.122 0.4000000060
23526  35.150  -55.732  -34.670 0.5000000000
23527  34.041  -55.518  -34.443 0.6000000238
22528  32.819  -56.799  -34.523 0.6000000238
20507  31.383  -57.931  -33.707 0.6999999881
132630  30.970  -58.837  -22.541 0.5000000000
19439  33.298  -59.613  -23.229 0.5000000000
19438  34.122  -59.353  -23.579 0.6000000238
18484  32.917  -60.251  -23.810 0.5000000000
20404  35.272  -58.244  -24.816 0.6999999881
19454  33.778  -60.110  -24.056 0.5000000000
20421  35.444  -58.369  -25.826 0.6999999881
19464  35.372  -59.263  -25.986 0.6999999881
20441  35.260  -58.125  -27.468 0.6999999881
19509  34.201  -59.230  -29.154 0.6999999881
18594  32.931  -60.058  -29.984 0.6000000238
138763  32.630  -59.277  -30.201 0.6000000238
20472  31.779  -58.327  -31.081 0.6999999881
21493  31.453  -57.682  -32.795 0.6999999881
22518  31.983  -56.201  -33.261 0.6999999881
22529  32.211  -56.724  -34.004 0.6000000238
23519  32.241  -55.770  -33.765 0.6000000238
143099  33.417  -57.778  -21.625 0.5000000000
20381  31.400  -58.271  -22.059 0.4000000060
20378  34.272  -58.110  -22.305 0.5000000000
20371  32.915  -58.162  -21.690 0.5000000000
19421  32.788  -59.152  -22.440 0.5000000000
21368  35.262  -57.323  -23.369 0.6000000238
20393  34.523  -58.547  -23.174 0.6000000238
22402  35.585  -56.819  -25.756 0.6999999881
21386  35.405  -57.588  -24.605 0.6000000238
21402  35.507  -57.595  -25.352 0.6999999881
20432  35.434  -58.045  -26.658 0.6999999881
20450  34.449  -58.457  -28.772 0.6999999881
20458  33.751  -58.446  -29.386 0.6999999881
19510  33.478  -59.364  -29.674 0.6999999881
20471  32.349  -58.494  -30.501 0.6999999881
141833  32.226  -57.883  -30.793 0.6999999881
22493  32.405  -56.414  -31.916 0.8000000119
120520  31.836  -56.873  -32.808 0.6999999881
24498  34.766  -54.767  -34.453 0.5000000000
142721  32.877  -55.385  -34.110 0.6000000238
130509  32.187  -55.043  -33.659 0.6000000238
22353  32.280  -57.125  -21.700 0.4000000060
22364  35.252  -56.548  -22.367 0.6000000238
22376  35.567  -56.525  -23.287 0.6000000238
22389  35.677  -56.392  -24.320 0.6000000238
127624  35.703  -56.171  -25.184 0.6000000238
22416  35.427  -56.746  -26.652 0.6999999881
21425  35.013  -57.372  -27.701 0.6999999881
21438  34.648  -57.668  -28.262 0.6999999881
23458  34.347  -56.319  -28.648 0.8000000119
22449  34.220  -57.069  -28.577 0.8000000119
132180  33.452  -57.617  -29.717 0.6000000238
123391  32.701  -57.277  -30.948 0.6000000238
23503  32.322  -55.726  -32.071 0.8000000119
23513  31.939  -55.552  -32.680 0.6999999881
25474  35.622  -53.599  -34.580 0.5000000000
138884  33.647  -54.806  -34.174 0.6000000238
25464  33.126  -53.459  -33.700 0.6999999881
136286  35.669  -52.411  -34.536 0.6000000238
142493  34.507  -56.038  -21.413 0.5000000000
23365  32.945  -55.989  -21.471 0.4000000060
23379  31.961  -55.835  -22.691 0.4000000060
23377  35.332  -55.735  -22.096 0.5000000000
21342  33.606  -57.100  -21.468 0.5000000000
23387  35.716  -55.525  -23.029 0.6000000238
130508  35.766  -55.847  -23.838 0.6000000238
23416  35.708  -55.302  -25.324 0.6000000238
119888  35.565  -55.856  -26.173 0.6999999881
22417  35.137  -56.784  -27.454 0.8000000119
23459  34.003  -56.171  -29.459 0.6000000238
23486  33.553  -55.348  -30.652 0.6000000238
135979  32.514  -55.117  -31.795 0.6999999881
26437  31.896  -52.864  -32.999 0.6999999881
25463  34.139  -53.235  -33.958 0.6000000238
26435  33.438  -52.667  -33.737 0.6000000238
28229  34.019  -50.683  -34.003 0.6000000238
26445  35.078  -52.935  -34.346 0.6000000238
27349  34.330  -51.484  -34.152 0.6000000238
25327  34.566  -53.804  -21.766 0.5000000000
24343  33.855  -54.890  -21.321 0.5000000000
134349  33.064  -55.177  -21.469 0.5000000000
23388  31.982  -55.083  -22.475 0.5000000000
25339  35.209  -53.830  -22.543 0.5000000000
24341  35.010  -55.013  -21.696 0.5000000000
134743  35.711  -54.351  -24.263 0.6000000238
23472  34.366  -55.433  -29.146 0.6999999881
24454  33.840  -54.597  -30.382 0.6000000238
24455  33.296  -54.487  -31.054 0.6000000238
25439  32.041  -53.542  -31.582 0.6000000238
25450  31.645  -53.522  -32.167 0.6999999881
26423  31.686  -52.733  -31.753 0.6000000238
26436  32.145  -52.130  -33.114 0.6000000238
120759  32.898  -52.185  -33.521 0.6999999881
126065  36.459  -51.522  -34.450 0.5000000000
131826  35.323  -50.101  -34.081 0.4000000060
26306  34.060  -53.319  -21.717 0.5000000000
25317  32.986  -53.391  -21.444 0.5000000000
25328  32.417  -53.788  -21.591 0.5000000000
25341  31.261  -53.819  -22.611 0.5000000000
142940  30.968  -54.234  -23.296 0.5000000000
25364  29.675  -54.202  -24.757 0.5000000000
26398  32.069  -51.867  -30.928 0.6000000238
127911  31.462  -51.988  -31.997 0.6000000238
28219  31.871  -50.658  -32.759 0.4000000060
28231  32.377  -50.586  -33.275 0.5000000000
28230  33.191  -50.590  -33.708 0.4000000060
29111  34.485  -50.039  -33.997 0.4000000060
135619  33.703  -50.029  -33.851 0.5000000000
26316  33.962  -52.670  -21.987 0.6000000238
26308  32.738  -52.562  -21.486 0.5000000000
25318  32.224  -52.898  -21.505 0.5000000000
25330  30.847  -52.999  -22.296 0.5000000000
25343  29.883  -53.341  -23.464 0.5000000000
25353  29.447  -53.469  -24.093 0.5000000000
26336  28.666  -52.775  -25.642 0.4000000060
25381  28.479  -52.928  -27.048 0.5000000000
138168  28.669  -52.344  -27.747 0.4000000060
26400  28.885  -52.648  -29.446 0.4000000060
26415  29.033  -52.809  -30.378 0.4000000060
28220  31.709  -50.302  -32.262 0.6000000238
126964  31.935  -49.967  -32.995 0.4000000060
29113  32.796  -49.614  -33.544 0.4000000060
29112  34.088  -49.247  -33.737 0.4000000060
139298  32.710  -51.832  -21.538 0.5000000000
26318  31.372  -52.512  -21.692 0.4000000060
26319  30.408  -52.025  -21.979 0.4000000060
26325  29.957  -52.669  -22.818 0.5000000000
27246  29.187  -51.233  -23.728 0.4000000060
26331  28.765  -52.144  -25.001 0.5000000000
27258  29.124  -51.188  -25.654 0.4000000060
27273  29.067  -51.226  -26.538 0.5000000000
124468  28.827  -51.805  -27.220 0.5000000000
27301  29.144  -50.892  -28.090 0.3000000119
26379  29.119  -51.830  -29.099 0.3000000119
27326  29.317  -51.408  -30.602 0.3000000119
31074  32.666  -48.022  -33.325 0.4000000060
27231  32.343  -51.193  -21.547 0.5000000000
27232  31.492  -51.147  -21.498 0.5000000000
27233  30.633  -51.133  -21.641 0.4000000060
28107  32.812  -50.464  -21.634 0.4000000060
28108  31.934  -50.424  -21.433 0.4000000060
28109  31.066  -50.377  -21.482 0.4000000060
28977  30.199  -49.492  -22.202 0.4000000060
123780  33.259  -49.670  -21.633 0.4000000060
28969  32.453  -49.679  -21.427 0.4000000060
28971  30.786  -49.600  -21.666 0.4000000060
130806  33.023  -48.948  -21.356 0.4000000060
29889  31.277  -48.883  -21.548 0.4000000060
29895  30.404  -48.676  -22.554 0.4000000060
28994  30.186  -48.992  -24.106 0.4000000060
131869  32.160  -48.941  -21.338 0.4000000060
29888  34.215  -48.324  -21.668 0.3000000119
30959  30.988  -48.093  -22.093 0.4000000060
30960  30.616  -47.816  -23.036 0.4000000060
142373  30.518  -47.719  -23.898 0.4000000060
127834  34.316  -47.627  -21.548 0.4000000060
29932  30.437  -47.850  -25.282 0.4000000060
30997  30.016  -47.663  -25.653 0.4000000060
31873  34.442  -46.713  -21.417 0.3000000119
30945  33.150  -47.523  -21.379 0.4000000060
31876  31.776  -47.214  -22.064 0.4000000060
30970  31.047  -47.099  -22.860 0.4000000060
30971  30.625  -47.014  -23.768 0.4000000060
30982  30.441  -47.384  -24.578 0.4000000060
31901  30.574  -46.346  -23.956 0.3000000119
25437  33.557  -53.791  -30.722 0.6000000238
24364  35.669  -54.517  -23.279 0.5000000000
27334  31.551  -51.386  -31.619 0.6000000238
142779  32.453  -48.757  -33.359 0.4000000060
17652  31.977  -61.466  -28.960 0.6000000238
20495  31.116  -58.436  -32.448 0.6999999881
21478  31.968  -57.105  -32.063 0.6999999881
130890  36.735  -54.711  -34.762 0.5000000000
25473  36.473  -53.874  -34.816 0.5000000000
125441  34.427  -56.331  -34.681 0.5000000000
24497  35.746  -54.331  -34.662 0.4000000060
20380  32.364  -58.573  -21.957 0.5000000000
21439  34.019  -57.649  -28.963 0.6999999881
24489  32.717  -54.392  -33.763 0.6000000238
123054  35.603  -56.967  -24.889 0.6000000238
20459  33.004  -58.488  -29.929 0.6999999881
23488  32.788  -56.069  -31.579 0.8000000119
24490  31.901  -54.421  -33.227 0.6999999881
22352  32.910  -56.763  -21.469 0.4000000060
22450  33.908  -56.930  -29.164 0.6000000238
22477  33.249  -56.339  -30.832 0.6000000238
25455  31.777  -53.564  -32.813 0.6999999881
140392  31.797  -54.876  -32.853 0.6999999881
127179  36.570  -52.325  -34.707 0.5000000000
26443  37.085  -53.281  -34.911 0.5000000000
25465  32.145  -53.585  -33.351 0.6999999881
26434  34.260  -52.386  -34.076 0.6000000238
23487  33.093  -55.281  -31.361 0.6999999881
24474  31.942  -54.312  -31.893 0.6999999881
27351  32.791  -51.415  -33.495 0.6000000238
136274  35.136  -51.387  -34.295 0.6000000238
25316  33.793  -53.889  -21.451 0.5000000000
24353  32.474  -54.684  -21.762 0.5000000000
24354  31.886  -54.230  -22.177 0.4000000060
26413  32.249  -52.661  -31.198 0.6000000238
27340  31.981  -51.312  -32.955 0.6000000238
25412  28.502  -53.369  -28.829 0.3000000119
30018  34.263  -48.289  -33.548 0.4000000060
138589  28.898  -52.761  -24.269 0.5000000000
26364  28.969  -51.552  -28.149 0.4000000060
26399  29.204  -52.038  -30.011 0.4000000060
132305  32.727  -48.253  -21.340 0.4000000060
30946  31.847  -48.165  -21.515 0.4000000060
15136  43.793  -64.529  -31.764 0.3000000119
125089  43.665  -63.806  -32.048 0.3000000119
17737  34.964  -61.900  -34.912 0.4000000060
17734  37.333  -60.760  -33.618 0.4000000060
16810  36.531  -61.662  -33.424 0.4000000060
16794  36.790  -61.711  -32.247 0.4000000060
17747  34.812  -60.468  -35.104 0.4000000060
16838  33.073  -62.369  -35.213 0.4000000060
17749  33.267  -61.310  -35.353 0.4000000060
17750  32.252  -61.692  -35.361 0.5000000000
16841  30.975  -62.818  -34.955 0.5000000000
16826  30.672  -62.466  -34.466 0.5000000000
18626  36.636  -60.320  -34.090 0.4000000060
17736  35.633  -61.418  -34.471 0.5000000000
16837  34.034  -62.134  -35.071 0.5000000000
15918  30.659  -63.827  -32.909 0.5000000000
18625  37.211  -60.462  -33.786 0.5000000000
128919  36.934  -60.774  -33.930 0.5000000000
19565  37.787  -60.278  -33.446 0.5000000000
17721  37.854  -60.669  -33.196 0.4000000060
17720  38.363  -60.608  -32.567 0.4000000060
17707  37.906  -61.218  -31.624 0.4000000060
17697  37.873  -61.810  -30.574 0.4000000060
16749  38.671  -61.917  -29.991 0.3000000119
16769  39.978  -62.952  -30.262 0.4000000060
19567  35.745  -59.118  -34.640 0.4000000060
141012  34.735  -59.313  -35.259 0.4000000060
19576  33.480  -59.538  -35.578 0.4000000060
20510  36.089  -58.591  -34.286 0.4000000060
19574  35.254  -59.697  -35.020 0.4000000060
140587  32.536  -61.014  -35.463 0.4000000060
18635  32.727  -60.293  -35.600 0.5000000000
17751  31.399  -61.367  -35.275 0.5000000000
20509  36.626  -59.005  -33.669 0.4000000060
18633  35.967  -59.938  -34.448 0.4000000060
136727  35.158  -61.141  -34.937 0.4000000060
19578  31.666  -59.902  -35.480 0.5000000000
18637  30.881  -61.001  -34.828 0.5000000000
134323  30.486  -62.178  -33.837 0.5000000000
17723  30.500  -61.656  -33.467 0.6000000238
18616  30.644  -61.062  -32.903 0.6000000238
16797  30.824  -62.303  -32.185 0.6000000238
18621  30.682  -60.201  -32.777 0.6000000238
17708  31.028  -61.574  -32.022 0.5000000000
18614  39.207  -60.100  -32.367 0.4000000060
17686  31.675  -61.454  -30.604 0.5000000000
17696  38.800  -61.102  -30.600 0.4000000060
18593  39.826  -60.753  -30.195 0.4000000060
17683  40.280  -61.361  -29.727 0.4000000060
20520  34.143  -58.369  -35.277 0.4000000060
129025  33.997  -57.640  -35.047 0.5000000000
20513  32.516  -58.261  -35.233 0.5000000000
19568  31.719  -58.907  -35.210 0.5000000000
19562  30.703  -60.288  -34.376 0.5000000000
143379  31.654  -58.188  -34.565 0.5000000000
135876  30.557  -60.439  -33.565 0.6000000238
21513  31.864  -57.539  -34.082 0.6000000238
121553  30.936  -58.717  -33.975 0.6000000238
14359  43.201  -65.869  -31.514 0.3000000119
16765  44.469  -62.819  -31.464 0.3000000119
18589  43.332  -60.341  -30.107 0.3000000119
21507  36.352  -58.024  -33.828 0.4000000060
22524  36.469  -56.976  -34.112 0.4000000060
22525  36.099  -56.756  -34.532 0.4000000060
20512  34.899  -57.946  -35.001 0.4000000060
22526  35.412  -56.569  -34.723 0.4000000060
21511  33.076  -57.512  -34.930 0.5000000000
18615  31.015  -60.814  -31.997 0.6000000238
16774  31.240  -62.085  -31.304 0.5000000000
21509  35.535  -57.383  -34.705 0.4000000060
18634  33.848  -60.422  -35.375 0.4000000060
123254  30.622  -63.094  -32.501 0.5000000000
18590  42.512  -60.571  -29.944 0.3000000119
20511  35.592  -58.243  -34.710 0.4000000060
20521  33.329  -58.709  -35.545 0.5000000000
18628  31.043  -60.238  -35.036 0.5000000000
19569  30.997  -59.455  -34.763 0.6000000238
15924  30.715  -63.621  -33.662 0.5000000000
16747  40.515  -62.228  -29.863 0.4000000060
16748  39.574  -62.121  -29.767 0.4000000060
16798  30.540  -63.142  -33.192 0.5000000000
16813  30.524  -62.845  -33.790 0.5000000000
16821  36.816  -61.152  -33.796 0.4000000060
16822  36.207  -61.657  -34.002 0.5000000000
16840  31.445  -62.280  -35.233 0.5000000000
17612  31.356  -61.650  -25.544 0.6000000238
17636  32.823  -61.600  -27.599 0.6000000238
17666  31.745  -61.567  -29.750 0.6000000238
17684  39.393  -61.434  -29.925 0.3000000119
17699  31.420  -61.236  -31.313 0.5000000000
17706  38.769  -60.628  -31.721 0.4000000060
17709  30.666  -61.776  -32.706 0.6000000238
17722  37.234  -61.163  -33.309 0.4000000060
17735  36.331  -60.923  -34.175 0.5000000000
17738  30.589  -61.686  -34.332 0.5000000000
17748  34.371  -61.237  -35.135 0.4000000060
17752  30.872  -61.930  -35.026 0.5000000000
18501  33.325  -60.675  -24.604 0.6000000238
18513  34.346  -60.654  -25.742 0.6999999881
18515  32.800  -61.174  -25.172 0.5000000000
18522  34.751  -60.522  -26.344 0.6999999881
18534  33.866  -61.366  -27.409 0.6000000238
18547  34.802  -60.412  -28.302 0.6999999881
18566  34.386  -60.017  -29.015 0.5000000000
18567  33.672  -60.315  -29.469 0.6000000238
18568  32.926  -60.755  -29.767 0.6000000238
18609  31.383  -60.568  -31.372 0.6999999881
18622  30.501  -60.999  -33.967 0.5000000000
18627  35.643  -60.573  -34.650 0.4000000060
18636  31.364  -60.636  -35.255 0.5000000000
19422  31.881  -59.091  -22.356 0.5000000000
19440  32.400  -59.662  -23.095 0.5000000000
19465  34.946  -60.013  -25.598 0.6999999881
19476  35.508  -58.812  -26.716 0.6999999881
19500  34.955  -59.407  -28.473 0.6999999881
19560  37.737  -59.824  -33.358 0.5000000000
19561  30.640  -59.690  -33.725 0.6000000238
19566  37.216  -60.031  -33.774 0.5000000000
19575  34.402  -59.738  -35.337 0.4000000060
19577  32.512  -59.208  -35.642 0.5000000000
20369  34.042  -57.654  -21.711 0.5000000000
20370  33.591  -58.255  -21.920 0.5000000000
20379  33.687  -58.872  -22.599 0.5000000000
20405  34.789  -58.831  -24.176 0.6000000238
20422  35.155  -59.109  -25.125 0.6999999881
20482  31.506  -58.009  -31.853 0.6999999881
20519  35.001  -58.816  -35.131 0.4000000060
21343  32.874  -57.493  -21.553 0.5000000000
21353  35.196  -57.126  -22.759 0.6000000238
21354  34.701  -57.266  -22.100 0.6000000238
21356  30.548  -57.790  -22.397 0.4000000060
21357  29.514  -57.821  -22.629 0.4000000060
21369  34.887  -57.770  -22.865 0.6000000238
21387  35.104  -57.942  -23.869 0.6000000238
21414  35.488  -57.510  -26.224 0.6999999881
21415  35.316  -57.432  -27.045 0.6999999881
21450  32.787  -57.845  -30.380 0.6000000238
21465  31.994  -57.565  -31.274 0.8000000119
21503  31.783  -57.168  -33.468 0.6999999881
21508  36.019  -57.623  -34.410 0.4000000060
21510  34.715  -57.134  -34.857 0.4000000060
21512  32.321  -57.512  -34.577 0.5000000000
22350  34.769  -56.398  -21.679 0.5000000000
22351  34.109  -56.356  -21.341 0.5000000000
22365  32.361  -56.311  -21.781 0.4000000060
22435  34.614  -56.896  -28.084 0.6999999881
22462  33.648  -56.745  -29.952 0.6000000238
22463  33.209  -57.208  -30.400 0.6000000238
22476  33.741  -56.015  -30.183 0.6000000238
22478  32.491  -56.882  -31.501 0.8000000119
22510  32.119  -56.292  -32.457 0.6999999881
22527  33.383  -56.163  -34.474 0.6000000238
23362  34.789  -55.662  -21.533 0.5000000000
23363  34.241  -55.633  -21.318 0.5000000000
23364  33.613  -55.741  -21.305 0.5000000000
23378  32.425  -55.517  -21.875 0.5000000000
23401  35.784  -55.637  -24.563 0.6000000238
23433  35.427  -55.164  -26.948 0.8000000119
23448  34.946  -56.152  -27.940 0.8000000119
23473  34.047  -55.399  -29.945 0.6000000238
23520  31.985  -55.266  -33.283 0.6999999881
23525  37.161  -55.645  -34.377 0.4000000060
23528  32.601  -56.143  -34.202 0.6000000238
24342  34.473  -54.494  -21.515 0.5000000000
24344  33.148  -54.280  -21.440 0.5000000000
24352  35.412  -54.812  -22.363 0.5000000000
24365  31.468  -54.665  -22.982 0.4000000060
24366  30.350  -54.101  -23.865 0.5000000000
24378  35.788  -54.964  -24.674 0.6000000238
24438  34.657  -54.594  -28.881 0.8000000119
24439  34.301  -54.648  -29.656 0.6999999881
24456  32.608  -54.382  -31.532 0.6999999881
24482  31.979  -54.986  -32.254 0.8000000119
25329  31.668  -53.366  -21.914 0.5000000000
25342  30.548  -53.550  -23.054 0.5000000000
25363  35.386  -52.693  -25.237 0.6999999881
25379  35.455  -53.452  -26.836 0.8000000119
25411  34.914  -53.818  -28.563 0.8000000119
25426  28.703  -53.492  -29.816 0.3000000119
25438  32.865  -53.609  -31.255 0.6000000238
25440  28.859  -53.547  -30.813 0.4000000060
25475  34.874  -53.818  -34.302 0.6000000238
26307  33.436  -53.036  -21.572 0.6000000238
26309  31.986  -51.989  -21.410 0.4000000060
26310  31.160  -51.762  -21.570 0.5000000000
26326  29.321  -52.740  -23.604 0.5000000000
26348  28.696  -52.273  -26.428 0.5000000000
26363  35.226  -52.379  -27.690 0.6999999881
26377  34.921  -52.427  -28.621 0.6999999881
26378  34.484  -52.421  -29.508 0.6999999881
26380  28.754  -52.455  -28.515 0.4000000060
26396  34.308  -53.178  -29.818 0.6000000238
26411  33.843  -53.245  -30.422 0.6999999881
26414  29.237  -52.172  -30.966 0.4000000060
26444  36.049  -53.058  -34.719 0.5000000000
27239  33.998  -51.932  -22.339 0.6000000238
27244  34.779  -51.626  -23.608 0.5000000000
27249  35.059  -51.311  -24.408 0.5000000000
27251  29.110  -51.217  -24.693 0.4000000060
27272  35.283  -51.570  -26.128 0.5000000000
27285  29.117  -50.982  -27.404 0.5000000000
27315  32.471  -51.315  -30.720 0.6000000238
27316  29.297  -51.300  -29.665 0.3000000119
27341  31.594  -51.179  -32.243 0.4000000060
27350  33.545  -51.898  -33.850 0.6000000238
27358  35.753  -51.754  -34.452 0.5000000000
27359  35.014  -52.054  -34.353 0.6000000238
28172  34.210  -50.905  -29.407 0.6000000238
28209  31.619  -50.670  -31.588 0.6999999881
28228  34.845  -50.759  -34.166 0.4000000060
28968  33.786  -48.945  -21.594 0.3000000119
28970  31.589  -49.646  -21.414 0.4000000060
28976  33.597  -50.359  -22.109 0.5000000000
29010  35.135  -49.172  -24.748 0.4000000060
29095  31.701  -49.834  -31.633 0.6000000238
29894  34.417  -48.864  -22.156 0.5000000000
29904  30.337  -48.414  -23.488 0.4000000060
29915  35.143  -48.381  -24.501 0.4000000060
29916  30.516  -48.137  -24.532 0.4000000060
29969  34.036  -48.292  -28.607 0.4000000060
30943  34.860  -47.212  -21.738 0.4000000060
30944  33.844  -47.359  -21.382 0.3000000119
30958  34.774  -47.959  -22.133 0.4000000060
30983  30.254  -47.127  -25.073 0.4000000060
31055  30.738  -47.434  -31.199 0.5000000000
31900  30.888  -46.457  -23.456 0.3000000119
31947  33.913  -46.073  -27.121 0.4000000060
32803  35.337  -45.725  -21.939 0.4000000060
32858  34.596  -45.408  -25.610 0.4000000060
33743  35.488  -44.460  -23.628 0.3000000119
33773  31.389  -44.556  -27.698 0.5000000000
34699  34.277  -43.780  -25.390 0.3000000119
34712  33.048  -43.541  -26.507 0.3000000119
119263  30.512  -62.396  -33.083 0.5000000000
120185  43.212  -61.030  -30.259 0.3000000119
120341  33.731  -56.911  -34.771 0.5000000000
120882  35.075  -58.537  -28.181 0.6999999881
121801  34.281  -56.991  -21.582 0.5000000000
123460  31.735  -51.960  -31.376 0.6000000238
124243  35.267  -53.780  -27.673 0.8000000119
124609  36.462  -59.545  -34.092 0.4000000060
124929  34.956  -49.141  -26.786 0.4000000060
124978  31.678  -52.700  -32.440 0.6999999881
125614  31.943  -60.804  -35.503 0.5000000000
126016  34.607  -53.119  -22.224 0.5000000000
126222  28.885  -52.013  -24.028 0.5000000000
126961  37.708  -61.078  -32.724 0.4000000060
127073  34.168  -48.840  -28.821 0.5000000000
127348  28.821  -51.877  -25.889 0.5000000000
127509  31.719  -54.274  -32.574 0.6999999881
128731  35.164  -50.035  -24.880 0.5000000000
129081  28.870  -53.278  -24.827 0.4000000060
129091  35.547  -45.867  -23.372 0.4000000060
129175  34.492  -55.122  -21.419 0.5000000000
130150  35.944  -55.194  -34.724 0.5000000000
130478  32.561  -52.809  -33.407 0.6999999881
130762  34.831  -43.987  -24.760 0.3000000119
132078  36.066  -62.242  -32.747 0.4000000060
132285  33.078  -58.665  -22.028 0.5000000000
132336  35.355  -56.030  -27.167 0.8999999762
132357  35.448  -57.137  -24.070 0.6000000238
132541  31.704  -51.951  -32.574 0.6000000238
134089  32.199  -59.963  -30.463 0.6000000238
134470  34.791  -50.211  -28.190 0.6000000238
134810  32.091  -46.849  -33.094 0.5000000000
135327  34.184  -59.062  -35.432 0.4000000060
135421  31.175  -63.489  -34.760 0.5000000000
135446  33.577  -51.217  -33.863 0.6999999881
135493  33.383  -58.066  -35.269 0.5000000000
136749  35.001  -54.358  -21.884 0.5000000000
137446  33.443  -56.408  -21.363 0.5000000000
137485  31.785  -52.406  -32.786 0.6000000238
137901  35.820  -55.133  -23.946 0.6000000238
138242  36.674  -56.161  -34.421 0.4000000060
138439  33.897  -54.071  -34.008 0.6000000238
138863  32.421  -47.628  -21.506 0.4000000060
139144  30.666  -48.945  -21.932 0.4000000060
139573  33.603  -48.151  -21.406 0.4000000060
139629  29.704  -51.816  -22.497 0.4000000060
139868  35.267  -59.968  -27.730 0.6999999881
140316  34.944  -49.492  -33.853 0.4000000060
142061  34.524  -51.882  -22.983 0.6000000238
142378  35.542  -56.093  -22.654 0.6000000238
142479  35.540  -45.615  -22.632 0.4000000060
142601  31.302  -58.792  -34.670 0.6000000238
142733  36.131  -60.426  -34.303 0.4000000060
142835  32.874  -56.695  -31.275 0.6000000238
143266  35.112  -48.299  -23.712 0.5000000000
143390  43.535  -65.235  -31.640 0.3000000119
143598  33.957  -59.732  -29.357 0.5000000000
