#!ascii label  , from subject sub-v1s0x0050642_ses-1 vox2ras=TkReg
932
18613  40.094  -59.834  -31.997 0.3000000119
27355  39.033  -52.036  -34.830 0.6000000238
31068  38.226  -47.925  -32.853 0.6999999881
140801  37.711  -47.214  -32.842 0.6999999881
18608  39.507  -60.357  -31.281 0.4000000060
22517  36.698  -57.422  -33.220 0.4000000060
19552  40.441  -59.259  -32.221 0.5000000000
19551  41.104  -58.909  -32.091 0.5000000000
126607  38.798  -52.870  -34.880 0.6999999881
28235  38.582  -50.764  -34.189 0.6999999881
28234  39.505  -50.806  -34.342 0.5000000000
31067  39.693  -48.082  -32.883 0.6000000238
30013  38.850  -48.460  -32.900 0.6000000238
32013  38.874  -47.464  -32.619 0.6999999881
32002  38.143  -46.692  -32.501 0.6999999881
19558  39.112  -59.642  -32.690 0.5000000000
22509  37.074  -57.453  -32.297 0.4000000060
19557  40.003  -59.198  -32.357 0.6000000238
140443  37.415  -55.831  -33.736 0.4000000060
24488  38.478  -54.526  -33.995 0.5000000000
21501  39.773  -58.716  -32.295 0.6000000238
23518  38.022  -54.959  -34.250 0.6000000238
25470  39.315  -53.158  -34.621 0.6000000238
121073  40.696  -58.293  -32.259 0.6000000238
137059  40.093  -52.119  -34.473 0.6000000238
29116  39.949  -50.032  -34.048 0.6000000238
30012  40.437  -48.540  -33.505 0.6000000238
32000  40.687  -46.738  -32.727 0.6999999881
32012  40.146  -47.386  -32.861 0.6999999881
32001  39.441  -46.947  -32.415 0.6999999881
32914  38.625  -45.698  -31.411 0.6999999881
32912  40.618  -45.582  -31.708 0.6999999881
32913  39.649  -45.909  -31.400 0.6999999881
32904  39.289  -45.397  -30.774 0.6999999881
33807  40.862  -44.797  -31.553 0.6999999881
19559  38.369  -59.905  -33.153 0.5000000000
20494  37.669  -58.930  -32.649 0.5000000000
121468  37.085  -59.608  -33.630 0.5000000000
134483  37.773  -55.381  -33.409 0.4000000060
21490  38.891  -58.452  -31.841 0.5000000000
24487  38.999  -53.929  -33.672 0.5000000000
25461  39.517  -53.300  -34.096 0.6000000238
138299  40.241  -57.691  -31.698 0.6000000238
21475  39.233  -57.821  -31.388 0.5000000000
22474  39.094  -56.564  -30.343 0.5000000000
27354  39.819  -51.641  -34.625 0.6999999881
31066  40.755  -47.819  -33.405 0.6000000238
29105  40.964  -49.035  -33.900 0.6000000238
32011  41.209  -47.095  -33.367 0.6000000238
32921  41.919  -45.533  -32.963 0.6000000238
32922  41.150  -45.944  -32.381 0.6999999881
33809  38.512  -45.259  -30.740 0.6999999881
32911  41.390  -45.119  -32.197 0.6000000238
33808  40.170  -45.263  -31.018 0.6999999881
33801  39.737  -44.775  -30.444 0.6999999881
127723  37.463  -56.111  -32.287 0.4000000060
20505  38.360  -59.476  -32.855 0.5000000000
21477  37.454  -57.805  -31.609 0.4000000060
24481  38.366  -54.630  -33.008 0.5000000000
21491  37.877  -58.506  -31.879 0.4000000060
26442  39.863  -52.680  -34.352 0.6000000238
21476  38.123  -57.926  -31.261 0.4000000060
23502  37.638  -56.274  -31.304 0.4000000060
22475  38.130  -56.422  -30.603 0.4000000060
139080  37.992  -55.356  -30.770 0.4000000060
27353  40.653  -51.480  -34.312 0.6999999881
29115  40.908  -49.852  -34.099 0.6000000238
32010  42.288  -46.904  -33.758 0.6000000238
31065  41.780  -47.683  -33.799 0.6000000238
32934  42.620  -46.055  -33.598 0.6000000238
33791  38.549  -44.399  -29.754 0.6999999881
34762  40.082  -43.900  -30.462 0.6999999881
143748  41.027  -44.058  -31.559 0.6000000238
33800  40.462  -44.433  -30.990 0.6000000238
22492  37.352  -56.947  -31.808 0.4000000060
24473  38.151  -54.534  -31.708 0.4000000060
139544  40.101  -52.790  -33.679 0.6999999881
27348  41.139  -51.725  -33.768 0.8000000119
23471  38.523  -54.878  -29.924 0.5000000000
28232  41.135  -50.619  -34.215 0.6999999881
30011  41.718  -49.167  -33.979 0.6000000238
31064  42.809  -47.661  -33.840 0.5000000000
125331  42.261  -48.371  -33.943 0.6000000238
33792  37.905  -44.007  -29.515 0.6999999881
34775  42.611  -43.980  -33.316 0.6000000238
33817  42.179  -44.649  -32.915 0.6000000238
33790  39.283  -44.250  -29.893 0.8000000119
34754  38.679  -43.678  -29.359 0.8000000119
34776  42.018  -43.557  -32.761 0.6000000238
33818  41.492  -44.255  -32.112 0.6000000238
136195  39.273  -53.363  -32.413 0.5000000000
25454  39.543  -53.375  -33.268 0.6000000238
25449  38.658  -53.731  -31.555 0.5000000000
26410  39.217  -52.613  -30.593 0.6999999881
25436  38.734  -53.422  -30.482 0.4000000060
28224  41.759  -50.456  -33.822 0.6999999881
29104  42.152  -49.630  -33.846 0.6999999881
125936  42.973  -48.291  -33.876 0.6000000238
32009  43.422  -46.769  -33.741 0.6000000238
34744  37.879  -43.381  -28.822 0.6000000238
32920  42.634  -45.292  -33.485 0.6000000238
34753  39.533  -43.329  -29.974 0.6999999881
35680  39.110  -42.891  -29.479 0.6999999881
141058  41.630  -42.884  -32.675 0.6999999881
34777  41.312  -43.309  -32.127 0.6999999881
35700  40.174  -42.732  -31.094 0.6999999881
26421  39.848  -52.313  -31.473 0.5000000000
26426  40.038  -52.770  -32.610 0.6000000238
26433  40.778  -52.281  -33.256 0.6000000238
26409  39.643  -52.032  -30.607 0.6999999881
26425  41.419  -51.756  -32.995 0.6999999881
133985  39.854  -51.583  -30.103 0.6999999881
134241  39.027  -52.965  -29.830 0.6999999881
142990  42.003  -50.674  -33.364 0.6999999881
29101  42.772  -49.260  -33.582 0.6999999881
31063  43.533  -47.766  -33.637 0.5000000000
30009  43.156  -48.554  -33.673 0.6000000238
35672  36.691  -42.195  -28.351 0.5000000000
133482  43.959  -45.297  -33.600 0.6000000238
124212  43.990  -46.137  -33.530 0.6000000238
35670  37.961  -42.699  -28.431 0.6000000238
131066  37.537  -41.973  -28.182 0.5000000000
34785  43.118  -43.874  -33.637 0.6000000238
32933  43.430  -45.575  -33.729 0.6000000238
35691  39.505  -42.192  -30.259 0.6000000238
36626  38.436  -41.905  -28.752 0.5000000000
37639  38.071  -40.232  -28.714 0.5000000000
34786  42.569  -43.117  -33.356 0.6999999881
35710  41.158  -42.308  -32.680 0.6999999881
35711  40.420  -41.940  -32.252 0.6999999881
36645  39.268  -41.152  -30.899 0.5000000000
35719  41.308  -41.800  -33.245 0.6999999881
36666  39.885  -41.213  -32.671 0.6000000238
27333  41.666  -51.448  -32.355 0.6000000238
27324  40.297  -51.674  -31.090 0.6999999881
128361  40.896  -52.040  -32.189 0.6000000238
28197  40.518  -51.011  -30.539 0.6999999881
28218  42.076  -50.888  -32.789 0.6999999881
136851  43.191  -48.895  -33.272 0.6999999881
29102  42.885  -49.471  -32.905 0.6999999881
31058  43.968  -47.612  -33.125 0.6000000238
142802  36.175  -41.672  -28.210 0.4000000060
32008  44.005  -46.936  -33.423 0.5000000000
37628  37.515  -40.512  -27.995 0.4000000060
125753  43.245  -43.145  -33.584 0.6000000238
33827  43.569  -44.616  -33.725 0.6000000238
37649  38.774  -40.590  -30.286 0.5000000000
37638  38.506  -40.858  -29.212 0.5000000000
36655  39.290  -40.883  -32.062 0.5000000000
37657  38.891  -40.377  -31.366 0.4000000060
35718  42.100  -42.150  -33.357 0.6000000238
36673  40.851  -41.247  -33.513 0.6999999881
36665  40.619  -41.477  -33.049 0.6000000238
36674  40.119  -40.806  -33.449 0.5000000000
28196  41.364  -50.421  -30.882 0.6000000238
27323  41.214  -51.291  -31.494 0.6999999881
28208  41.967  -50.795  -31.860 0.6999999881
143295  41.087  -49.863  -30.101 0.6999999881
29086  41.708  -49.555  -30.602 0.6999999881
28217  42.478  -50.166  -32.380 0.6000000238
29093  43.297  -48.858  -32.647 0.6000000238
32909  44.397  -45.356  -32.896 0.6000000238
31998  44.299  -46.915  -32.863 0.5000000000
32918  44.174  -45.681  -33.405 0.6000000238
34783  44.049  -43.566  -33.507 0.6000000238
33826  43.967  -44.431  -33.605 0.6000000238
38585  38.402  -39.979  -29.701 0.5000000000
38586  38.014  -39.383  -29.137 0.4000000060
35717  42.980  -42.416  -33.580 0.6000000238
38598  38.236  -39.132  -30.193 0.4000000060
36672  41.739  -41.312  -33.662 0.6000000238
37671  40.213  -40.076  -33.993 0.5000000000
29085  42.399  -49.086  -31.138 0.6999999881
28195  42.183  -49.949  -31.473 0.6000000238
29992  41.890  -48.763  -30.240 0.6999999881
29999  43.125  -48.638  -31.733 0.6000000238
123161  41.351  -48.499  -29.409 0.6999999881
31052  43.997  -47.451  -32.222 0.5000000000
33805  44.477  -44.608  -32.367 0.6000000238
32910  44.372  -46.110  -32.396 0.6000000238
33815  44.411  -44.422  -32.999 0.6000000238
34774  44.356  -43.578  -33.140 0.5000000000
36671  43.534  -41.608  -33.724 0.6000000238
36675  42.800  -40.993  -33.947 0.6000000238
37670  40.995  -40.616  -34.002 0.5000000000
31036  42.405  -47.586  -30.115 0.6999999881
29978  42.654  -48.200  -30.703 0.6999999881
31043  43.755  -47.202  -31.380 0.6000000238
32903  44.173  -45.941  -31.374 0.5000000000
34760  44.319  -43.424  -31.657 0.6000000238
33798  44.296  -44.289  -31.533 0.6000000238
35708  44.496  -42.146  -33.068 0.6000000238
37668  44.194  -41.045  -33.806 0.6000000238
36676  42.031  -40.574  -33.973 0.5000000000
24435  41.130  -54.925  -28.916 0.5000000000
24436  40.049  -54.836  -28.989 0.5000000000
140292  41.280  -54.432  -28.276 0.5000000000
24424  40.505  -54.382  -28.385 0.5000000000
26394  39.425  -53.161  -29.048 0.6999999881
129526  40.183  -52.761  -27.769 0.6999999881
25410  40.110  -53.521  -28.133 0.5000000000
125107  40.972  -54.016  -27.718 0.5000000000
142122  39.785  -51.826  -29.189 0.6999999881
26376  39.753  -52.546  -28.613 0.6999999881
27312  40.093  -51.148  -29.423 0.6999999881
18612  40.767  -59.430  -31.677 0.3000000119
29117  38.953  -50.010  -33.728 0.6000000238
32924  38.692  -46.327  -32.031 0.6999999881
33803  38.019  -44.710  -30.300 0.6999999881
24452  38.615  -54.112  -29.925 0.6000000238
35699  40.786  -42.722  -31.920 0.6999999881
35681  38.552  -42.865  -28.900 0.6000000238
36654  39.789  -41.639  -31.609 0.6999999881
127153  39.000  -41.452  -29.750 0.6000000238
37627  38.012  -41.117  -28.316 0.5000000000
36614  36.833  -40.822  -27.659 0.5000000000
36667  39.362  -40.599  -32.921 0.5000000000
29998  43.652  -48.156  -32.455 0.5000000000
31996  44.193  -46.749  -31.837 0.5000000000
36670  44.200  -41.932  -33.523 0.6000000238
31053  43.440  -47.849  -31.492 0.6000000238
129627  44.503  -42.859  -32.823 0.6000000238
31044  43.051  -47.249  -30.641 0.5000000000
26346  41.007  -52.092  -26.422 0.6000000238
29006  43.161  -49.715  -25.474 0.6000000238
29927  43.156  -48.190  -25.033 0.4000000060
27256  42.136  -50.851  -25.690 0.5000000000
27283  40.497  -51.660  -26.966 0.6000000238
25472  37.460  -54.156  -34.830 0.5000000000
30994  43.921  -47.796  -25.628 0.4000000060
25471  38.788  -53.564  -34.715 0.5000000000
126032  37.728  -52.657  -34.912 0.5000000000
28142  42.810  -50.918  -25.942 0.5000000000
30995  43.473  -47.175  -24.978 0.4000000060
129273  38.123  -53.523  -34.875 0.5000000000
27357  37.373  -51.744  -34.616 0.5000000000
29007  42.345  -49.784  -25.020 0.6000000238
27356  38.265  -52.162  -34.862 0.5000000000
27270  41.462  -51.354  -26.030 0.5000000000
27298  40.096  -51.785  -28.105 0.6000000238
32856  43.936  -45.465  -24.896 0.4000000060
32841  44.169  -44.442  -25.091 0.4000000060
28992  41.992  -49.128  -24.639 0.4000000060
28238  35.790  -50.923  -34.242 0.5000000000
28130  42.026  -50.323  -25.221 0.5000000000
28237  36.870  -50.909  -34.247 0.5000000000
28227  36.220  -50.108  -34.066 0.5000000000
27271  40.799  -51.389  -26.323 0.6000000238
131184  40.308  -51.071  -27.698 0.6000000238
28183  40.222  -50.725  -28.716 0.6000000238
29107  38.845  -49.174  -33.230 0.5000000000
30015  36.992  -48.612  -33.522 0.5000000000
29110  35.707  -49.396  -33.866 0.4000000060
29030  40.545  -49.906  -26.386 0.5000000000
29029  40.939  -49.990  -25.480 0.5000000000
29044  40.385  -49.732  -27.441 0.6000000238
29967  40.515  -48.940  -28.011 0.6000000238
28170  40.333  -50.278  -28.036 0.6000000238
29059  40.819  -49.046  -28.893 0.6000000238
29073  40.596  -49.825  -29.156 0.6000000238
29911  42.727  -47.732  -24.649 0.4000000060
31913  43.334  -46.278  -24.588 0.4000000060
31069  37.355  -47.881  -33.217 0.5000000000
135331  36.470  -47.937  -33.431 0.5000000000
30017  35.118  -48.720  -33.630 0.4000000060
140316  34.944  -49.492  -33.853 0.4000000060
138681  41.029  -49.353  -25.145 0.6000000238
121005  40.428  -48.947  -26.957 0.6000000238
29954  40.605  -48.194  -27.648 0.6000000238
29966  40.883  -48.287  -28.568 0.6000000238
33729  43.215  -43.800  -23.934 0.4000000060
132310  36.817  -47.165  -33.183 0.5000000000
132381  35.833  -47.299  -33.353 0.4000000060
31072  34.376  -47.572  -33.478 0.4000000060
29913  41.718  -48.346  -24.543 0.6000000238
30978  42.089  -47.715  -24.388 0.4000000060
29943  40.518  -48.279  -25.968 0.6000000238
29929  41.401  -48.931  -24.818 0.6000000238
29009  40.611  -49.128  -25.893 0.5000000000
31019  40.570  -47.387  -27.275 0.6000000238
119177  40.436  -48.122  -26.783 0.5000000000
31028  41.430  -47.659  -29.065 0.6000000238
131682  43.963  -43.198  -24.656 0.4000000060
31914  42.467  -46.267  -24.096 0.4000000060
32935  37.076  -46.305  -32.861 0.6000000238
32936  36.274  -45.794  -33.169 0.5000000000
32016  34.790  -46.267  -33.409 0.5000000000
32017  34.017  -46.893  -33.391 0.5000000000
31915  41.213  -46.728  -24.204 0.4000000060
124879  41.842  -46.967  -24.148 0.4000000060
30980  40.922  -47.267  -24.663 0.5000000000
31946  40.383  -46.507  -26.022 0.5000000000
31958  40.494  -46.536  -26.863 0.5000000000
31018  40.955  -47.519  -28.166 0.6000000238
122816  41.340  -47.000  -28.555 0.6000000238
31037  41.973  -47.427  -29.614 0.6000000238
34668  41.722  -43.850  -22.852 0.4000000060
33741  42.933  -44.716  -23.884 0.4000000060
34667  42.654  -43.377  -23.379 0.4000000060
33810  37.735  -45.164  -31.421 0.6000000238
33731  41.234  -44.628  -23.133 0.4000000060
32831  42.287  -45.477  -23.725 0.4000000060
32926  36.134  -44.925  -33.262 0.6000000238
32927  35.286  -44.802  -33.348 0.5000000000
32938  34.688  -45.512  -33.359 0.4000000060
31899  40.991  -45.964  -23.837 0.4000000060
31932  40.525  -46.907  -25.292 0.5000000000
31957  40.941  -46.601  -27.842 0.5000000000
32875  41.181  -45.755  -28.056 0.6000000238
31978  41.798  -46.897  -29.171 0.6000000238
31977  42.374  -46.927  -29.852 0.6000000238
34657  41.221  -43.170  -22.560 0.4000000060
34769  37.334  -44.467  -31.069 0.6000000238
33811  36.923  -44.477  -32.117 0.6000000238
33821  35.867  -44.119  -33.196 0.5000000000
131414  33.699  -44.765  -33.079 0.5000000000
33732  40.525  -44.440  -23.344 0.4000000060
31916  40.655  -46.328  -24.513 0.4000000060
125172  40.352  -45.508  -24.738 0.5000000000
32866  40.405  -45.670  -26.315 0.5000000000
31968  41.502  -46.274  -28.620 0.5000000000
34656  42.163  -42.870  -22.808 0.4000000060
33812  36.324  -43.765  -32.579 0.5000000000
34778  34.693  -43.205  -32.909 0.5000000000
33753  40.285  -45.221  -25.477 0.5000000000
32876  40.731  -45.711  -27.327 0.4000000060
141361  41.636  -44.494  -28.445 0.4000000060
31967  42.209  -46.064  -29.373 0.4000000060
32894  42.901  -45.500  -29.834 0.6000000238
32893  43.590  -45.741  -30.532 0.4000000060
36547  41.270  -41.615  -21.942 0.4000000060
34658  40.455  -43.259  -22.726 0.4000000060
34763  37.274  -43.984  -30.265 0.6000000238
34669  40.332  -43.810  -23.107 0.4000000060
34755  37.074  -43.373  -29.294 0.5000000000
34770  36.722  -43.785  -31.455 0.5000000000
130046  35.526  -43.319  -32.889 0.5000000000
34779  34.190  -42.754  -32.572 0.4000000060
35701  35.894  -43.009  -31.844 0.4000000060
33762  40.373  -44.827  -26.111 0.5000000000
130898  40.433  -44.088  -26.474 0.5000000000
132485  40.844  -44.026  -27.324 0.6000000238
33781  42.142  -44.552  -29.009 0.4000000060
32883  42.348  -45.222  -29.280 0.4000000060
132382  43.422  -44.918  -30.264 0.4000000060
132940  41.869  -43.827  -28.702 0.5000000000
130932  36.622  -42.696  -28.857 0.5000000000
34764  36.468  -43.218  -30.524 0.6000000238
35682  36.198  -42.705  -29.610 0.4000000060
34751  43.072  -43.245  -30.065 0.5000000000
33799  44.070  -45.095  -30.993 0.5000000000
35654  41.317  -42.414  -27.957 0.5000000000
132569  41.361  -43.923  -28.035 0.5000000000
34742  42.085  -43.079  -28.973 0.5000000000
34752  42.528  -43.780  -29.419 0.5000000000
35584  39.973  -42.690  -22.564 0.4000000060
37665  44.467  -41.408  -33.252 0.5000000000
34761  43.810  -43.543  -30.843 0.5000000000
35668  42.315  -42.364  -29.253 0.5000000000
35669  41.801  -42.380  -28.618 0.5000000000
36637  35.926  -42.127  -28.836 0.4000000060
36664  44.586  -41.118  -32.858 0.4000000060
36653  44.238  -41.313  -32.024 0.4000000060
35698  44.406  -42.161  -32.015 0.5000000000
35690  44.116  -42.757  -31.408 0.5000000000
35678  43.501  -42.623  -30.627 0.5000000000
35679  42.855  -42.445  -29.915 0.5000000000
130946  42.603  -41.666  -29.639 0.5000000000
36634  43.232  -41.799  -30.396 0.4000000060
30014  37.944  -48.695  -33.136 0.5000000000
136725  37.706  -50.756  -34.156 0.6000000238
32925  37.491  -45.893  -32.468 0.6000000238
128710  37.499  -54.967  -34.547 0.5000000000
35671  37.288  -42.794  -28.569 0.5000000000
31976  42.974  -46.345  -30.170 0.6000000238
28226  37.130  -50.085  -33.924 0.5000000000
29108  37.459  -49.362  -33.580 0.5000000000
31070  35.697  -48.091  -33.505 0.4000000060
31071  35.035  -47.844  -33.489 0.4000000060
29914  41.161  -48.116  -24.775 0.6000000238
32014  36.334  -46.575  -33.181 0.6000000238
126075  34.936  -47.057  -33.458 0.4000000060
32832  41.436  -45.396  -23.500 0.4000000060
33819  37.141  -45.157  -32.469 0.6000000238
122717  36.809  -45.305  -32.934 0.6000000238
32937  35.480  -45.603  -33.365 0.5000000000
32004  33.420  -46.404  -33.285 0.5000000000
31073  33.600  -47.748  -33.427 0.5000000000
32928  34.062  -45.403  -33.243 0.5000000000
133599  34.500  -44.906  -33.266 0.5000000000
33770  41.109  -44.865  -27.843 0.5000000000
127177  40.080  -44.322  -25.370 0.5000000000
33789  42.768  -44.677  -29.629 0.3000000119
126280  43.605  -41.137  -30.963 0.4000000060
13492  40.912  -66.993  -28.265 0.3000000119
13490  42.630  -67.071  -28.759 0.3000000119
14323  41.460  -65.837  -28.274 0.3000000119
14304  43.151  -65.073  -28.254 0.3000000119
14322  42.646  -66.038  -28.493 0.3000000119
14320  44.584  -65.421  -28.753 0.3000000119
15108  44.222  -64.933  -28.319 0.3000000119
16683  42.829  -62.018  -26.785 0.3000000119
15854  42.919  -63.601  -27.356 0.3000000119
15853  43.985  -63.559  -27.502 0.3000000119
15094  44.566  -64.191  -28.009 0.3000000119
18518  43.797  -59.993  -27.126 0.3000000119
17635  43.914  -61.968  -27.006 0.3000000119
17634  44.778  -61.467  -27.274 0.4000000060
15852  44.993  -63.373  -27.803 0.4000000060
15865  46.364  -62.723  -28.524 0.4000000060
130188  46.307  -63.219  -28.984 0.3000000119
20439  45.729  -58.446  -27.457 0.3000000119
137396  45.436  -60.140  -27.441 0.4000000060
136609  46.230  -60.620  -27.649 0.4000000060
17633  45.677  -61.883  -27.573 0.4000000060
21424  44.852  -57.700  -27.267 0.3000000119
135795  46.834  -61.923  -28.742 0.4000000060
22433  46.614  -56.139  -27.357 0.4000000060
21423  45.808  -57.445  -27.404 0.4000000060
16729  46.597  -62.572  -29.264 0.4000000060
18565  47.124  -61.088  -29.559 0.3000000119
20438  46.761  -58.301  -27.622 0.4000000060
19487  46.605  -59.285  -27.664 0.3000000119
121269  46.825  -60.171  -27.946 0.4000000060
119941  46.967  -57.236  -27.577 0.4000000060
19499  47.747  -59.832  -28.825 0.5000000000
18529  47.341  -60.424  -28.546 0.4000000060
21500  41.441  -57.840  -32.293 0.5000000000
23446  47.664  -54.707  -27.517 0.4000000060
17664  47.166  -61.333  -29.092 0.4000000060
19542  41.411  -59.074  -31.381 0.3000000119
20491  42.124  -57.984  -32.164 0.4000000060
122393  45.268  -60.059  -30.482 0.3000000119
23525  37.161  -55.645  -34.377 0.4000000060
136898  36.760  -55.467  -34.606 0.4000000060
23470  39.410  -55.325  -29.467 0.4000000060
23469  40.513  -55.461  -29.517 0.4000000060
23484  39.801  -56.028  -29.908 0.4000000060
21422  47.845  -57.390  -28.122 0.4000000060
143437  47.378  -58.966  -28.002 0.3000000119
19486  47.417  -59.677  -28.266 0.5000000000
22473  40.171  -56.531  -30.523 0.4000000060
22508  40.999  -57.266  -31.775 0.4000000060
22431  48.068  -55.816  -28.119 0.4000000060
19550  41.743  -58.521  -31.856 0.4000000060
19508  47.763  -59.836  -29.063 0.4000000060
22506  42.459  -56.872  -32.218 0.5000000000
18587  46.839  -60.710  -30.112 0.5000000000
20490  42.820  -57.602  -31.918 0.4000000060
19541  42.072  -58.794  -30.937 0.4000000060
121708  46.314  -60.103  -30.321 0.3000000119
19540  42.864  -58.676  -30.532 0.4000000060
130890  36.735  -54.711  -34.762 0.4000000060
24437  39.109  -54.492  -29.318 0.4000000060
21421  48.160  -56.951  -28.461 0.4000000060
20437  47.672  -58.226  -28.197 0.4000000060
140184  41.046  -56.041  -30.361 0.4000000060
22507  41.836  -56.722  -32.019 0.5000000000
21436  48.305  -57.284  -28.852 0.4000000060
20449  48.048  -58.541  -28.840 0.4000000060
23511  42.650  -56.177  -32.031 0.5000000000
124182  48.395  -55.553  -28.758 0.4000000060
22460  48.345  -56.676  -28.939 0.4000000060
20448  48.174  -58.020  -28.915 0.4000000060
20457  47.876  -58.298  -29.226 0.5000000000
132787  47.189  -57.994  -29.821 0.5000000000
23483  42.092  -55.532  -30.731 0.4000000060
23499  43.314  -55.557  -31.848 0.5000000000
24433  48.668  -54.242  -29.305 0.4000000060
20467  46.292  -58.412  -30.185 0.5000000000
22505  42.993  -56.781  -32.183 0.4000000060
19521  45.786  -59.263  -30.338 0.4000000060
21464  44.657  -57.549  -30.825 0.4000000060
20470  43.615  -58.678  -30.355 0.4000000060
21474  43.507  -57.262  -31.675 0.4000000060
122414  41.883  -54.836  -29.330 0.4000000060
24423  41.901  -54.467  -28.702 0.3000000119
22461  47.880  -56.530  -29.462 0.4000000060
21461  47.315  -57.153  -29.808 0.4000000060
24471  42.959  -55.010  -31.126 0.4000000060
30019  33.296  -48.604  -33.551 0.4000000060
25420  48.587  -53.652  -30.179 0.4000000060
23480  48.115  -55.017  -29.644 0.4000000060
21462  46.426  -57.410  -30.310 0.5000000000
125151  43.563  -54.444  -30.988 0.5000000000
24470  43.812  -54.831  -31.658 0.4000000060
25433  48.498  -53.178  -31.061 0.4000000060
21463  45.532  -57.529  -30.606 0.4000000060
139921  43.408  -56.542  -32.015 0.4000000060
22487  44.441  -56.459  -31.612 0.4000000060
23509  44.173  -55.557  -31.793 0.4000000060
25409  41.816  -54.080  -27.912 0.4000000060
24434  42.495  -54.410  -29.394 0.3000000119
23481  47.536  -55.564  -30.051 0.4000000060
22470  47.196  -56.309  -30.095 0.4000000060
25422  43.186  -53.964  -29.534 0.3000000119
24465  48.002  -53.892  -30.925 0.4000000060
24466  47.368  -54.211  -31.314 0.4000000060
23482  46.732  -55.741  -30.694 0.4000000060
135688  45.992  -55.998  -31.114 0.5000000000
26406  48.464  -52.580  -31.392 0.4000000060
25444  47.782  -53.344  -31.473 0.4000000060
24468  46.035  -54.913  -31.510 0.4000000060
24479  45.392  -54.855  -31.585 0.4000000060
136171  44.522  -54.572  -31.598 0.4000000060
25396  40.750  -53.281  -27.327 0.4000000060
24467  46.677  -54.587  -31.448 0.4000000060
14360  42.535  -66.000  -32.230 0.3000000119
139892  42.416  -60.257  -26.564 0.3000000119
20428  44.011  -58.160  -27.078 0.3000000119
22434  45.817  -56.397  -27.176 0.4000000060
23445  48.279  -54.654  -28.068 0.4000000060
24422  48.718  -54.310  -28.621 0.4000000060
24432  49.318  -53.613  -28.740 0.4000000060
25419  49.341  -53.364  -29.354 0.4000000060
25408  42.675  -53.910  -28.595 0.3000000119
137188  48.944  -52.574  -31.095 0.4000000060
25394  42.418  -53.469  -27.624 0.4000000060
133800  43.504  -53.497  -29.076 0.4000000060
25435  43.734  -53.864  -30.380 0.4000000060
27329  48.551  -51.796  -31.460 0.4000000060
132341  47.242  -53.051  -31.644 0.4000000060
125476  46.414  -53.036  -31.602 0.4000000060
25446  46.073  -53.751  -31.561 0.4000000060
24469  44.887  -53.763  -31.487 0.3000000119
25448  44.204  -54.134  -31.314 0.4000000060
27330  47.800  -51.600  -31.448 0.4000000060
21499  41.990  -57.456  -32.317 0.4000000060
26360  42.148  -52.912  -26.904 0.4000000060
12650  42.597  -67.838  -28.993 0.3000000119
14305  41.948  -65.161  -28.109 0.3000000119
14321  43.923  -65.802  -28.555 0.3000000119
13572  42.269  -66.916  -32.385 0.3000000119
15095  43.600  -64.307  -27.814 0.3000000119
18519  43.251  -60.408  -26.893 0.3000000119
122614  43.365  -62.808  -27.122 0.4000000060
15866  45.222  -64.050  -28.303 0.4000000060
18532  44.656  -60.504  -27.283 0.3000000119
19489  44.532  -59.399  -27.305 0.3000000119
119982  45.537  -61.021  -27.447 0.4000000060
17632  46.305  -61.379  -27.777 0.4000000060
21410  44.901  -56.660  -26.967 0.3000000119
129826  47.104  -54.297  -26.777 0.4000000060
142959  48.039  -58.679  -28.921 0.4000000060
19520  46.697  -59.416  -30.053 0.5000000000
129311  44.959  -59.079  -30.346 0.3000000119
19519  47.357  -59.641  -29.537 0.5000000000
22486  45.222  -56.244  -31.377 0.4000000060
25453  45.293  -54.218  -31.582 0.4000000060
27267  43.769  -50.985  -26.754 0.4000000060
27268  43.182  -51.290  -26.411 0.4000000060
127738  44.274  -49.000  -26.316 0.4000000060
29926  43.634  -48.821  -25.638 0.3000000119
29028  43.521  -50.413  -26.161 0.5000000000
27269  42.371  -51.482  -26.165 0.4000000060
26345  41.816  -52.191  -26.433 0.4000000060
29925  48.336  -48.105  -26.344 0.3000000119
31003  48.369  -47.131  -27.348 0.3000000119
33760  46.598  -44.321  -27.014 0.3000000119
32864  45.609  -44.919  -26.824 0.3000000119
32865  45.062  -45.180  -26.218 0.3000000119
31931  44.102  -46.134  -25.180 0.3000000119
31004  47.818  -46.322  -26.953 0.3000000119
31929  47.498  -45.656  -26.414 0.3000000119
32853  46.826  -44.267  -26.237 0.3000000119
29910  48.545  -48.650  -25.253 0.3000000119
30977  47.441  -47.465  -24.694 0.3000000119
32854  45.403  -44.322  -26.297 0.3000000119
33739  44.502  -43.357  -25.175 0.3000000119
33738  46.468  -43.752  -25.680 0.3000000119
33751  45.752  -43.656  -26.101 0.3000000119
31897  46.522  -46.117  -23.785 0.3000000119
31912  46.796  -45.604  -24.843 0.3000000119
34665  45.711  -42.843  -24.339 0.3000000119
120961  46.464  -44.906  -24.426 0.3000000119
33728  46.097  -44.014  -24.127 0.3000000119
31896  46.959  -46.730  -24.236 0.3000000119
34682  45.303  -42.927  -25.401 0.3000000119
35616  44.448  -41.835  -24.450 0.3000000119
34666  43.708  -42.539  -24.269 0.3000000119
32830  46.119  -45.442  -23.370 0.3000000119
34681  45.627  -42.651  -24.973 0.3000000119
36574  44.375  -41.411  -23.976 0.3000000119
33716  45.519  -43.619  -23.327 0.3000000119
34655  45.217  -42.412  -23.466 0.3000000119
35599  45.270  -42.077  -24.333 0.3000000119
129676  44.871  -41.541  -23.802 0.3000000119
35581  42.633  -41.821  -22.985 0.3000000119
35600  43.834  -41.665  -24.032 0.3000000119
35601  43.357  -41.510  -23.540 0.3000000119
35583  40.644  -42.447  -22.238 0.3000000119
36526  40.919  -40.951  -21.632 0.3000000119
36527  40.186  -40.990  -21.632 0.3000000119
36549  39.834  -41.379  -21.961 0.3000000119
137129  44.285  -48.290  -26.108 0.3000000119
29005  43.781  -49.559  -26.022 0.4000000060
31930  44.636  -45.850  -25.794 0.3000000119
34683  44.582  -42.521  -24.893 0.3000000119
28157  44.722  -50.479  -27.596 0.5000000000
30993  47.585  -46.834  -25.922 0.3000000119
34698  45.977  -43.324  -25.618 0.3000000119
33761  46.098  -44.278  -26.850 0.3000000119
31945  45.046  -46.031  -26.464 0.3000000119
131762  44.339  -46.775  -25.681 0.3000000119
32840  46.729  -44.468  -25.399 0.3000000119
31911  47.204  -46.230  -25.348 0.3000000119
33727  46.483  -43.941  -24.998 0.3000000119
35580  44.715  -41.611  -22.994 0.3000000119
35615  45.049  -42.219  -24.684 0.3000000119
33698  45.163  -44.453  -22.210 0.3000000119
139675  44.606  -41.363  -23.758 0.3000000119
25434  44.475  -53.391  -30.914 0.3000000119
26408  44.815  -52.654  -30.529 0.4000000060
28180  46.723  -50.554  -30.495 0.4000000060
27322  45.904  -51.215  -30.397 0.4000000060
26392  43.948  -52.835  -28.820 0.3000000119
29071  45.974  -50.011  -28.965 0.4000000060
29070  46.698  -49.709  -29.802 0.3000000119
26391  44.568  -52.357  -29.501 0.4000000060
27296  45.361  -50.814  -28.978 0.4000000060
29057  46.618  -48.800  -29.089 0.3000000119
26374  44.354  -52.067  -28.520 0.3000000119
27311  44.952  -51.582  -29.153 0.4000000060
29058  45.731  -49.515  -28.251 0.4000000060
26358  44.061  -51.814  -27.677 0.3000000119
27297  44.716  -51.183  -28.190 0.4000000060
135460  45.129  -49.899  -27.769 0.4000000060
26375  43.703  -52.507  -27.964 0.3000000119
133476  43.454  -52.187  -27.329 0.3000000119
25393  43.236  -53.206  -28.206 0.3000000119
28156  45.236  -50.320  -28.276 0.4000000060
26390  45.255  -51.851  -30.205 0.4000000060
22413  45.121  -55.781  -26.511 0.3000000119
26419  45.765  -52.770  -31.420 0.3000000119
22388  44.017  -56.040  -24.701 0.3000000119
22401  44.398  -55.641  -25.338 0.3000000119
23431  44.817  -55.493  -25.880 0.3000000119
22412  45.965  -55.489  -26.822 0.3000000119
26407  45.481  -52.344  -31.061 0.3000000119
26418  47.092  -52.366  -31.603 0.3000000119
23397  47.405  -55.017  -24.581 0.3000000119
23415  45.761  -54.887  -25.500 0.3000000119
24377  47.102  -54.445  -24.872 0.3000000119
24404  47.525  -53.647  -26.244 0.3000000119
25392  48.680  -53.663  -27.645 0.3000000119
27321  46.458  -51.440  -31.031 0.3000000119
120967  49.632  -55.800  -25.137 0.3000000119
24376  47.927  -54.341  -24.746 0.3000000119
22384  48.423  -55.274  -24.689 0.3000000119
25361  48.100  -53.392  -25.723 0.3000000119
24391  48.440  -53.696  -25.137 0.3000000119
25377  48.481  -53.333  -26.561 0.3000000119
23412  50.105  -54.767  -25.112 0.3000000119
24390  49.470  -53.773  -25.248 0.3000000119
25376  49.381  -53.100  -26.487 0.3000000119
25360  48.928  -53.225  -25.720 0.3000000119
25407  49.877  -53.034  -28.157 0.3000000119
25406  49.980  -52.873  -28.808 0.3000000119
26405  49.500  -52.167  -30.652 0.3000000119
23411  50.936  -54.971  -25.212 0.3000000119
25391  49.745  -53.064  -27.264 0.3000000119
25375  50.173  -53.038  -26.551 0.3000000119
26373  50.506  -52.363  -28.845 0.3000000119
28207  47.260  -51.044  -31.079 0.3000000119
24388  51.170  -54.188  -25.379 0.3000000119
24387  51.761  -54.289  -25.098 0.3000000119
137218  50.714  -53.466  -25.941 0.3000000119
140429  50.851  -53.021  -26.508 0.3000000119
25405  50.565  -52.554  -27.952 0.3000000119
124549  50.115  -51.700  -30.102 0.3000000119
27328  49.250  -51.044  -31.315 0.3000000119
28206  48.077  -50.624  -31.123 0.3000000119
29084  47.365  -49.646  -30.288 0.3000000119
26420  45.177  -53.026  -31.249 0.3000000119
25388  51.354  -52.914  -26.352 0.3000000119
26357  51.329  -52.358  -27.173 0.3000000119
138430  50.858  -51.736  -28.904 0.3000000119
27319  49.796  -51.157  -30.867 0.3000000119
23430  45.510  -55.078  -26.050 0.3000000119
23399  45.780  -55.055  -25.005 0.3000000119
23400  45.172  -55.256  -25.388 0.3000000119
13491  41.560  -66.618  -28.461 0.3000000119
15875  45.901  -63.767  -29.189 0.3000000119
16700  46.374  -62.073  -28.055 0.4000000060
16701  45.782  -62.723  -27.905 0.4000000060
16702  44.924  -62.400  -27.445 0.4000000060
17619  43.099  -61.164  -26.819 0.3000000119
17649  47.140  -61.151  -28.665 0.4000000060
18530  46.837  -60.918  -28.122 0.4000000060
18531  46.143  -59.920  -27.588 0.3000000119
18533  43.919  -60.934  -27.057 0.3000000119
18564  47.506  -60.622  -29.037 0.4000000060
18586  47.297  -60.367  -29.515 0.4000000060
18606  41.119  -59.678  -30.584 0.3000000119
18607  40.334  -60.009  -30.832 0.3000000119
18619  39.782  -59.558  -32.363 0.6000000238
18620  38.495  -60.206  -32.994 0.5000000000
19473  43.018  -59.615  -26.794 0.3000000119
19488  45.546  -59.307  -27.458 0.3000000119
19525  41.766  -59.395  -30.494 0.3000000119
19556  40.794  -58.815  -32.226 0.5000000000
20440  44.904  -58.604  -27.369 0.3000000119
20466  47.250  -58.832  -29.664 0.5000000000
20468  45.214  -58.336  -30.408 0.4000000060
20469  44.238  -58.280  -30.482 0.4000000060
20479  43.941  -57.537  -31.052 0.4000000060
20480  43.313  -57.970  -31.075 0.4000000060
20481  42.478  -58.224  -31.536 0.4000000060
20492  41.432  -58.352  -32.189 0.5000000000
20493  38.716  -58.970  -32.434 0.5000000000
20501  41.807  -57.882  -32.287 0.4000000060
20502  41.138  -58.306  -32.267 0.5000000000
20503  40.355  -58.750  -32.268 0.6000000238
20504  39.437  -59.140  -32.533 0.5000000000
20506  37.360  -59.320  -33.190 0.5000000000
21437  48.123  -57.754  -28.695 0.4000000060
21449  48.137  -57.444  -29.129 0.5000000000
21472  44.975  -56.893  -31.183 0.4000000060
21473  44.210  -57.019  -31.440 0.4000000060
21485  43.736  -56.688  -31.837 0.4000000060
21486  43.160  -57.015  -32.108 0.4000000060
21487  42.459  -57.343  -32.209 0.5000000000
21488  41.679  -57.343  -32.268 0.5000000000
21489  39.998  -58.191  -31.956 0.6000000238
21492  37.145  -58.245  -32.315 0.4000000060
21502  36.821  -58.598  -33.061 0.4000000060
22387  45.052  -55.668  -24.749 0.3000000119
22415  43.584  -56.088  -25.421 0.3000000119
22432  47.599  -56.525  -27.796 0.4000000060
22448  48.333  -56.490  -28.814 0.4000000060
22471  46.538  -56.564  -30.506 0.4000000060
22472  45.780  -56.778  -30.927 0.5000000000
22485  45.498  -55.473  -31.482 0.4000000060
22488  41.020  -56.676  -31.216 0.4000000060
22489  39.902  -57.179  -31.023 0.6000000238
22490  38.532  -57.239  -30.779 0.4000000060
22491  37.714  -57.176  -31.046 0.4000000060
22503  44.648  -55.845  -31.636 0.4000000060
22504  43.923  -56.172  -31.887 0.4000000060
23398  46.554  -54.934  -24.780 0.3000000119
23413  49.006  -54.481  -24.825 0.3000000119
23414  46.442  -54.501  -25.305 0.3000000119
23429  46.317  -54.739  -26.432 0.3000000119
23447  46.987  -55.313  -27.291 0.4000000060
23467  48.510  -55.320  -29.022 0.4000000060
23468  48.284  -55.929  -29.196 0.4000000060
23485  38.680  -55.806  -29.993 0.5000000000
23497  47.056  -54.947  -31.009 0.4000000060
23498  46.345  -55.258  -31.315 0.4000000060
23500  42.628  -55.679  -31.560 0.5000000000
23501  41.935  -56.159  -31.415 0.5000000000
23508  44.834  -55.294  -31.622 0.4000000060
23510  43.380  -56.133  -32.013 0.4000000060
23512  37.189  -56.458  -33.006 0.4000000060
24389  50.478  -54.011  -25.406 0.3000000119
24392  47.391  -53.859  -25.339 0.3000000119
24393  46.099  -54.625  -25.836 0.3000000119
24405  46.724  -54.138  -25.965 0.3000000119
24414  49.354  -53.448  -27.980 0.3000000119
24415  47.863  -53.858  -27.194 0.4000000060
24425  39.616  -54.046  -28.791 0.5000000000
24447  48.161  -54.288  -30.129 0.4000000060
24448  47.664  -54.626  -30.593 0.4000000060
24449  43.034  -54.419  -30.244 0.3000000119
24450  42.322  -54.912  -30.086 0.3000000119
24451  41.507  -55.308  -29.785 0.4000000060
24453  38.319  -54.305  -30.664 0.4000000060
24472  38.880  -53.959  -32.678 0.5000000000
24478  46.094  -54.370  -31.535 0.4000000060
24480  44.004  -55.274  -31.835 0.4000000060
24496  38.281  -54.254  -34.574 0.5000000000
25359  49.870  -53.294  -25.847 0.3000000119
25374  51.324  -53.508  -25.761 0.3000000119
25390  50.367  -52.828  -27.265 0.3000000119
25395  41.570  -53.520  -27.263 0.4000000060
25418  49.871  -52.551  -29.645 0.3000000119
25421  44.073  -53.149  -29.865 0.3000000119
25423  38.977  -53.661  -29.498 0.4000000060
25432  49.115  -52.946  -30.359 0.4000000060
25445  46.874  -53.802  -31.578 0.4000000060
25447  45.590  -53.387  -31.484 0.3000000119
25462  38.944  -53.790  -34.362 0.6000000238
26344  42.794  -52.087  -26.772 0.4000000060
26359  42.970  -52.777  -27.396 0.3000000119
26361  41.301  -52.844  -26.763 0.4000000060
26362  40.578  -52.488  -27.084 0.6000000238
26389  50.417  -51.995  -29.415 0.3000000119
26393  39.443  -52.332  -29.699 0.6999999881
26417  47.860  -52.505  -31.584 0.4000000060
26422  39.194  -52.971  -31.546 0.5000000000
26441  40.493  -52.213  -34.065 0.8000000119
26443  37.085  -53.281  -34.911 0.5000000000
27281  44.223  -51.107  -27.330 0.4000000060
27282  43.618  -51.613  -27.002 0.4000000060
27310  45.473  -51.209  -29.679 0.4000000060
27320  49.104  -51.902  -31.267 0.4000000060
27331  46.949  -51.731  -31.422 0.3000000119
27332  46.250  -52.188  -31.410 0.3000000119
27347  41.712  -51.190  -33.437 0.6999999881
27352  41.342  -51.125  -34.040 0.6999999881
28129  42.691  -50.374  -25.524 0.6000000238
28141  44.244  -50.453  -26.908 0.4000000060
28143  41.493  -50.515  -25.514 0.5000000000
28144  40.865  -50.737  -25.948 0.5000000000
28158  40.467  -50.734  -26.881 0.6000000238
28181  45.971  -50.575  -29.759 0.4000000060
28182  40.599  -50.433  -29.873 0.6999999881
28193  50.133  -50.292  -30.570 0.3000000119
28194  47.631  -50.141  -30.723 0.3000000119
28204  49.748  -50.278  -30.920 0.3000000119
28223  42.354  -50.101  -33.285 0.6999999881
28225  37.989  -50.092  -33.777 0.6000000238
28233  40.383  -50.792  -34.342 0.6000000238
28236  38.226  -51.452  -34.546 0.5000000000
29008  41.583  -49.777  -24.986 0.5000000000
29027  44.257  -49.757  -26.570 0.4000000060
29042  45.310  -49.251  -27.589 0.4000000060
29043  44.760  -49.852  -27.202 0.5000000000
29060  40.488  -49.556  -28.336 0.6000000238
29072  41.236  -49.241  -29.753 0.6999999881
29094  42.819  -49.416  -32.042 0.6000000238
29106  40.252  -49.280  -33.750 0.6000000238
29109  36.600  -49.351  -33.793 0.5000000000
29114  41.537  -49.929  -34.014 0.6999999881
29912  42.372  -48.394  -24.643 0.4000000060
29928  42.764  -49.031  -25.032 0.4000000060
29930  40.860  -48.639  -25.214 0.6000000238
29979  41.966  -48.039  -29.841 0.6000000238
30006  43.541  -48.314  -33.238 0.6999999881
30010  42.585  -48.904  -33.945 0.6000000238
30016  36.099  -48.672  -33.649 0.5000000000
30979  41.463  -47.540  -24.446 0.4000000060
30992  47.861  -47.869  -25.568 0.3000000119
30996  40.692  -47.792  -25.284 0.6000000238
31898  41.607  -46.201  -23.825 0.4000000060
31990  43.707  -46.568  -30.920 0.5000000000
31999  41.656  -46.319  -33.164 0.6000000238
32003  34.058  -46.042  -33.333 0.4000000060
32015  35.606  -46.431  -33.339 0.5000000000
32819  45.632  -44.880  -22.874 0.3000000119
32833  40.797  -45.193  -23.582 0.4000000060
32839  47.119  -45.036  -25.890 0.3000000119
32842  43.266  -45.301  -24.338 0.4000000060
32843  40.602  -45.597  -24.087 0.4000000060
32855  44.596  -44.969  -25.642 0.3000000119
32857  40.358  -46.038  -25.382 0.5000000000
32884  41.725  -45.317  -28.655 0.5000000000
32915  37.850  -45.719  -32.075 0.6000000238
32919  44.275  -46.255  -33.249 0.5000000000
32923  40.148  -46.406  -32.002 0.6999999881
33718  40.899  -43.926  -22.857 0.4000000060
33730  42.196  -44.546  -23.362 0.4000000060
33740  43.660  -44.125  -24.547 0.4000000060
33749  46.828  -44.285  -26.844 0.3000000119
33750  46.372  -43.980  -26.375 0.3000000119
33752  44.995  -43.770  -25.736 0.3000000119
33769  46.533  -44.516  -27.342 0.3000000119
33771  40.634  -44.859  -26.908 0.4000000060
33788  43.253  -44.092  -30.124 0.5000000000
33802  38.899  -44.916  -30.183 0.6999999881
33806  44.401  -45.244  -31.914 0.6000000238
33816  42.942  -44.683  -33.631 0.6000000238
33820  36.600  -44.520  -32.948 0.6000000238
33825  44.197  -44.220  -33.392 0.6000000238
34670  39.899  -43.318  -23.143 0.4000000060
34680  46.153  -43.274  -25.060 0.3000000119
34743  41.580  -43.136  -28.317 0.5000000000
34767  44.498  -43.710  -32.407 0.6000000238
34768  40.658  -43.532  -31.338 0.6000000238
34784  43.661  -43.717  -33.665 0.6000000238
35582  41.664  -42.255  -22.412 0.4000000060
35689  44.487  -42.858  -32.159 0.6000000238
35697  44.554  -42.329  -32.577 0.5000000000
35709  41.833  -42.541  -33.014 0.6999999881
35716  43.771  -42.724  -33.602 0.6000000238
36548  40.419  -41.642  -21.824 0.3000000119
36562  43.184  -41.042  -23.169 0.3000000119
36615  36.110  -41.097  -27.770 0.4000000060
36627  37.374  -41.209  -27.913 0.5000000000
36628  36.791  -41.538  -27.902 0.4000000060
36636  38.973  -42.254  -29.377 0.6000000238
36644  43.882  -41.967  -31.222 0.4000000060
36663  44.572  -41.750  -32.672 0.4000000060
37522  40.507  -40.316  -21.450 0.3000000119
37523  39.925  -40.443  -21.581 0.3000000119
37544  39.641  -40.621  -21.983 0.3000000119
37669  43.677  -40.568  -34.049 0.6000000238
38578  37.574  -39.658  -28.268 0.4000000060
120672  47.991  -59.211  -28.905 0.4000000060
120704  37.771  -55.397  -32.000 0.4000000060
120892  42.640  -47.061  -24.404 0.4000000060
121020  48.427  -56.076  -28.968 0.4000000060
121051  42.612  -41.705  -33.655 0.6000000238
121873  41.328  -48.406  -33.837 0.6000000238
123050  40.446  -47.363  -26.221 0.5000000000
124950  44.661  -54.951  -31.662 0.4000000060
125333  47.808  -59.114  -28.598 0.5000000000
125657  47.975  -47.287  -26.433 0.3000000119
126701  44.250  -62.840  -27.336 0.4000000060
127839  43.064  -42.265  -23.523 0.3000000119
127858  48.646  -50.916  -31.371 0.4000000060
129178  42.561  -42.983  -29.511 0.5000000000
129966  39.551  -52.472  -34.701 0.6000000238
132081  46.848  -61.809  -29.486 0.3000000119
132311  39.084  -51.376  -34.599 0.5000000000
132538  44.238  -42.760  -33.293 0.5000000000
134389  39.614  -48.829  -33.251 0.6000000238
134393  36.092  -55.990  -34.667 0.4000000060
135694  45.823  -51.775  -30.922 0.3000000119
136730  40.045  -42.083  -22.135 0.4000000060
136820  48.816  -56.288  -25.034 0.3000000119
136995  43.814  -44.389  -30.715 0.5000000000
137256  39.879  -40.893  -21.748 0.3000000119
137559  39.534  -49.467  -33.584 0.6000000238
137849  46.752  -61.520  -28.256 0.4000000060
138055  41.770  -51.372  -32.895 0.6999999881
138128  38.212  -49.474  -33.419 0.5000000000
138957  44.802  -41.642  -24.155 0.3000000119
139329  40.914  -57.781  -32.202 0.6000000238
139611  44.182  -44.966  -33.388 0.6000000238
140247  47.852  -59.124  -29.143 0.4000000060
140260  51.874  -52.696  -26.220 0.3000000119
140354  43.616  -53.614  -29.697 0.4000000060
140728  49.680  -53.277  -28.793 0.4000000060
141102  34.797  -44.045  -33.159 0.5000000000
141920  37.528  -51.227  -34.375 0.5000000000
142369  47.679  -57.737  -29.464 0.5000000000
142423  46.997  -60.083  -30.010 0.5000000000
142432  40.475  -48.614  -26.425 0.6000000238
143229  37.068  -56.230  -33.944 0.4000000060
143320  38.890  -47.975  -32.721 0.6000000238
143431  49.146  -53.236  -27.170 0.3000000119
