#!ascii label  , from subject sub-v1s0x0050642_ses-1 vox2ras=TkReg
1473
34726  40.616  -43.250  -26.912 0.6000000238
34711  40.199  -43.304  -26.043 0.5000000000
37615  40.788  -40.325  -27.275 0.6999999881
37614  41.284  -40.815  -27.934 0.6000000238
132960  41.750  -41.008  -28.629 0.6000000238
38577  41.507  -39.344  -28.432 0.6000000238
36597  40.217  -41.779  -26.318 0.6999999881
36613  40.622  -41.719  -26.930 0.6000000238
36612  41.077  -41.684  -27.605 0.5000000000
36625  41.537  -41.655  -28.281 0.5000000000
36624  42.036  -41.641  -28.947 0.5000000000
37626  41.736  -40.144  -28.648 0.6000000238
38584  41.971  -39.284  -29.039 0.6000000238
36586  39.871  -41.438  -25.794 0.5000000000
35640  40.403  -42.477  -26.545 0.5000000000
34725  41.078  -43.197  -27.648 0.6000000238
37637  42.242  -39.935  -29.327 0.6000000238
142246  40.184  -44.969  -24.945 0.5000000000
33742  40.233  -44.778  -24.224 0.5000000000
39657  41.005  -38.018  -27.973 0.6000000238
40676  41.368  -37.535  -28.727 0.6999999881
121301  40.395  -39.929  -26.662 0.6000000238
38569  40.733  -39.440  -27.284 0.6999999881
39645  41.086  -38.949  -27.933 0.6000000238
39656  41.544  -38.504  -28.688 0.6000000238
140616  40.145  -40.241  -26.240 0.6000000238
37598  40.337  -40.874  -26.538 0.6999999881
39668  42.109  -38.506  -29.530 0.6000000238
35629  39.583  -41.877  -25.085 0.5000000000
37582  39.850  -40.540  -25.717 0.5000000000
140714  39.790  -43.313  -25.106 0.5000000000
39667  42.725  -38.373  -30.388 0.6000000238
34685  39.654  -43.171  -24.089 0.5000000000
39678  43.467  -38.343  -31.425 0.6000000238
39688  43.637  -37.515  -32.043 0.6999999881
40710  43.930  -37.296  -33.041 0.6999999881
39687  44.028  -37.930  -32.477 0.6000000238
39695  44.343  -38.076  -33.482 0.6000000238
39704  43.462  -38.602  -34.387 0.6000000238
39698  44.079  -38.147  -34.251 0.6000000238
40713  38.303  -37.696  -32.240 0.5000000000
130041  37.536  -36.884  -30.324 0.6999999881
39697  38.208  -38.175  -31.645 0.6000000238
40700  37.720  -37.600  -30.214 0.6999999881
40677  40.845  -37.079  -28.100 0.6000000238
41617  41.363  -36.635  -28.838 0.6999999881
39635  40.115  -38.184  -26.586 0.6999999881
39646  40.597  -38.535  -27.287 0.6999999881
40668  40.421  -37.521  -27.253 0.6000000238
38541  39.990  -39.645  -25.991 0.6000000238
140068  39.905  -38.727  -25.941 0.6000000238
40689  41.725  -37.099  -29.561 0.8000000119
132730  39.479  -39.942  -24.323 0.5000000000
38542  39.678  -39.844  -25.192 0.5000000000
40699  42.312  -36.776  -30.445 0.8000000119
40688  42.215  -37.665  -30.045 0.6000000238
37570  39.362  -40.778  -23.898 0.5000000000
37583  39.535  -40.607  -24.834 0.5000000000
40698  43.033  -37.381  -31.083 0.8000000119
34684  40.000  -43.951  -23.683 0.5000000000
41637  42.904  -36.413  -31.447 0.8000000119
40706  43.402  -36.834  -32.281 0.8000000119
41647  43.374  -36.715  -33.272 0.6999999881
40716  42.659  -37.022  -33.913 0.6999999881
41652  42.805  -36.538  -33.459 0.6999999881
40714  43.939  -37.338  -33.852 0.6999999881
40717  41.495  -37.160  -33.761 0.6000000238
39699  43.333  -37.664  -34.196 0.6000000238
40715  43.405  -37.010  -33.832 0.6000000238
40711  39.486  -37.239  -33.209 0.6999999881
127964  40.795  -37.910  -33.967 0.6999999881
39700  42.035  -37.830  -34.066 0.6000000238
41650  38.715  -37.094  -32.668 0.6999999881
40712  38.848  -38.013  -33.036 0.6000000238
124001  37.599  -36.614  -31.260 0.8000000119
41651  38.033  -36.836  -32.077 0.8000000119
41639  37.414  -36.131  -30.461 0.8999999762
41619  37.322  -36.797  -28.558 0.6999999881
42497  37.339  -35.625  -29.667 0.8000000119
40690  37.525  -37.243  -29.413 0.6999999881
41618  40.875  -36.200  -28.143 0.6000000238
42482  41.423  -35.738  -28.829 0.6999999881
43435  41.578  -34.859  -28.721 0.6999999881
41608  40.487  -36.580  -27.460 0.6000000238
42496  41.901  -35.248  -29.637 0.6000000238
137736  39.619  -36.314  -25.558 0.4000000060
40656  39.768  -36.899  -26.014 0.6000000238
42456  40.262  -36.011  -26.905 0.6000000238
131332  39.509  -36.930  -25.212 0.6000000238
41629  41.809  -36.124  -29.876 0.8000000119
39606  39.399  -38.438  -24.223 0.4000000060
39622  39.639  -38.494  -25.144 0.6000000238
41638  42.495  -36.049  -30.782 0.8000000119
38518  39.357  -40.045  -23.401 0.5000000000
36563  39.463  -41.672  -23.516 0.4000000060
41645  42.917  -36.078  -32.472 0.8000000119
35602  39.641  -42.557  -23.292 0.5000000000
42516  42.607  -35.821  -32.936 0.8000000119
42523  41.443  -35.698  -33.322 0.8000000119
42522  42.268  -35.911  -33.315 0.6999999881
41648  40.317  -36.063  -33.107 0.8000000119
41653  42.001  -36.426  -33.597 0.6999999881
42519  39.468  -35.720  -32.712 0.8999999762
41649  39.422  -36.511  -32.874 0.8999999762
41654  40.962  -36.549  -33.427 0.6999999881
42520  38.574  -36.241  -32.455 0.8999999762
41655  40.386  -37.251  -33.574 0.6999999881
129402  37.437  -35.830  -31.186 0.8999999762
41646  37.780  -35.854  -31.908 0.8999999762
42484  36.881  -35.320  -27.854 0.8000000119
42472  36.309  -36.033  -27.274 0.8000000119
42483  37.285  -35.918  -28.651 0.8000000119
41620  36.959  -36.359  -27.809 0.8000000119
43436  37.241  -35.047  -28.862 0.8000000119
41630  37.424  -36.434  -29.518 0.6999999881
43451  42.139  -34.504  -29.476 0.6000000238
133440  40.577  -35.875  -27.529 0.6000000238
43421  41.276  -34.401  -27.884 0.5000000000
43407  40.002  -34.835  -25.829 0.4000000060
42457  40.119  -35.391  -26.343 0.5000000000
125125  40.500  -35.297  -27.105 0.6000000238
42495  42.407  -34.785  -30.202 0.6999999881
41590  39.412  -36.107  -24.828 0.5000000000
42508  42.488  -35.352  -30.674 0.6999999881
129839  39.285  -35.928  -23.879 0.5000000000
40633  39.462  -37.668  -24.733 0.6000000238
40598  39.238  -37.528  -22.762 0.4000000060
41562  39.232  -36.700  -23.302 0.4000000060
43471  42.951  -33.920  -32.849 0.8000000119
121753  42.853  -34.933  -31.670 0.8000000119
133436  39.319  -38.221  -22.323 0.4000000060
42514  42.760  -34.978  -32.442 0.8000000119
119261  42.765  -35.614  -31.644 0.8000000119
37559  39.455  -40.951  -22.789 0.3000000119
120531  41.464  -34.764  -33.180 0.8000000119
43472  42.249  -34.159  -33.128 0.8000000119
133365  42.498  -34.713  -32.812 0.8000000119
43473  40.579  -34.423  -32.871 0.8000000119
42517  42.172  -35.145  -33.172 0.8000000119
120845  39.533  -34.882  -32.588 0.8999999762
42518  40.490  -35.234  -33.042 0.8999999762
43475  38.579  -34.506  -32.205 0.8999999762
137862  38.531  -35.358  -32.338 0.8999999762
42521  37.769  -34.878  -31.989 0.8999999762
43423  36.475  -34.571  -27.552 0.8000000119
123918  36.052  -35.177  -27.230 0.8000000119
42515  37.451  -35.138  -31.365 0.8999999762
43463  37.144  -34.598  -30.772 0.8999999762
43437  36.941  -34.284  -28.269 0.8000000119
42498  37.204  -34.851  -29.884 0.8000000119
44347  41.950  -33.955  -28.641 0.6000000238
136685  42.487  -33.899  -29.509 0.6000000238
44330  41.541  -33.589  -27.658 0.6000000238
44301  40.483  -33.454  -25.450 0.4000000060
44320  40.614  -33.674  -26.286 0.4000000060
43406  40.413  -34.561  -26.534 0.4000000060
43422  40.778  -34.696  -27.324 0.5000000000
120859  42.732  -34.169  -30.301 0.6999999881
43395  39.741  -34.625  -25.098 0.4000000060
43462  42.877  -34.540  -31.096 0.6999999881
43384  39.652  -34.371  -24.197 0.5000000000
42437  39.438  -35.231  -24.503 0.4000000060
43378  39.843  -34.257  -23.296 0.5000000000
44382  43.155  -33.132  -33.156 0.8000000119
43468  43.191  -34.235  -32.151 0.8000000119
44383  41.962  -33.419  -33.079 0.8000000119
44384  40.772  -33.569  -32.619 0.8000000119
44386  38.629  -33.705  -31.998 0.8999999762
43469  37.312  -34.334  -31.463 0.8999999762
44332  36.353  -33.812  -27.607 0.8000000119
43470  36.896  -33.795  -30.931 1.0000000000
43464  36.978  -34.080  -30.044 1.0000000000
43452  37.120  -34.382  -29.205 0.8000000119
44348  36.617  -33.373  -28.272 0.8000000119
44346  42.616  -33.307  -29.164 0.6000000238
45303  43.346  -32.798  -29.837 0.6000000238
44360  43.067  -33.470  -30.211 0.6999999881
45264  40.939  -32.926  -25.990 0.4000000060
44319  41.187  -33.232  -26.826 0.4000000060
44302  40.043  -33.888  -24.857 0.4000000060
44372  43.447  -33.665  -31.519 0.6999999881
45221  40.749  -33.183  -23.671 0.5000000000
45234  41.425  -32.466  -24.578 0.4000000060
121232  42.675  -33.395  -33.142 0.8000000119
44376  43.474  -32.488  -33.073 0.8000000119
45326  41.476  -32.785  -32.651 0.8000000119
45327  40.476  -32.875  -32.203 0.8000000119
128307  41.467  -34.067  -33.059 0.8000000119
43474  39.605  -34.061  -32.395 0.8999999762
44379  37.824  -33.291  -31.787 0.8999999762
44378  38.621  -32.927  -31.763 0.8999999762
44380  37.196  -33.560  -31.541 1.0000000000
44381  36.777  -32.996  -31.116 1.0000000000
45274  36.166  -33.104  -27.746 0.8000000119
43424  35.732  -34.353  -27.271 0.8000000119
44373  36.697  -33.159  -30.140 1.0000000000
121000  36.633  -32.988  -29.042 0.8000000119
45272  42.448  -32.385  -27.889 0.6000000238
45290  42.178  -33.107  -28.234 0.6000000238
44359  43.774  -32.837  -31.148 0.6999999881
45315  44.207  -31.948  -32.097 0.6999999881
141582  42.172  -31.956  -26.215 0.4000000060
45263  41.581  -32.524  -26.522 0.5000000000
45273  41.817  -32.826  -27.369 0.5000000000
44371  43.795  -32.644  -32.463 0.8000000119
45249  40.875  -32.856  -25.105 0.4000000060
46238  42.900  -31.857  -24.242 0.4000000060
45233  42.176  -31.987  -24.789 0.4000000060
138480  42.694  -32.559  -33.104 0.8000000119
45322  39.534  -32.409  -31.719 0.8000000119
137374  37.874  -32.659  -31.702 1.0000000000
126172  37.270  -32.816  -31.554 1.0000000000
45324  37.567  -32.104  -31.570 1.0000000000
45325  36.977  -32.210  -31.263 1.0000000000
46311  36.507  -31.472  -30.056 1.0000000000
45291  36.318  -32.477  -28.317 0.8999999762
44333  35.484  -33.444  -27.401 0.8000000119
46286  35.072  -32.120  -27.632 0.8999999762
46297  36.217  -31.447  -28.806 1.0000000000
143707  35.622  -31.130  -28.207 1.0000000000
46298  35.699  -31.811  -27.937 1.0000000000
129783  36.313  -30.617  -29.556 1.0000000000
48429  36.232  -28.995  -29.952 1.0000000000
47381  36.029  -29.784  -29.260 1.0000000000
48430  35.473  -28.943  -29.145 1.0000000000
49404  36.531  -28.405  -30.979 1.0000000000
45288  43.634  -32.129  -29.407 0.6999999881
45302  44.045  -32.158  -30.663 0.6999999881
46296  43.190  -31.815  -28.335 0.6000000238
125019  43.898  -31.551  -29.042 0.6000000238
139266  42.731  -31.868  -27.510 0.6000000238
46327  44.220  -30.967  -32.557 0.8000000119
46260  42.960  -31.562  -24.997 0.4000000060
45318  43.888  -31.738  -32.970 0.8000000119
45319  43.353  -31.708  -33.082 0.8000000119
142917  42.729  -31.686  -33.000 0.8000000119
45320  41.934  -32.046  -32.566 0.8000000119
45321  40.824  -32.276  -32.023 0.6999999881
46331  39.896  -31.627  -31.374 0.8000000119
45323  38.362  -32.151  -31.635 0.8999999762
46332  38.770  -31.493  -31.521 1.0000000000
46334  37.332  -31.407  -31.396 1.0000000000
130038  38.252  -30.725  -31.588 1.0000000000
47400  38.190  -29.739  -31.707 1.0000000000
47401  37.669  -30.463  -31.628 1.0000000000
47402  37.128  -30.811  -31.229 1.0000000000
48451  37.122  -28.929  -31.656 1.0000000000
131186  36.469  -29.864  -30.256 1.0000000000
121788  35.188  -30.566  -28.175 1.0000000000
46299  34.876  -31.363  -27.830 1.0000000000
48448  36.646  -29.249  -30.950 1.0000000000
47362  35.849  -30.562  -28.708 1.0000000000
47363  35.372  -29.874  -28.622 1.0000000000
49371  34.679  -28.727  -29.117 1.0000000000
49387  35.904  -28.002  -29.997 1.0000000000
46310  44.366  -31.483  -30.119 0.6999999881
46321  44.455  -31.350  -31.497 0.6999999881
47346  43.999  -31.050  -28.238 0.5000000000
46275  43.525  -31.259  -26.394 0.5000000000
46285  43.345  -31.401  -27.382 0.5000000000
46328  43.732  -31.028  -32.930 0.8000000119
131836  43.080  -31.120  -32.898 0.6999999881
46330  41.223  -31.666  -31.786 0.8000000119
46329  42.250  -31.396  -32.386 0.8000000119
47394  39.542  -30.845  -31.077 0.8999999762
120127  40.021  -30.664  -30.419 0.8000000119
47380  39.597  -30.043  -29.821 0.8000000119
47361  39.990  -29.932  -28.774 0.8000000119
47399  38.837  -30.777  -31.391 0.8999999762
48446  39.430  -30.340  -30.639 0.8000000119
127696  38.849  -30.203  -31.187 0.8999999762
48447  38.990  -29.772  -30.625 0.8999999762
124168  39.389  -29.543  -29.108 0.8000000119
120103  38.497  -29.335  -31.435 0.8999999762
48450  37.649  -29.379  -31.878 1.0000000000
130340  37.066  -29.927  -31.295 1.0000000000
138781  37.632  -27.802  -32.196 1.0000000000
49408  37.097  -27.987  -31.838 1.0000000000
50430  37.871  -27.287  -32.183 1.0000000000
122479  36.407  -27.179  -30.955 1.0000000000
49388  35.046  -28.030  -29.699 1.0000000000
50431  37.224  -26.996  -31.926 1.0000000000
128394  36.589  -26.338  -31.299 1.0000000000
129353  35.309  -26.841  -30.500 1.0000000000
47359  44.378  -31.115  -29.249 0.6999999881
47376  44.825  -30.743  -30.069 0.6999999881
46320  44.784  -30.748  -31.158 0.6999999881
46326  44.558  -30.658  -31.944 0.6999999881
47358  44.924  -30.640  -28.936 0.6000000238
47396  44.391  -30.333  -32.265 0.6999999881
47345  44.822  -30.628  -27.691 0.5000000000
47397  44.036  -30.390  -32.509 0.6999999881
47334  44.121  -30.886  -27.038 0.5000000000
47398  43.454  -30.561  -32.485 0.6999999881
46322  42.566  -30.815  -32.061 0.6999999881
46323  41.540  -31.090  -31.487 0.6999999881
46324  40.475  -31.161  -31.130 0.6999999881
47379  40.430  -30.335  -29.668 0.8000000119
47360  40.957  -30.022  -28.941 0.8000000119
48409  40.580  -29.834  -27.969 0.8000000119
140576  39.944  -29.698  -28.114 0.8000000119
48410  39.426  -29.337  -28.282 0.8000000119
126614  38.661  -28.914  -30.864 1.0000000000
48428  38.939  -29.327  -29.867 0.8999999762
49386  38.636  -28.188  -30.119 1.0000000000
48411  38.917  -28.840  -29.050 0.8000000119
48452  37.959  -28.820  -32.100 1.0000000000
142380  38.388  -28.560  -31.616 1.0000000000
49407  37.630  -28.503  -32.118 1.0000000000
51379  37.633  -26.350  -31.846 1.0000000000
49389  34.174  -28.090  -29.685 1.0000000000
51380  37.051  -26.117  -31.539 1.0000000000
51372  36.340  -25.416  -31.109 1.0000000000
50422  35.861  -26.023  -30.822 1.0000000000
50412  34.483  -27.221  -30.273 1.0000000000
52308  35.716  -24.715  -30.738 1.0000000000
122714  45.259  -30.132  -31.023 0.6999999881
47389  44.826  -30.030  -31.750 0.6000000238
48449  44.385  -29.865  -32.022 0.6000000238
47390  43.793  -29.913  -31.992 0.6000000238
47391  42.941  -30.201  -31.542 0.6999999881
47392  41.926  -30.576  -30.955 0.6999999881
47393  40.907  -30.707  -30.559 0.6999999881
48395  39.841  -29.516  -27.572 0.8000000119
49359  39.209  -28.874  -27.461 0.8000000119
119078  38.686  -27.798  -28.991 0.8000000119
49370  38.840  -28.452  -28.191 0.8000000119
50421  38.472  -27.078  -31.010 1.0000000000
50411  38.619  -26.992  -29.819 1.0000000000
127240  38.646  -27.516  -28.160 0.6999999881
51365  38.553  -26.208  -30.352 1.0000000000
119751  38.592  -26.573  -28.739 0.8999999762
51371  38.331  -25.856  -31.027 1.0000000000
52311  37.831  -25.632  -31.403 1.0000000000
52305  38.009  -24.863  -30.746 1.0000000000
49390  33.080  -28.290  -30.020 1.0000000000
52312  37.146  -25.459  -31.395 1.0000000000
52307  36.531  -24.662  -31.034 1.0000000000
50424  34.051  -25.933  -31.012 1.0000000000
50413  33.529  -27.067  -30.535 1.0000000000
50423  34.910  -25.665  -30.899 1.0000000000
48445  43.380  -29.578  -31.022 0.6000000238
47377  42.394  -29.933  -30.438 0.6999999881
47378  41.380  -30.242  -29.925 0.6999999881
48427  41.968  -29.773  -29.340 0.8000000119
48408  41.665  -29.731  -28.312 0.6999999881
48393  41.434  -29.608  -27.367 0.6999999881
48380  40.307  -29.328  -26.175 0.6999999881
48381  39.676  -29.206  -26.774 0.6999999881
49346  39.126  -28.397  -26.679 0.6999999881
50375  38.640  -26.557  -27.597 0.8000000119
49360  38.741  -27.910  -27.426 0.6999999881
143273  38.601  -26.040  -29.596 0.8999999762
52299  38.408  -25.200  -30.002 1.0000000000
134925  38.273  -24.369  -29.002 1.0000000000
50414  32.405  -26.999  -30.761 1.0000000000
53231  37.445  -24.153  -30.388 1.0000000000
51373  35.244  -25.168  -30.918 1.0000000000
48443  44.871  -29.344  -31.525 0.6000000238
48444  44.214  -29.365  -31.446 0.6000000238
49402  44.706  -28.763  -31.035 0.6000000238
48425  43.864  -28.988  -30.509 0.6000000238
48426  42.949  -29.399  -29.883 0.6000000238
48407  42.631  -29.385  -28.755 0.6000000238
48392  42.390  -29.386  -27.737 0.6999999881
48379  41.222  -29.469  -26.469 0.6999999881
48371  40.985  -29.296  -25.629 0.6999999881
48372  40.181  -29.005  -25.370 0.6999999881
48373  39.602  -28.807  -25.984 0.6999999881
121548  46.690  -22.521  -26.828 0.3000000119
50357  38.794  -27.229  -26.668 0.6999999881
50356  39.157  -27.883  -25.921 0.6999999881
55212  46.209  -22.344  -27.493 0.3000000119
47385  30.086  -30.435  -29.500 0.8999999762
51350  38.519  -25.333  -28.933 1.0000000000
124404  31.591  -29.671  -29.757 1.0000000000
49391  31.994  -28.019  -30.348 1.0000000000
120367  31.607  -28.696  -29.930 1.0000000000
53228  37.557  -23.898  -29.432 1.0000000000
52301  35.478  -24.558  -30.312 1.0000000000
51374  34.191  -25.185  -30.978 1.0000000000
50425  32.779  -25.853  -31.142 1.0000000000
52309  34.628  -24.904  -30.624 1.0000000000
49401  45.603  -28.716  -31.126 0.6000000238
49368  45.231  -28.070  -29.789 0.6000000238
49385  44.420  -28.468  -29.856 0.6000000238
143920  44.666  -28.190  -28.943 0.6000000238
49369  43.975  -28.485  -28.608 0.6999999881
48391  43.260  -29.000  -28.157 0.6999999881
48406  43.506  -28.905  -29.286 0.6000000238
51313  48.751  -26.694  -26.425 0.3000000119
51314  47.927  -26.820  -26.187 0.3000000119
48378  42.154  -29.324  -26.799 0.6999999881
48370  41.903  -29.274  -25.897 0.6999999881
54124  46.378  -23.344  -25.387 0.3000000119
54138  45.767  -23.001  -25.848 0.4000000060
54125  45.339  -23.043  -25.459 0.4000000060
46315  29.543  -30.940  -29.470 0.6999999881
46316  28.682  -31.007  -29.571 0.6999999881
56178  44.140  -21.212  -26.868 0.3000000119
50346  38.920  -26.668  -25.884 0.6999999881
122707  44.321  -21.670  -28.083 0.3000000119
55213  45.302  -22.395  -27.218 0.3000000119
51331  38.638  -25.261  -27.502 0.8000000119
123843  30.572  -29.685  -29.633 0.8999999762
55195  44.749  -22.265  -26.896 0.3000000119
120979  38.481  -24.496  -28.044 0.8000000119
53218  37.832  -23.709  -28.470 1.0000000000
49405  31.358  -26.857  -30.838 1.0000000000
52292  36.255  -24.266  -29.753 1.0000000000
50426  31.697  -25.871  -31.242 1.0000000000
52310  33.430  -24.883  -30.825 1.0000000000
133039  34.685  -24.838  -30.207 1.0000000000
52302  33.828  -24.881  -30.402 1.0000000000
123296  33.412  -25.158  -29.844 1.0000000000
49356  44.494  -28.210  -27.958 0.6999999881
50352  48.215  -27.047  -27.177 0.3000000119
50353  47.384  -27.082  -26.964 0.4000000060
49357  43.750  -28.563  -27.544 0.6999999881
49358  43.032  -29.040  -27.153 0.6999999881
50342  47.124  -27.090  -25.943 0.4000000060
51298  47.561  -26.546  -25.422 0.3000000119
50343  46.347  -27.444  -25.670 0.5000000000
49337  42.510  -28.991  -25.263 0.6999999881
48361  41.612  -29.092  -25.074 0.6999999881
51285  47.177  -26.216  -24.809 0.5000000000
48362  40.819  -29.019  -24.962 0.6999999881
52237  46.678  -25.590  -24.435 0.4000000060
51267  45.138  -26.584  -23.833 0.6000000238
125099  45.818  -25.183  -24.242 0.5000000000
54109  47.067  -23.920  -24.938 0.3000000119
49338  39.608  -28.351  -25.235 0.6999999881
125710  44.145  -21.267  -22.847 0.4000000060
53157  45.033  -24.664  -24.259 0.4000000060
50345  39.264  -27.377  -25.224 0.6999999881
57072  44.510  -21.075  -23.984 0.4000000060
128775  45.707  -23.378  -25.259 0.4000000060
54111  45.330  -23.726  -24.797 0.4000000060
129940  28.424  -31.867  -29.609 0.6000000238
56163  44.443  -21.170  -26.045 0.3000000119
57085  44.568  -21.110  -25.085 0.4000000060
136472  45.034  -22.757  -25.655 0.4000000060
54112  44.821  -23.797  -24.400 0.4000000060
51315  38.721  -25.628  -26.656 0.6999999881
132072  39.103  -26.326  -25.250 0.6999999881
56154  44.584  -22.065  -24.574 0.4000000060
54126  45.091  -23.100  -25.011 0.4000000060
54093  44.396  -23.545  -23.797 0.4000000060
56177  44.471  -21.857  -26.509 0.3000000119
127482  44.767  -22.398  -26.080 0.3000000119
55164  44.707  -23.000  -24.509 0.4000000060
52276  38.541  -24.405  -27.102 0.8000000119
49392  31.023  -27.778  -30.254 1.0000000000
53203  38.275  -23.785  -27.458 0.8999999762
53219  37.112  -23.803  -28.939 1.0000000000
52303  32.457  -24.852  -31.018 1.0000000000
52293  34.264  -25.262  -29.601 1.0000000000
51351  35.416  -25.051  -29.253 1.0000000000
139694  36.427  -24.442  -28.850 1.0000000000
51366  32.901  -24.841  -30.506 1.0000000000
51367  31.979  -24.878  -30.557 1.0000000000
51352  32.545  -25.444  -29.574 1.0000000000
49355  45.348  -27.805  -28.606 0.6000000238
50374  45.952  -27.540  -27.588 0.6000000238
49342  45.119  -27.965  -27.225 0.6000000238
49343  44.302  -28.314  -26.860 0.6999999881
50355  45.773  -27.775  -26.387 0.6000000238
50354  46.563  -27.366  -26.687 0.5000000000
49344  43.554  -28.658  -26.523 0.6999999881
49345  42.781  -29.035  -26.195 0.6999999881
50344  45.597  -27.851  -25.354 0.6000000238
49336  43.355  -28.739  -25.508 0.6999999881
50330  46.063  -27.302  -24.846 0.6000000238
51286  46.413  -26.557  -24.526 0.6000000238
51287  45.694  -27.019  -24.201 0.6000000238
132454  43.087  -28.659  -24.548 0.6999999881
49322  42.163  -28.770  -24.439 0.6999999881
128104  45.832  -26.116  -24.150 0.5000000000
51268  44.593  -26.958  -23.598 0.6000000238
50311  44.264  -27.585  -23.663 0.6000000238
49323  41.221  -28.746  -24.373 0.6000000238
56114  43.040  -21.893  -21.643 0.4000000060
53156  45.699  -24.411  -24.491 0.4000000060
52238  45.118  -25.648  -23.951 0.4000000060
51269  43.976  -26.872  -23.363 0.5000000000
50295  43.527  -27.512  -23.379 0.6000000238
49324  40.268  -28.512  -24.557 0.6999999881
52239  44.602  -25.207  -23.812 0.5000000000
49325  39.638  -27.844  -24.650 0.6999999881
56143  44.440  -21.868  -23.589 0.4000000060
54061  43.246  -22.706  -21.887 0.5000000000
53137  44.367  -24.482  -23.780 0.4000000060
47386  29.186  -30.184  -29.310 0.8999999762
56162  44.586  -21.905  -25.633 0.4000000060
54094  43.937  -23.985  -23.109 0.4000000060
52263  38.640  -24.488  -26.228 0.6999999881
51301  38.911  -25.376  -25.714 0.6999999881
55149  44.446  -22.674  -23.729 0.4000000060
48434  29.962  -28.807  -29.464 0.8999999762
54150  38.049  -23.569  -27.644 0.8999999762
51376  32.086  -25.140  -31.271 1.0000000000
50415  30.418  -26.626  -30.699 1.0000000000
50427  30.920  -25.991  -31.154 1.0000000000
51368  31.069  -25.386  -30.607 1.0000000000
50428  30.600  -25.954  -30.820 1.0000000000
51334  34.661  -25.967  -28.567 1.0000000000
50360  33.415  -27.389  -26.712 0.8999999762
132954  33.841  -27.180  -27.419 1.0000000000
50393  33.646  -26.332  -28.583 1.0000000000
50394  32.008  -26.292  -28.818 1.0000000000
51353  31.518  -25.566  -29.695 1.0000000000
50377  33.072  -27.232  -27.632 1.0000000000
50378  32.143  -27.182  -27.820 1.0000000000
50395  31.320  -26.606  -28.571 0.8999999762
124272  32.615  -27.449  -27.088 1.0000000000
50379  31.337  -27.161  -27.594 0.8999999762
49334  44.981  -28.154  -26.065 0.6999999881
49335  44.155  -28.441  -25.786 0.6999999881
49321  43.975  -28.452  -24.753 0.6999999881
50331  45.339  -27.719  -24.514 0.6000000238
50332  44.579  -28.050  -24.194 0.6999999881
49303  43.644  -28.199  -23.883 0.6000000238
49304  42.694  -28.360  -23.853 0.6000000238
49305  41.759  -28.347  -23.782 0.6000000238
57045  42.869  -21.194  -21.567 0.3000000119
50310  45.013  -27.424  -23.890 0.6000000238
55120  42.419  -22.579  -21.503 0.4000000060
55121  41.509  -22.447  -21.411 0.4000000060
126170  43.681  -26.265  -23.198 0.6000000238
50296  42.812  -27.349  -23.107 0.6000000238
51255  43.309  -26.796  -23.047 0.5000000000
50314  41.414  -27.710  -23.266 0.6000000238
52204  43.149  -26.045  -22.787 0.4000000060
50315  40.616  -27.353  -23.352 0.6000000238
54062  42.668  -23.433  -21.745 0.5000000000
122226  43.440  -24.347  -22.593 0.4000000060
53138  43.780  -24.796  -23.121 0.4000000060
50316  39.961  -26.652  -23.680 0.6000000238
124398  44.085  -23.138  -23.028 0.4000000060
51300  39.175  -25.413  -24.944 0.6000000238
54077  43.486  -23.532  -22.326 0.4000000060
54078  42.849  -24.272  -22.077 0.4000000060
53188  38.338  -23.877  -26.783 0.8999999762
49394  29.204  -28.085  -29.354 0.8999999762
49393  29.850  -27.535  -30.039 0.8999999762
50416  29.852  -26.613  -30.273 0.8999999762
51332  36.172  -25.282  -28.053 1.0000000000
50376  34.577  -26.805  -27.643 1.0000000000
51354  30.658  -26.161  -29.528 0.8999999762
51320  31.740  -26.988  -26.366 1.0000000000
50362  30.777  -27.085  -27.004 1.0000000000
50380  30.542  -26.924  -28.176 0.8999999762
121911  31.088  -26.593  -26.312 1.0000000000
137506  30.362  -26.331  -26.459 0.8999999762
49320  44.840  -28.237  -25.017 0.6999999881
137681  42.962  -19.979  -21.931 0.3000000119
142068  42.358  -20.600  -21.499 0.3000000119
56116  41.140  -21.637  -21.341 0.3000000119
50297  41.998  -27.179  -22.921 0.6000000238
54064  40.964  -23.119  -21.597 0.5000000000
54065  40.083  -22.900  -21.867 0.4000000060
51256  42.585  -26.620  -22.744 0.5000000000
53122  43.106  -25.134  -22.520 0.5000000000
51257  41.759  -26.416  -22.539 0.5000000000
50298  41.159  -26.944  -22.826 0.5000000000
54063  41.818  -23.278  -21.523 0.5000000000
52205  42.412  -25.830  -22.379 0.5000000000
51258  40.992  -26.120  -22.527 0.5000000000
53113  41.307  -23.825  -21.690 0.5000000000
52206  41.567  -25.605  -22.215 0.5000000000
51288  39.489  -25.611  -24.142 0.6000000238
53112  42.038  -24.113  -21.717 0.5000000000
52253  38.960  -24.459  -25.362 0.6999999881
53124  40.466  -23.821  -22.002 0.5000000000
52208  40.405  -24.744  -22.394 0.5000000000
53176  38.996  -24.064  -24.942 0.6000000238
53204  38.044  -23.520  -27.198 0.8999999762
52278  37.083  -24.258  -27.906 0.8999999762
53205  37.761  -23.604  -27.881 0.8999999762
128601  36.703  -25.365  -27.268 0.8999999762
50348  34.158  -27.194  -26.032 0.8999999762
50359  34.411  -27.229  -26.738 0.8999999762
50358  35.333  -26.931  -26.923 0.8999999762
51333  35.395  -26.172  -27.871 1.0000000000
51369  30.173  -26.164  -30.130 0.8999999762
51319  32.562  -27.288  -26.470 0.8000000119
51307  32.503  -26.753  -25.867 0.6999999881
51355  29.778  -26.627  -29.086 0.8999999762
51335  29.759  -26.896  -27.844 0.8999999762
143725  41.584  -20.981  -21.340 0.3000000119
57046  40.799  -20.836  -21.241 0.4000000060
57047  39.927  -20.768  -21.006 0.3000000119
56117  40.210  -21.530  -21.307 0.3000000119
55123  39.517  -22.178  -21.460 0.4000000060
54079  39.601  -23.428  -22.284 0.5000000000
52221  40.386  -25.585  -22.715 0.5000000000
51270  40.473  -26.456  -23.008 0.5000000000
53125  39.738  -24.084  -22.640 0.5000000000
52207  40.886  -25.391  -22.306 0.5000000000
51271  39.889  -25.691  -23.335 0.5000000000
52222  39.814  -24.815  -23.017 0.5000000000
52240  39.452  -24.721  -23.823 0.5000000000
53139  39.320  -24.136  -23.460 0.5000000000
52252  39.213  -24.514  -24.631 0.5000000000
53159  38.783  -23.981  -24.626 0.6000000238
53177  38.481  -24.255  -25.749 0.6000000238
53160  38.147  -24.269  -24.239 0.6999999881
53178  38.201  -24.084  -25.523 0.6999999881
52277  37.733  -23.710  -27.284 0.6999999881
51302  37.433  -24.931  -25.800 0.6999999881
51317  36.770  -25.932  -26.495 0.8000000119
51316  37.327  -24.589  -26.869 0.8000000119
51370  29.429  -26.757  -29.523 0.8999999762
50347  35.108  -27.111  -26.119 0.8999999762
119269  36.136  -26.306  -27.127 0.8999999762
51306  33.289  -27.106  -25.979 0.6999999881
125133  29.694  -26.627  -27.019 0.8999999762
52265  30.916  -25.975  -26.076 1.0000000000
56118  39.353  -21.436  -20.986 0.4000000060
56097  38.508  -21.252  -20.669 0.3000000119
55137  39.140  -22.855  -21.932 0.4000000060
56119  38.098  -22.015  -20.834 0.3000000119
54080  38.903  -23.421  -22.408 0.4000000060
55124  38.543  -22.466  -21.326 0.4000000060
54095  39.193  -23.771  -22.954 0.4000000060
139968  38.315  -23.624  -22.457 0.4000000060
54066  38.169  -23.181  -21.827 0.4000000060
54096  38.720  -23.738  -23.056 0.4000000060
54114  38.507  -23.993  -23.656 0.5000000000
54113  38.975  -23.902  -23.747 0.5000000000
52255  37.032  -25.804  -25.021 0.6000000238
51318  36.042  -26.812  -26.299 0.8000000119
51305  34.801  -26.901  -25.459 0.6999999881
51321  28.881  -26.223  -27.013 0.8999999762
53191  30.284  -25.267  -26.200 0.8999999762
52266  29.514  -25.898  -26.551 0.8000000119
54141  30.885  -24.212  -26.260 0.6999999881
55199  30.589  -23.114  -26.812 0.8000000119
57029  38.570  -20.228  -20.462 0.3000000119
56098  37.747  -21.429  -20.669 0.3000000119
55125  37.667  -22.589  -21.244 0.3000000119
55126  36.933  -22.442  -21.300 0.4000000060
54067  36.989  -23.221  -21.625 0.4000000060
134867  36.758  -23.888  -22.141 0.5000000000
54097  38.026  -23.936  -22.873 0.5000000000
53141  36.758  -24.879  -23.043 0.5000000000
53142  35.799  -24.868  -23.153 0.5000000000
52223  37.264  -25.038  -23.760 0.5000000000
52224  36.307  -25.480  -23.601 0.5000000000
52241  36.778  -25.731  -24.293 0.5000000000
51289  36.272  -26.388  -24.877 0.6000000238
51304  35.731  -26.811  -25.526 0.6999999881
52257  33.636  -26.013  -25.053 0.6999999881
52258  32.662  -25.776  -25.407 0.6999999881
53180  32.586  -24.605  -25.509 0.6999999881
129240  31.227  -25.205  -25.872 0.8000000119
53190  31.830  -24.199  -25.920 0.6999999881
57974  39.807  -19.291  -20.882 0.3000000119
129989  37.848  -19.943  -20.384 0.3000000119
57031  37.246  -20.067  -20.676 0.4000000060
57030  37.805  -20.678  -20.519 0.3000000119
56121  36.589  -21.754  -21.354 0.4000000060
55138  36.242  -22.493  -21.702 0.4000000060
54082  35.958  -23.397  -22.189 0.4000000060
130022  35.458  -23.977  -22.967 0.3000000119
53161  35.333  -25.343  -23.848 0.6000000238
53143  35.002  -24.469  -23.692 0.3000000119
54099  34.845  -23.486  -23.724 0.4000000060
51290  35.335  -26.504  -24.866 0.6999999881
52243  34.909  -25.895  -24.424 0.6999999881
53162  34.466  -25.023  -24.346 0.6000000238
52244  34.255  -25.763  -24.662 0.6999999881
132128  33.925  -26.794  -25.463 0.6999999881
53163  33.866  -25.257  -24.780 0.6999999881
53179  33.275  -24.999  -25.134 0.6000000238
121177  36.231  -20.878  -21.594 0.3000000119
55139  35.591  -22.316  -22.412 0.3000000119
54098  35.252  -22.956  -23.029 0.3000000119
56133  35.467  -21.361  -22.735 0.3000000119
55151  35.133  -21.970  -23.253 0.3000000119
56144  35.168  -21.088  -23.580 0.3000000119
55152  34.787  -22.513  -23.860 0.4000000060
54116  33.829  -24.428  -24.876 0.5000000000
54115  34.374  -23.967  -24.400 0.5000000000
130715  34.399  -22.991  -24.549 0.5000000000
54127  33.841  -23.421  -25.207 0.6000000238
54128  33.225  -24.046  -25.366 0.6000000238
124342  37.977  -18.678  -20.557 0.4000000060
59042  37.304  -18.671  -20.940 0.3000000119
57049  36.575  -20.081  -21.296 0.3000000119
57993  36.424  -19.239  -21.770 0.3000000119
131933  35.747  -20.831  -22.267 0.3000000119
57060  35.956  -19.963  -22.195 0.3000000119
57061  35.493  -20.367  -23.094 0.3000000119
56155  34.904  -20.931  -24.268 0.3000000119
55166  34.462  -22.081  -24.644 0.4000000060
56156  34.583  -21.267  -24.753 0.4000000060
55177  34.069  -22.465  -25.304 0.4000000060
56164  34.232  -21.634  -25.326 0.4000000060
55178  33.464  -22.690  -25.810 0.5000000000
139261  33.234  -23.351  -25.706 0.6000000238
134198  29.677  -23.439  -26.878 0.8000000119
131881  37.723  -17.992  -20.996 0.4000000060
59052  36.994  -18.052  -21.432 0.3000000119
142986  36.032  -19.078  -22.489 0.3000000119
58008  35.661  -19.409  -23.084 0.3000000119
58029  35.418  -19.691  -23.749 0.3000000119
57087  34.771  -20.407  -24.893 0.4000000060
138576  34.401  -20.960  -25.329 0.4000000060
56179  34.038  -21.101  -25.877 0.4000000060
56165  33.707  -21.867  -25.879 0.4000000060
132908  32.843  -22.944  -26.142 0.5000000000
56180  33.453  -21.217  -26.430 0.4000000060
54129  32.640  -23.699  -25.807 0.6000000238
55196  32.974  -22.069  -26.430 0.4000000060
55198  31.638  -22.726  -26.727 0.6999999881
56182  32.107  -21.898  -27.072 0.4000000060
55215  31.118  -22.132  -27.262 0.6000000238
56203  31.428  -21.338  -27.648 0.5000000000
54151  29.804  -22.839  -27.288 0.6999999881
55216  30.238  -22.248  -27.535 0.6999999881
61055  38.538  -16.497  -21.005 0.3000000119
59068  36.360  -18.272  -22.232 0.3000000119
59069  35.809  -18.563  -23.133 0.3000000119
59090  35.572  -18.959  -23.883 0.3000000119
58045  35.232  -19.471  -24.603 0.4000000060
57088  34.390  -20.379  -25.734 0.3000000119
58067  34.326  -19.681  -26.275 0.3000000119
57102  33.877  -20.455  -26.376 0.3000000119
56181  32.762  -21.215  -26.968 0.4000000060
57103  33.232  -20.505  -26.937 0.3000000119
58068  33.695  -19.753  -26.906 0.3000000119
57104  32.645  -20.555  -27.403 0.3000000119
56202  32.130  -20.989  -27.551 0.3000000119
57125  32.197  -20.210  -28.014 0.4000000060
56218  30.933  -20.943  -28.114 0.5000000000
56204  30.648  -21.527  -27.837 0.5000000000
56205  29.896  -21.627  -28.139 0.5000000000
61062  36.902  -16.663  -21.627 0.3000000119
60024  36.371  -17.421  -22.585 0.3000000119
60046  36.025  -17.751  -23.222 0.3000000119
59089  35.753  -18.144  -23.983 0.3000000119
59102  35.529  -18.547  -24.675 0.3000000119
58066  34.787  -18.890  -26.087 0.3000000119
58092  34.206  -18.883  -26.888 0.3000000119
58093  33.541  -19.164  -27.417 0.3000000119
57126  31.525  -20.609  -28.141 0.4000000060
56219  30.314  -21.019  -28.467 0.5000000000
57136  30.825  -20.438  -28.684 0.5000000000
56220  29.567  -21.101  -28.708 0.5000000000
133410  36.686  -16.064  -21.971 0.3000000119
61071  36.302  -16.887  -23.323 0.3000000119
60055  36.021  -17.391  -24.140 0.3000000119
137870  35.534  -18.174  -25.300 0.3000000119
59128  34.801  -18.165  -26.552 0.3000000119
58104  32.367  -19.369  -28.442 0.4000000060
57135  31.497  -19.776  -28.771 0.4000000060
57137  30.005  -20.448  -29.161 0.4000000060
57146  30.015  -19.767  -29.574 0.4000000060
57147  29.371  -19.967  -29.586 0.4000000060
62890  38.034  -15.277  -21.034 0.3000000119
134384  37.084  -16.058  -21.490 0.3000000119
61092  36.278  -16.693  -24.362 0.3000000119
60067  36.122  -17.165  -25.023 0.3000000119
60068  35.737  -17.563  -25.676 0.3000000119
59110  35.265  -18.197  -25.897 0.3000000119
59138  34.388  -17.997  -27.255 0.3000000119
58103  33.099  -18.914  -28.076 0.3000000119
59149  33.412  -18.158  -28.501 0.3000000119
58105  30.637  -19.809  -29.294 0.3000000119
62909  36.933  -14.792  -21.805 0.3000000119
132512  36.474  -16.080  -22.785 0.3000000119
62018  36.474  -15.304  -23.145 0.3000000119
132931  36.392  -15.960  -24.678 0.3000000119
61103  36.299  -16.557  -25.113 0.3000000119
61114  36.096  -16.777  -25.848 0.3000000119
61115  35.697  -17.146  -26.334 0.3000000119
60085  35.322  -17.612  -26.396 0.3000000119
61134  35.835  -16.629  -26.692 0.3000000119
59148  34.118  -17.765  -28.086 0.3000000119
62915  36.608  -14.591  -22.530 0.3000000119
129971  36.378  -16.044  -23.739 0.3000000119
62928  36.439  -14.462  -23.452 0.3000000119
62034  36.391  -15.208  -24.087 0.3000000119
62044  36.352  -15.992  -25.557 0.3000000119
60092  35.346  -17.085  -27.049 0.3000000119
59137  34.758  -17.386  -27.622 0.3000000119
63908  36.556  -13.647  -22.795 0.3000000119
63915  36.421  -13.638  -23.776 0.3000000119
124351  36.379  -15.059  -25.112 0.3000000119
62947  36.393  -14.343  -24.371 0.4000000060
62065  36.177  -16.079  -26.379 0.3000000119
62066  35.962  -16.084  -27.049 0.3000000119
138977  36.372  -14.167  -25.113 0.4000000060
63929  36.404  -13.517  -24.660 0.4000000060
62961  36.335  -14.389  -25.836 0.4000000060
64888  36.421  -12.628  -25.068 0.4000000060
47395  36.672  -30.708  -30.645 1.0000000000
45304  36.531  -32.287  -29.496 0.8999999762
51308  31.686  -26.170  -25.812 0.6999999881
136486  31.421  -23.464  -26.380 0.8000000119
132185  41.187  -39.836  -27.917 0.6000000238
122358  41.764  -37.865  -29.301 0.6000000238
141802  39.620  -42.608  -24.862 0.5000000000
35617  39.514  -42.228  -24.222 0.5000000000
40655  39.985  -37.436  -26.496 0.6000000238
130645  39.885  -36.148  -26.194 0.5000000000
39591  39.239  -38.488  -23.154 0.4000000060
41578  39.315  -36.810  -24.280 0.5000000000
132298  39.284  -39.364  -23.016 0.4000000060
121636  39.386  -35.840  -22.944 0.5000000000
44377  43.424  -33.333  -32.657 0.8000000119
38507  39.390  -39.993  -22.501 0.4000000060
44291  40.170  -33.585  -24.003 0.4000000060
44385  39.609  -33.269  -32.084 0.8000000119
45275  35.661  -32.581  -27.605 0.8000000119
45289  42.852  -32.587  -28.790 0.6000000238
45248  41.574  -32.297  -25.535 0.4000000060
45220  41.338  -32.744  -23.812 0.4000000060
45316  36.645  -32.281  -30.615 1.0000000000
122018  42.889  -31.554  -25.873 0.5000000000
45262  42.231  -32.211  -27.049 0.5000000000
46325  36.803  -31.499  -30.972 1.0000000000
51378  38.132  -26.614  -31.775 1.0000000000
49403  38.484  -28.101  -31.207 1.0000000000
50429  38.229  -27.759  -31.928 1.0000000000
121683  38.610  -25.617  -28.156 0.8000000119
53227  38.024  -23.872  -28.991 1.0000000000
52300  36.192  -24.224  -30.516 1.0000000000
53217  38.172  -23.815  -28.236 1.0000000000
53155  47.319  -24.859  -24.674 0.4000000060
47384  31.032  -30.574  -29.660 1.0000000000
48433  30.816  -28.720  -29.776 1.0000000000
54110  46.099  -23.877  -24.825 0.4000000060
52236  47.468  -25.574  -24.713 0.4000000060
130775  46.468  -24.632  -24.540 0.5000000000
137615  43.810  -22.735  -22.413 0.4000000060
133493  32.699  -26.620  -28.442 1.0000000000
52220  43.683  -25.579  -23.142 0.5000000000
53158  39.106  -24.077  -24.282 0.5000000000
52254  37.569  -24.835  -24.710 0.5000000000
53126  37.173  -24.295  -22.594 0.5000000000
53181  31.977  -25.184  -25.628 0.6999999881
55197  32.368  -22.577  -26.549 0.6000000238
58048  35.216  -18.810  -25.357 0.3000000119
39705  42.404  -38.502  -34.315 0.5000000000
39706  41.203  -38.589  -34.294 0.5000000000
40718  39.738  -37.940  -33.684 0.5000000000
37675  42.959  -40.023  -34.170 0.5000000000
38621  41.533  -39.225  -34.327 0.5000000000
128613  44.368  -39.665  -33.780 0.5000000000
38619  43.517  -39.284  -34.354 0.5000000000
38620  42.634  -39.231  -34.301 0.5000000000
134429  44.523  -39.897  -33.186 0.5000000000
37647  43.835  -40.420  -31.669 0.4000000060
38604  44.199  -39.686  -32.417 0.5000000000
37648  43.243  -40.318  -30.702 0.4000000060
38595  43.529  -39.467  -31.345 0.5000000000
37625  42.281  -40.789  -29.302 0.5000000000
38596  42.979  -39.664  -30.455 0.5000000000
44363  32.090  -33.380  -29.673 0.6999999881
44374  31.363  -33.815  -29.855 0.6999999881
131220  32.757  -33.065  -29.165 0.8000000119
121950  34.000  -33.006  -27.841 0.8000000119
44350  33.346  -33.343  -28.556 0.8000000119
45292  34.325  -32.156  -27.775 0.8999999762
135503  30.674  -33.130  -29.562 0.6999999881
45293  33.443  -32.393  -28.466 0.8999999762
45305  32.792  -32.263  -29.107 0.8999999762
46300  33.927  -31.441  -28.170 0.8999999762
141752  30.821  -32.627  -29.518 0.6000000238
45317  31.422  -32.831  -29.579 0.8000000119
46312  33.182  -31.578  -28.922 0.8999999762
129672  33.628  -30.728  -28.678 0.8999999762
47364  34.110  -29.948  -28.576 0.8999999762
48412  34.701  -29.403  -28.674 0.8999999762
49382  46.794  -28.091  -30.859 0.5000000000
48442  46.279  -28.956  -31.001 0.5000000000
47375  45.785  -29.733  -30.618 0.6000000238
47388  45.402  -29.403  -31.243 0.5000000000
135587  45.330  -30.323  -30.025 0.6000000238
45307  30.171  -32.384  -29.466 0.6000000238
124044  31.008  -32.135  -29.528 0.8999999762
46313  32.347  -31.727  -29.356 0.8999999762
128397  31.703  -32.142  -29.474 0.8999999762
47382  32.778  -30.870  -29.371 0.8999999762
47365  33.353  -29.991  -29.153 0.8999999762
48413  33.915  -29.070  -29.112 0.8999999762
50392  45.968  -27.697  -29.849 0.5000000000
50410  46.483  -27.859  -30.647 0.5000000000
49383  45.854  -28.089  -30.675 0.5000000000
49384  45.198  -28.370  -30.633 0.5000000000
50409  46.909  -27.851  -30.576 0.5000000000
49400  46.399  -28.303  -31.012 0.5000000000
141587  30.391  -31.381  -29.462 0.6999999881
46314  31.517  -31.415  -29.559 0.8999999762
47383  31.961  -30.654  -29.663 0.8999999762
127868  32.549  -29.982  -29.643 0.8999999762
48431  33.066  -29.327  -29.595 0.8999999762
123045  46.291  -27.433  -28.869 0.5000000000
50391  46.697  -27.573  -29.969 0.5000000000
122031  47.333  -27.735  -30.062 0.5000000000
48432  32.339  -29.039  -29.836 0.8999999762
125888  47.126  -27.398  -29.114 0.5000000000
50373  46.819  -27.260  -27.890 0.4000000060
47366  28.205  -30.289  -29.099 0.6000000238
135630  27.648  -29.895  -28.636 0.6000000238
48436  28.712  -29.573  -28.970 0.8000000119
48414  28.112  -29.409  -28.705 0.6999999881
48415  27.391  -29.217  -28.263 0.6999999881
49374  26.700  -28.638  -27.854 0.6999999881
49361  25.959  -28.068  -27.633 0.6999999881
123966  28.626  -28.665  -28.825 0.8000000119
48435  29.294  -29.181  -29.124 0.8000000119
137454  27.957  -28.705  -28.505 0.6999999881
49373  27.432  -28.267  -28.235 0.6999999881
50398  26.786  -27.723  -27.972 0.6999999881
50397  27.500  -27.448  -28.226 0.6999999881
51359  26.822  -26.896  -28.046 0.6999999881
49395  28.719  -27.726  -28.983 0.8000000119
135663  28.452  -27.496  -28.672 0.8000000119
50417  29.182  -27.216  -29.637 0.8000000119
51357  28.378  -26.811  -28.170 0.8000000119
51358  27.632  -26.707  -28.039 0.6999999881
51337  28.274  -26.347  -27.596 0.8000000119
52280  26.980  -25.371  -27.376 0.6000000238
51356  29.039  -26.862  -28.537 0.8000000119
52279  27.854  -25.236  -26.892 0.6000000238
53207  27.178  -24.526  -27.059 0.6000000238
137902  28.269  -25.878  -27.112 0.8000000119
53193  28.520  -24.819  -26.555 0.6000000238
53206  27.972  -24.286  -26.716 0.6000000238
51336  28.936  -26.639  -27.663 0.8000000119
143302  27.477  -23.766  -27.082 0.6000000238
52267  28.709  -25.538  -26.703 0.6999999881
54142  28.920  -23.983  -26.591 0.6000000238
54152  29.065  -23.044  -27.178 0.6999999881
55218  28.399  -22.575  -27.659 0.6000000238
127414  28.195  -23.395  -27.064 0.6000000238
55217  29.328  -22.240  -27.774 0.6000000238
53192  29.287  -24.960  -26.411 0.6999999881
125281  29.939  -24.155  -26.473 0.6999999881
130946  42.603  -41.666  -29.639 0.4000000060
36635  42.944  -40.981  -30.120 0.5000000000
38612  44.501  -39.111  -33.304 0.5000000000
38614  44.311  -38.868  -34.023 0.5000000000
142960  34.738  -30.079  -28.378 0.8999999762
50372  47.663  -27.263  -28.134 0.3000000119
37674  43.837  -39.721  -34.287 0.5000000000
45306  32.206  -32.566  -29.415 0.8000000119
49372  28.129  -27.921  -28.551 0.8000000119
50418  28.780  -27.171  -28.786 0.8000000119
51338  26.866  -26.170  -27.857 0.6999999881
128105  27.623  -25.983  -27.485 0.6999999881
46259  43.715  -31.233  -25.401 0.4000000060
47325  45.990  -30.898  -25.806 0.4000000060
47333  44.981  -30.620  -26.642 0.4000000060
47326  45.211  -30.802  -25.768 0.4000000060
47344  45.547  -30.337  -27.256 0.5000000000
46273  46.744  -30.927  -26.236 0.4000000060
47357  45.510  -30.294  -28.228 0.5000000000
123063  45.691  -30.122  -29.389 0.5000000000
48377  46.215  -30.175  -27.142 0.5000000000
47331  46.491  -30.505  -26.585 0.4000000060
47332  45.776  -30.513  -26.454 0.4000000060
46272  47.465  -31.104  -26.591 0.4000000060
48424  46.349  -29.615  -30.017 0.5000000000
48390  45.985  -30.091  -27.779 0.5000000000
47343  47.668  -30.042  -27.643 0.4000000060
46284  48.001  -30.604  -27.238 0.4000000060
46309  50.540  -31.169  -30.056 0.4000000060
46283  48.785  -30.962  -27.981 0.4000000060
45286  49.897  -32.117  -29.726 0.4000000060
46295  49.188  -31.705  -28.619 0.4000000060
48405  46.155  -29.933  -28.691 0.5000000000
48389  46.564  -29.929  -27.986 0.4000000060
48385  54.997  -28.924  -27.664 0.3000000119
48376  46.908  -30.110  -27.333 0.4000000060
48386  54.499  -29.403  -28.003 0.3000000119
47342  48.479  -30.057  -28.020 0.4000000060
47353  53.941  -30.156  -28.287 0.3000000119
47354  53.515  -30.522  -29.537 0.3000000119
47370  53.235  -30.757  -30.569 0.3000000119
46308  51.507  -31.326  -30.976 0.3000000119
46294  49.629  -31.017  -28.991 0.4000000060
47371  52.735  -31.551  -30.940 0.3000000119
46307  52.292  -31.411  -31.172 0.3000000119
48423  46.890  -29.109  -30.460 0.4000000060
48404  46.832  -29.561  -29.168 0.4000000060
48387  48.060  -29.509  -28.656 0.4000000060
48388  47.287  -29.694  -28.325 0.4000000060
49367  54.712  -28.692  -28.575 0.3000000119
49376  54.185  -28.962  -30.102 0.3000000119
48401  54.191  -29.393  -28.937 0.3000000119
48419  54.082  -29.499  -30.049 0.3000000119
48438  52.620  -29.744  -30.608 0.3000000119
48420  51.118  -29.782  -30.589 0.4000000060
47373  50.941  -30.362  -30.452 0.4000000060
47355  49.214  -30.186  -28.711 0.4000000060
132173  53.630  -30.078  -30.292 0.3000000119
47387  53.105  -30.322  -30.633 0.3000000119
47372  51.731  -30.522  -30.867 0.3000000119
49377  51.232  -28.687  -30.242 0.3000000119
49378  50.441  -28.804  -30.292 0.3000000119
124862  50.219  -29.083  -30.341 0.4000000060
49379  49.718  -28.895  -30.024 0.4000000060
139218  48.310  -28.952  -29.738 0.4000000060
48403  47.524  -29.193  -29.617 0.4000000060
50419  53.160  -28.321  -30.080 0.3000000119
50420  52.186  -28.526  -30.072 0.3000000119
48421  50.487  -29.416  -30.351 0.4000000060
119860  49.606  -29.134  -29.940 0.4000000060
49398  52.848  -29.009  -30.400 0.3000000119
48440  50.874  -29.188  -30.539 0.3000000119
48402  49.260  -29.418  -29.463 0.4000000060
47356  48.730  -29.556  -28.890 0.4000000060
48437  53.531  -29.559  -30.354 0.3000000119
48439  51.735  -29.806  -30.642 0.3000000119
47374  50.038  -30.108  -29.631 0.4000000060
50408  48.122  -28.078  -29.868 0.4000000060
49381  47.189  -28.173  -30.506 0.4000000060
48441  46.850  -28.482  -30.889 0.4000000060
50407  49.168  -28.407  -29.656 0.3000000119
122418  47.743  -28.516  -30.077 0.4000000060
50406  50.067  -28.460  -29.808 0.4000000060
49380  48.662  -28.772  -29.692 0.4000000060
48422  47.374  -28.681  -30.400 0.4000000060
51339  25.977  -26.260  -27.881 0.6000000238
53208  26.244  -24.649  -27.436 0.5000000000
54153  26.769  -23.752  -27.389 0.5000000000
55219  27.434  -22.972  -27.605 0.5000000000
55233  27.766  -22.148  -28.202 0.5000000000
55232  28.601  -21.861  -28.248 0.4000000060
61154  34.931  -16.539  -28.859 0.3000000119
61165  34.682  -16.087  -29.761 0.3000000119
61166  33.929  -16.434  -30.224 0.3000000119
62084  36.114  -15.441  -26.892 0.3000000119
131950  35.801  -15.632  -27.711 0.3000000119
61153  35.414  -16.187  -28.300 0.3000000119
62096  35.514  -15.491  -28.632 0.3000000119
62110  34.606  -15.274  -30.192 0.3000000119
61174  34.061  -15.684  -30.504 0.3000000119
62118  34.051  -15.044  -30.697 0.3000000119
62971  36.187  -14.618  -26.630 0.3000000119
62980  35.985  -14.787  -27.373 0.3000000119
62981  35.742  -14.800  -28.163 0.3000000119
62991  35.480  -14.732  -29.012 0.3000000119
62109  35.156  -15.410  -29.447 0.3000000119
63994  35.346  -13.917  -29.356 0.3000000119
63005  34.409  -14.500  -30.481 0.3000000119
64005  34.106  -13.565  -30.781 0.3000000119
64006  33.325  -13.573  -31.101 0.3000000119
63946  36.365  -13.528  -25.539 0.3000000119
64907  35.988  -13.425  -27.191 0.3000000119
63967  35.843  -14.064  -27.696 0.3000000119
64908  35.702  -13.237  -27.916 0.3000000119
63979  35.618  -13.991  -28.491 0.3000000119
64924  35.455  -13.126  -28.793 0.3000000119
132493  35.113  -13.095  -29.682 0.3000000119
63995  34.867  -13.828  -30.133 0.3000000119
64954  33.669  -12.770  -31.280 0.3000000119
64898  36.308  -12.815  -26.022 0.3000000119
65864  36.196  -12.088  -26.534 0.3000000119
65874  35.927  -12.589  -27.299 0.3000000119
65875  35.615  -12.234  -28.157 0.3000000119
64943  35.236  -12.274  -29.176 0.3000000119
132255  34.621  -13.085  -30.326 0.3000000119
64944  34.781  -12.277  -30.162 0.3000000119
128229  36.367  -12.112  -25.738 0.3000000119
65865  36.138  -11.159  -26.644 0.3000000119
127379  35.918  -11.696  -27.329 0.3000000119
122633  35.720  -11.340  -27.980 0.3000000119
65909  35.125  -11.493  -29.670 0.3000000119
143537  36.220  -10.747  -26.030 0.3000000119
66863  35.889  -10.830  -27.401 0.3000000119
67856  35.780  -10.000  -27.513 0.3000000119
66876  35.645  -10.569  -28.318 0.3000000119
66854  35.985  -10.263  -26.607 0.3000000119
67843  35.845  -9.614  -26.067 0.3000000119
125328  48.060  -31.488  -27.230 0.4000000060
46258  44.573  -31.089  -25.126 0.4000000060
133862  45.282  -31.177  -25.125 0.4000000060
131695  46.891  -31.646  -26.107 0.4000000060
45300  50.983  -32.191  -31.028 0.4000000060
45270  48.590  -32.042  -27.991 0.4000000060
47341  54.952  -30.056  -27.604 0.3000000119
46282  54.303  -30.991  -27.978 0.3000000119
46292  53.551  -31.115  -28.585 0.3000000119
46306  52.675  -31.975  -29.947 0.3000000119
45313  52.207  -32.186  -31.377 0.3000000119
47340  55.760  -29.314  -27.581 0.3000000119
49375  54.738  -28.428  -29.888 0.3000000119
50401  54.927  -27.765  -30.042 0.3000000119
50390  47.901  -27.645  -29.232 0.4000000060
50389  48.785  -27.840  -29.234 0.4000000060
50405  50.899  -28.353  -29.842 0.3000000119
50399  26.057  -27.152  -27.897 0.6000000238
65849  36.405  -11.675  -25.115 0.3000000119
66837  36.284  -10.812  -25.227 0.3000000119
66838  36.059  -10.156  -25.693 0.3000000119
67826  35.815  -9.470  -25.284 0.3000000119
49354  55.323  -28.005  -27.944 0.3000000119
46274  44.373  -30.892  -25.989 0.4000000060
48418  54.462  -28.981  -29.737 0.3000000119
63956  36.220  -13.679  -26.445 0.3000000119
65888  35.458  -11.430  -28.756 0.3000000119
68732  35.673  -8.719  -24.793 0.3000000119
46237  43.895  -31.459  -24.401 0.3000000119
125492  44.733  -31.370  -24.602 0.3000000119
40679  37.054  -37.133  -27.814 0.6000000238
41609  36.351  -37.029  -27.226 0.6999999881
40670  35.954  -38.031  -26.988 0.6999999881
46257  45.862  -31.506  -25.194 0.3000000119
135665  39.506  -38.462  -21.754 0.3000000119
40586  39.520  -37.603  -21.786 0.3000000119
42485  33.733  -35.822  -28.337 0.6999999881
45219  42.892  -32.408  -23.622 0.3000000119
41621  34.201  -36.592  -27.803 0.6999999881
41611  34.888  -36.542  -27.206 0.6999999881
45217  44.184  -32.330  -23.799 0.3000000119
46235  45.250  -31.660  -24.607 0.3000000119
41610  35.669  -36.549  -27.031 0.6999999881
45247  45.686  -32.423  -24.863 0.3000000119
44317  47.231  -33.323  -27.008 0.3000000119
44299  46.126  -33.143  -25.624 0.3000000119
45246  46.383  -32.057  -25.496 0.3000000119
44329  47.785  -33.551  -27.813 0.3000000119
45271  47.909  -32.584  -27.474 0.3000000119
130301  46.770  -32.659  -26.206 0.3000000119
42408  39.712  -35.865  -22.126 0.3000000119
44270  41.071  -33.777  -22.683 0.4000000060
43439  33.472  -34.847  -28.608 0.6999999881
45218  43.668  -32.481  -23.653 0.3000000119
123453  42.094  -32.900  -23.376 0.3000000119
43438  34.196  -34.941  -27.731 0.6999999881
42474  34.541  -35.793  -27.477 0.6999999881
44288  45.039  -33.140  -24.447 0.3000000119
44300  45.418  -33.718  -25.138 0.3000000119
44318  46.461  -33.809  -26.409 0.3000000119
45261  47.451  -32.086  -26.677 0.3000000119
43434  47.769  -34.401  -28.145 0.3000000119
43363  40.445  -34.392  -22.524 0.4000000060
43453  32.847  -34.763  -29.451 0.6999999881
43377  42.579  -34.257  -22.875 0.3000000119
44279  43.052  -33.429  -23.278 0.3000000119
44289  44.371  -33.663  -24.060 0.3000000119
44278  43.993  -33.063  -23.609 0.3000000119
43392  45.751  -34.347  -25.886 0.3000000119
42473  35.093  -35.037  -27.199 0.6999999881
45287  49.055  -32.626  -28.893 0.3000000119
44344  48.759  -33.615  -29.142 0.3000000119
44328  48.372  -33.046  -28.269 0.3000000119
43375  43.727  -34.154  -23.603 0.3000000119
44349  33.845  -33.975  -27.945 0.6999999881
42444  44.428  -35.420  -24.904 0.3000000119
43382  44.701  -34.299  -24.725 0.3000000119
43425  34.787  -34.191  -27.380 0.6999999881
44343  49.490  -33.306  -30.036 0.3000000119
43383  44.091  -34.830  -24.261 0.3000000119
44334  34.565  -33.472  -27.526 0.6999999881
50370  49.345  -27.537  -28.308 0.3000000119
125807  37.720  -38.035  -29.386 0.5000000000
39647  37.158  -38.400  -27.842 0.6000000238
39648  36.533  -38.642  -27.340 0.6000000238
40678  37.387  -37.724  -28.394 0.6000000238
134480  33.301  -36.263  -29.171 0.6999999881
42499  33.117  -35.561  -29.309 0.6999999881
42387  40.323  -36.001  -21.589 0.3000000119
42500  32.540  -35.460  -30.044 0.6999999881
42407  40.255  -35.268  -22.073 0.4000000060
43361  42.130  -34.582  -22.468 0.4000000060
44269  41.959  -33.740  -22.795 0.4000000060
44362  32.565  -33.948  -29.525 0.6999999881
43376  43.113  -34.688  -23.264 0.3000000119
42436  43.632  -35.259  -23.755 0.3000000119
42423  43.908  -35.905  -23.746 0.3000000119
46236  44.569  -31.855  -24.128 0.3000000119
142402  32.945  -33.601  -29.063 0.6999999881
40669  36.803  -37.818  -27.516 0.6000000238
42435  44.062  -35.749  -24.325 0.3000000119
43360  42.731  -35.006  -22.781 0.3000000119
37677  40.947  -39.846  -34.232 0.5000000000
39696  38.413  -38.554  -32.395 0.5000000000
38613  38.595  -39.455  -32.536 0.5000000000
39701  40.149  -38.656  -34.078 0.4000000060
35692  35.599  -42.450  -30.711 0.4000000060
34771  35.040  -42.715  -32.415 0.5000000000
39703  38.748  -38.878  -33.007 0.4000000060
39702  39.294  -38.739  -33.583 0.5000000000
39689  38.349  -38.963  -31.745 0.5000000000
129975  33.753  -43.593  -32.882 0.4000000060
33822  32.810  -44.355  -32.736 0.4000000060
35702  35.191  -42.408  -31.683 0.5000000000
39679  37.963  -38.317  -30.212 0.4000000060
135660  32.125  -44.862  -32.520 0.4000000060
34780  33.361  -42.846  -32.465 0.4000000060
36656  34.811  -41.954  -31.167 0.5000000000
35703  34.405  -42.217  -31.931 0.4000000060
35683  35.558  -42.170  -29.711 0.5000000000
37618  35.444  -40.550  -27.792 0.4000000060
39658  37.581  -38.714  -28.587 0.5000000000
37616  36.966  -40.009  -27.639 0.4000000060
37617  36.168  -40.336  -27.503 0.4000000060
38570  37.110  -39.148  -27.734 0.4000000060
32931  31.371  -44.984  -32.369 0.4000000060
33814  29.144  -44.551  -31.461 0.4000000060
130044  33.165  -42.261  -32.229 0.4000000060
132139  29.637  -42.926  -31.386 0.4000000060
36657  34.144  -41.723  -31.384 0.5000000000
35712  33.750  -42.363  -32.222 0.4000000060
35706  29.932  -42.192  -31.315 0.4000000060
36647  34.332  -41.428  -30.732 0.5000000000
131896  29.948  -40.877  -30.851 0.4000000060
36662  29.509  -41.546  -31.009 0.4000000060
36639  34.530  -41.164  -29.863 0.5000000000
37629  34.750  -40.905  -28.943 0.5000000000
139799  30.284  -40.346  -30.809 0.4000000060
38600  29.316  -39.587  -30.579 0.4000000060
36638  35.178  -41.601  -29.307 0.5000000000
138253  34.949  -40.609  -28.229 0.6000000238
38572  35.455  -39.813  -27.419 0.6000000238
38571  36.329  -39.495  -27.366 0.5000000000
34773  28.972  -43.526  -31.247 0.4000000060
33823  31.942  -44.142  -32.330 0.4000000060
34772  29.744  -43.653  -31.763 0.4000000060
135963  33.530  -41.786  -31.830 0.5000000000
36668  32.592  -41.785  -32.037 0.4000000060
35705  30.412  -42.793  -31.846 0.4000000060
37658  33.695  -41.164  -31.212 0.5000000000
36660  31.187  -41.374  -31.668 0.4000000060
36661  30.327  -41.467  -31.203 0.4000000060
37630  34.434  -40.209  -28.569 0.5000000000
39694  29.729  -38.970  -30.747 0.4000000060
38573  34.837  -39.221  -27.478 0.6000000238
35713  32.530  -42.716  -32.154 0.4000000060
34782  30.547  -43.610  -32.157 0.4000000060
35715  31.026  -42.962  -32.260 0.4000000060
36659  31.813  -41.717  -31.976 0.4000000060
37650  33.899  -40.748  -30.420 0.5000000000
37661  31.498  -40.541  -31.235 0.4000000060
131729  30.906  -40.100  -30.916 0.4000000060
37640  34.136  -40.444  -29.499 0.5000000000
38610  31.091  -39.316  -30.907 0.4000000060
39650  35.058  -38.317  -27.201 0.6000000238
39659  34.276  -38.478  -27.852 0.6000000238
38579  34.287  -39.442  -28.179 0.6000000238
33824  30.924  -44.338  -32.252 0.4000000060
34781  31.377  -43.538  -32.224 0.4000000060
36669  31.989  -42.275  -32.063 0.4000000060
35704  31.228  -42.229  -32.114 0.4000000060
37659  33.264  -40.404  -30.980 0.5000000000
36658  32.930  -41.035  -31.541 0.5000000000
126279  32.091  -41.067  -31.677 0.5000000000
37660  32.408  -40.122  -31.110 0.5000000000
38599  33.492  -39.882  -30.141 0.5000000000
38607  33.003  -39.712  -30.773 0.5000000000
38608  32.566  -39.241  -30.608 0.5000000000
132969  31.584  -39.865  -30.978 0.4000000060
38587  33.903  -39.649  -29.130 0.6000000238
39693  30.478  -38.714  -30.790 0.4000000060
40680  34.576  -37.767  -27.426 0.6000000238
135628  33.788  -38.108  -28.576 0.6000000238
135551  33.369  -39.025  -29.637 0.6000000238
38588  32.982  -39.143  -30.323 0.5000000000
38609  31.920  -39.241  -30.804 0.5000000000
39660  33.382  -38.233  -29.295 0.6000000238
39680  32.872  -38.384  -29.933 0.6000000238
139315  32.583  -38.598  -30.303 0.5000000000
40691  33.549  -37.506  -28.992 0.6000000238
40681  34.049  -37.485  -28.057 0.6000000238
42511  31.433  -35.460  -30.400 0.5000000000
42510  32.062  -35.439  -30.440 0.6000000238
41641  31.868  -36.243  -30.643 0.5000000000
126163  32.302  -36.002  -30.461 0.6000000238
120997  31.275  -37.010  -30.403 0.5000000000
40701  33.011  -37.609  -29.698 0.6000000238
39681  32.412  -37.702  -30.256 0.5000000000
39691  32.198  -38.503  -30.524 0.5000000000
39692  31.432  -38.435  -30.691 0.5000000000
40709  30.687  -37.784  -30.508 0.5000000000
43465  31.735  -34.698  -30.219 0.5000000000
43466  30.861  -34.681  -29.994 0.5000000000
131999  32.041  -34.101  -29.976 0.6000000238
43454  32.277  -34.734  -30.028 0.6000000238
40702  31.974  -37.162  -30.605 0.6000000238
40708  31.509  -37.659  -30.523 0.5000000000
41632  32.765  -36.263  -29.933 0.6000000238
123361  32.308  -36.694  -30.416 0.6000000238
38606  38.401  -39.231  -31.078 0.4000000060
39669  37.920  -38.702  -29.502 0.4000000060
132755  38.006  -37.877  -30.918 0.5000000000
39690  38.235  -38.596  -30.968 0.4000000060
41631  33.183  -36.898  -29.458 0.6000000238
38616  39.702  -39.442  -33.907 0.5000000000
36655  39.290  -40.883  -32.062 0.5000000000
37672  39.470  -40.152  -33.515 0.5000000000
38605  38.557  -39.691  -31.670 0.5000000000
36646  34.994  -41.801  -30.256 0.5000000000
132635  32.753  -43.496  -32.475 0.4000000060
141015  32.086  -43.368  -32.167 0.4000000060
35707  28.976  -42.514  -31.079 0.4000000060
37663  29.641  -40.276  -30.623 0.4000000060
35714  31.731  -42.866  -32.101 0.4000000060
33813  29.952  -44.483  -32.131 0.4000000060
41640  32.697  -37.016  -30.013 0.6000000238
37664  29.195  -40.902  -30.616 0.3000000119
37651  28.877  -40.271  -30.412 0.3000000119
36648  28.649  -41.672  -30.793 0.3000000119
37652  28.366  -40.978  -30.469 0.3000000119
36649  27.714  -41.840  -30.620 0.3000000119
34779  34.190  -42.754  -32.572 0.4000000060
35628  39.896  -42.404  -25.706 0.5000000000
35655  40.839  -42.452  -27.280 0.6000000238
36575  39.459  -41.394  -24.477 0.5000000000
36587  39.619  -41.168  -25.216 0.5000000000
37619  34.800  -40.040  -27.809 0.6000000238
37636  42.707  -40.166  -29.914 0.5000000000
37656  44.420  -40.501  -32.626 0.5000000000
37662  30.705  -40.799  -31.048 0.4000000060
37666  44.448  -40.545  -33.432 0.5000000000
37667  38.869  -40.218  -32.325 0.5000000000
37671  40.213  -40.076  -33.993 0.5000000000
37673  38.971  -40.052  -32.990 0.5000000000
37676  41.798  -39.917  -34.214 0.5000000000
38527  39.355  -39.238  -23.813 0.5000000000
38558  40.294  -39.078  -26.632 0.6999999881
38559  39.764  -39.176  -25.411 0.6000000238
38583  42.523  -39.288  -29.866 0.6000000238
38597  38.542  -39.823  -30.736 0.4000000060
38611  30.199  -39.623  -30.801 0.4000000060
38615  40.559  -39.326  -34.268 0.5000000000
38617  39.026  -39.499  -33.323 0.5000000000
38618  43.996  -38.993  -34.408 0.5000000000
39636  39.734  -37.769  -25.756 0.6000000238
39649  35.649  -38.945  -27.173 0.6999999881
39670  33.794  -38.833  -28.757 0.6000000238
39682  31.960  -37.880  -30.541 0.5000000000
40612  39.274  -37.593  -23.740 0.4000000060
40671  35.263  -37.345  -27.040 0.6999999881
40707  37.940  -37.411  -31.535 0.6000000238
41543  39.424  -36.675  -22.379 0.4000000060
41599  40.110  -36.771  -26.737 0.6000000238
41622  33.685  -36.761  -28.651 0.6999999881
42425  39.463  -35.065  -23.548 0.5000000000
42445  39.680  -35.506  -25.493 0.4000000060
42471  40.946  -35.288  -27.952 0.5000000000
42509  37.309  -35.369  -30.600 0.8999999762
43362  41.370  -34.366  -22.368 0.4000000060
43364  39.731  -35.051  -22.686 0.4000000060
43393  44.982  -34.941  -25.445 0.3000000119
43394  40.178  -34.152  -25.680 0.4000000060
43476  37.794  -34.051  -31.899 0.8999999762
44280  41.253  -33.254  -23.187 0.4000000060
44281  40.499  -33.654  -23.167 0.4000000060
44290  40.451  -33.343  -24.735 0.4000000060
44331  40.918  -34.001  -27.098 0.4000000060
44345  48.215  -33.845  -28.463 0.3000000119
44361  36.871  -33.702  -29.134 0.8000000119
45231  45.084  -32.275  -24.327 0.3000000119
45232  44.576  -32.665  -24.004 0.3000000119
45235  40.774  -32.972  -24.300 0.4000000060
45276  34.838  -32.784  -27.547 0.8999999762
46223  44.011  -31.902  -23.829 0.3000000119
46224  43.499  -31.946  -23.863 0.3000000119
46256  46.394  -31.342  -25.718 0.4000000060
46276  42.787  -31.692  -26.746 0.5000000000
46305  53.127  -31.264  -29.842 0.3000000119
46319  51.857  -32.317  -31.495 0.3000000119
46333  37.965  -31.357  -31.615 1.0000000000
47330  47.235  -30.483  -26.841 0.4000000060
48394  40.489  -29.575  -27.028 0.6999999881
49306  40.822  -28.200  -23.763 0.6999999881
49366  55.111  -27.875  -29.409 0.3000000119
49396  54.195  -28.227  -30.009 0.3000000119
49397  53.647  -28.849  -30.257 0.3000000119
49399  51.844  -29.142  -30.421 0.3000000119
49406  38.180  -28.685  -31.994 1.0000000000
49409  37.979  -28.133  -32.275 1.0000000000
50312  43.025  -27.930  -23.467 0.6000000238
50313  42.295  -27.856  -23.354 0.6000000238
50333  40.058  -27.665  -24.006 0.6000000238
50334  39.467  -26.749  -24.526 0.6999999881
50361  31.863  -27.393  -26.991 0.8999999762
50396  28.143  -27.253  -28.350 0.8000000119
51299  46.783  -26.874  -25.166 0.5000000000
51303  36.631  -26.323  -25.658 0.6000000238
51375  33.077  -25.173  -31.118 1.0000000000
51377  31.269  -25.388  -31.200 1.0000000000
52219  44.344  -26.050  -23.582 0.5000000000
52242  35.811  -26.052  -24.205 0.6999999881
52256  34.477  -26.386  -24.949 0.6999999881
52264  37.911  -23.802  -26.574 0.6999999881
52304  31.753  -25.022  -31.069 1.0000000000
52306  37.302  -24.735  -31.067 1.0000000000
53123  42.230  -24.983  -22.003 0.5000000000
53127  36.276  -24.324  -22.573 0.5000000000
53140  37.673  -24.367  -23.311 0.5000000000
53175  47.968  -24.298  -24.974 0.4000000060
53189  38.127  -23.816  -26.661 0.8999999762
53229  36.827  -23.913  -30.021 1.0000000000
53230  38.029  -24.272  -29.805 1.0000000000
53232  36.788  -24.163  -30.736 1.0000000000
54081  37.576  -23.759  -22.195 0.4000000060
54139  38.152  -23.590  -27.149 0.8999999762
54140  32.143  -23.247  -26.264 0.6999999881
55122  40.584  -22.303  -21.518 0.3000000119
55136  43.766  -22.016  -22.174 0.5000000000
55150  44.187  -22.279  -22.921 0.4000000060
55165  34.814  -21.631  -24.049 0.4000000060
55176  44.801  -22.569  -25.293 0.3000000119
55193  46.575  -22.803  -26.069 0.3000000119
55194  45.210  -22.627  -26.247 0.3000000119
55231  29.246  -21.604  -28.345 0.4000000060
56096  39.172  -20.772  -20.707 0.3000000119
56115  42.145  -21.627  -21.378 0.4000000060
56120  37.336  -21.939  -20.941 0.4000000060
56132  35.882  -21.613  -21.926 0.3000000119
56200  44.330  -21.778  -27.344 0.3000000119
57048  37.031  -21.004  -20.910 0.4000000060
57059  43.104  -20.672  -21.784 0.3000000119
57074  35.170  -20.315  -24.041 0.3000000119
57124  32.933  -19.771  -27.565 0.3000000119
57976  38.232  -19.393  -20.395 0.3000000119
57978  36.919  -19.343  -21.022 0.3000000119
58049  34.812  -19.612  -25.512 0.3000000119
59053  36.762  -18.706  -21.438 0.3000000119
59139  33.774  -18.465  -27.687 0.3000000119
60056  35.809  -17.821  -24.824 0.3000000119
61063  36.534  -16.758  -22.329 0.3000000119
61164  35.217  -15.990  -29.042 0.3000000119
61989  37.545  -15.673  -21.234 0.3000000119
61990  36.977  -15.492  -21.645 0.3000000119
61997  36.644  -15.381  -22.279 0.3000000119
62907  38.182  -14.729  -21.069 0.3000000119
63004  35.060  -14.640  -29.823 0.3000000119
63013  33.679  -14.373  -30.841 0.3000000119
63966  36.052  -14.112  -27.074 0.3000000119
64868  36.416  -12.835  -24.065 0.3000000119
68754  35.631  -8.779  -25.889 0.3000000119
119818  36.301  -15.280  -26.086 0.4000000060
119827  38.788  -21.920  -20.980 0.4000000060
120342  45.905  -22.614  -26.605 0.4000000060
120749  39.667  -41.954  -22.607 0.3000000119
122968  44.151  -25.224  -23.522 0.5000000000
125094  40.808  -41.079  -27.272 0.6999999881
125282  43.019  -39.036  -30.653 0.6000000238
126129  42.089  -32.287  -24.021 0.4000000060
126926  33.163  -34.071  -28.882 0.6999999881
127705  52.459  -30.499  -30.903 0.3000000119
128952  30.619  -42.001  -31.654 0.4000000060
130484  34.400  -30.671  -28.229 0.8999999762
130583  44.161  -39.470  -34.216 0.5000000000
130763  41.249  -24.687  -21.925 0.5000000000
131524  39.569  -39.183  -24.696 0.5000000000
132332  39.880  -43.933  -24.481 0.5000000000
133530  35.423  -35.846  -27.122 0.6999999881
133940  44.131  -38.733  -32.386 0.6000000238
135310  36.153  -12.909  -26.711 0.3000000119
136336  34.903  -17.601  -26.935 0.3000000119
136849  37.712  -37.278  -30.887 0.5000000000
137043  36.695  -17.407  -21.875 0.3000000119
137263  39.363  -39.071  -22.239 0.4000000060
137294  40.086  -36.714  -33.257 0.8000000119
138647  33.192  -26.549  -25.520 0.6999999881
139238  36.326  -11.415  -25.896 0.3000000119
139829  53.839  -29.862  -29.577 0.3000000119
140459  32.163  -31.188  -29.530 0.8999999762
140517  42.317  -31.821  -25.480 0.4000000060
140784  35.476  -41.256  -28.383 0.4000000060
141110  52.825  -30.933  -30.945 0.3000000119
141412  44.180  -40.171  -34.065 0.5000000000
142544  29.833  -29.688  -29.417 0.8999999762
143693  34.537  -37.148  -27.428 0.6000000238
