#!ascii label  , from subject sub-v1s0x0050642_ses-1 vox2ras=TkReg
1536
7426  30.032  -73.984  -33.939 0.5000000000
12587  27.962  -67.320  -23.369 0.6000000238
12572  27.263  -66.715  -22.830 0.6000000238
12589  25.263  -66.851  -23.196 0.6000000238
13434  26.225  -66.396  -22.980 0.6999999881
13435  24.857  -66.528  -23.093 0.6000000238
13417  27.817  -66.312  -22.075 0.6999999881
13419  26.153  -65.984  -22.692 0.6000000238
126028  28.588  -68.058  -33.612 0.5000000000
11889  31.553  -68.541  -35.836 0.6000000238
11874  30.987  -68.544  -35.080 0.6000000238
136965  28.960  -68.051  -34.260 0.5000000000
11104  32.528  -69.348  -37.446 0.5000000000
11888  32.241  -68.725  -36.408 0.4000000060
11890  30.674  -68.084  -36.129 0.5000000000
120881  30.266  -68.263  -35.160 0.6000000238
10940  25.123  -69.620  -26.769 0.5000000000
8155  33.177  -73.346  -36.686 0.4000000060
11752  25.566  -68.794  -26.368 0.5000000000
10941  24.598  -69.838  -26.203 0.5000000000
125270  25.972  -68.130  -25.984 0.6000000238
12618  28.257  -67.784  -25.150 0.6000000238
11702  29.511  -68.028  -23.506 0.6000000238
12585  29.967  -67.625  -22.700 0.6999999881
12606  27.166  -67.270  -24.157 0.6000000238
12586  29.010  -67.485  -22.923 0.6999999881
13433  31.161  -66.098  -23.040 0.6000000238
12570  29.448  -66.859  -22.216 0.6999999881
14279  30.871  -65.793  -23.616 0.6000000238
14249  30.194  -65.877  -22.328 0.6000000238
141561  29.337  -66.336  -21.891 0.6999999881
14280  29.969  -65.303  -23.751 0.6999999881
14272  24.718  -66.047  -23.249 0.6000000238
11842  28.501  -68.222  -32.305 0.5000000000
11859  29.519  -68.424  -33.671 0.6000000238
119027  28.974  -68.310  -32.874 0.5000000000
124294  33.100  -69.008  -35.882 0.6000000238
11078  32.217  -68.900  -35.417 0.6999999881
11858  30.424  -68.635  -34.225 0.6000000238
125986  32.910  -69.905  -37.523 0.4000000060
11763  28.271  -67.996  -27.368 0.5000000000
11765  26.515  -68.462  -27.582 0.5000000000
7442  31.572  -73.671  -35.060 0.5000000000
12642  27.609  -67.877  -27.126 0.5000000000
10926  30.026  -68.821  -25.740 0.6999999881
143125  27.807  -67.737  -26.259 0.6000000238
10913  31.158  -68.733  -24.690 0.6999999881
11734  29.596  -68.514  -25.126 0.6000000238
11749  28.358  -67.867  -26.004 0.6000000238
11720  29.959  -68.479  -24.207 0.6999999881
11721  29.016  -68.076  -24.474 0.6000000238
11701  30.390  -68.162  -23.366 0.6999999881
13432  31.375  -66.633  -23.000 0.6000000238
12583  31.418  -67.311  -23.102 0.6000000238
13449  31.646  -66.267  -23.689 0.6000000238
12568  31.042  -66.985  -22.601 0.6000000238
13473  30.849  -66.049  -25.639 0.6000000238
14286  30.199  -65.693  -25.367 0.6999999881
120910  26.569  -64.732  -22.154 0.6999999881
14282  25.173  -65.415  -23.662 0.5000000000
14250  29.555  -65.568  -22.034 0.6999999881
13407  28.261  -65.805  -21.673 0.6999999881
14252  26.082  -65.361  -22.757 0.6000000238
132448  31.266  -69.366  -32.196 0.5000000000
137823  30.120  -68.842  -32.101 0.5000000000
11823  29.201  -68.600  -31.270 0.5000000000
11050  31.813  -69.250  -33.658 0.6999999881
11035  30.688  -69.055  -32.618 0.6000000238
11077  34.064  -69.502  -35.657 0.5000000000
121485  33.393  -69.334  -34.818 0.6999999881
11049  32.707  -69.417  -33.962 0.6999999881
11066  32.057  -69.112  -34.510 0.6000000238
11051  31.020  -69.001  -33.471 0.6000000238
124391  34.631  -70.591  -37.284 0.4000000060
11102  34.111  -70.023  -36.969 0.4000000060
11090  33.637  -69.489  -36.571 0.5000000000
122660  28.758  -68.379  -27.990 0.5000000000
10938  29.819  -68.780  -26.454 0.5000000000
10952  30.089  -68.916  -27.133 0.5000000000
120600  28.611  -68.080  -26.652 0.5000000000
10924  31.161  -68.975  -25.486 0.6000000238
11748  29.209  -68.429  -26.061 0.5000000000
11733  31.818  -68.629  -24.896 0.6999999881
13457  33.435  -66.176  -25.192 0.6000000238
12617  33.032  -67.496  -24.728 0.6999999881
11718  31.546  -68.353  -24.141 0.6999999881
141126  33.184  -65.897  -25.765 0.6000000238
12602  33.095  -66.733  -24.555 0.6000000238
12604  31.846  -67.634  -23.728 0.6999999881
13499  31.626  -66.678  -27.905 0.6999999881
127217  32.607  -66.075  -25.374 0.6000000238
13448  32.420  -66.584  -24.128 0.6000000238
14327  30.185  -66.132  -28.353 0.6000000238
13500  30.776  -66.405  -27.679 0.6999999881
15110  29.584  -64.737  -28.586 0.6000000238
14328  29.727  -65.481  -27.994 0.6000000238
14312  30.106  -66.012  -27.377 0.6999999881
15839  26.145  -64.156  -23.931 0.6000000238
14298  30.124  -65.866  -26.389 0.6999999881
14242  27.881  -65.153  -21.520 0.6999999881
134782  25.833  -65.007  -23.418 0.6000000238
15867  29.789  -63.607  -28.310 0.6999999881
15098  29.414  -64.655  -27.565 0.6000000238
14299  29.609  -65.212  -26.032 0.8000000119
14287  29.699  -65.241  -24.938 0.6999999881
15069  29.290  -64.775  -23.369 0.6999999881
15053  29.182  -64.746  -22.284 0.6999999881
11022  30.726  -69.217  -31.682 0.6000000238
11048  33.650  -69.556  -33.915 0.6999999881
120371  33.166  -69.609  -33.065 0.6999999881
11034  31.492  -69.336  -32.855 0.6000000238
11064  34.762  -69.649  -34.979 0.5000000000
141319  34.089  -69.506  -34.659 0.6999999881
10323  35.380  -70.792  -37.203 0.4000000060
11089  34.464  -69.895  -36.516 0.5000000000
137935  29.997  -68.854  -28.496 0.5000000000
126194  28.537  -68.448  -29.283 0.5000000000
10964  30.401  -69.080  -27.917 0.5000000000
10936  32.252  -69.205  -26.613 0.6000000238
11746  34.244  -67.921  -26.246 0.6000000238
11747  32.830  -68.725  -26.006 0.6999999881
131419  30.570  -69.022  -26.282 0.6999999881
12615  34.526  -66.651  -25.506 0.6999999881
11731  33.523  -67.918  -25.503 0.6999999881
14311  34.186  -65.666  -26.629 0.6000000238
13456  34.276  -66.176  -25.598 0.6000000238
12616  33.843  -66.868  -25.060 0.6999999881
13519  32.006  -66.980  -29.584 0.6999999881
13498  32.557  -66.606  -28.164 0.6999999881
13481  33.530  -66.036  -27.500 0.6999999881
16668  26.303  -62.591  -23.070 0.6000000238
138403  30.337  -66.082  -30.286 0.6000000238
13520  31.176  -66.759  -29.453 0.6999999881
13482  32.502  -66.380  -27.201 0.6999999881
16751  30.781  -62.817  -30.805 0.6000000238
125572  30.446  -63.494  -30.407 0.6000000238
15128  30.196  -64.531  -30.402 0.6000000238
14350  29.979  -65.543  -29.915 0.6000000238
122176  30.895  -66.597  -28.619 0.6999999881
15835  26.295  -63.578  -23.041 0.6000000238
16732  30.645  -62.790  -29.962 0.6000000238
14338  29.834  -65.557  -28.968 0.6000000238
15838  28.703  -63.328  -23.667 0.6999999881
15820  28.385  -63.499  -21.775 0.6000000238
15045  27.671  -64.270  -21.458 0.6999999881
15055  26.524  -63.853  -22.231 0.6000000238
16750  31.284  -62.125  -30.403 0.5000000000
129870  30.664  -62.405  -29.299 0.6000000238
16718  30.392  -62.520  -28.578 0.8000000119
15858  29.632  -63.624  -27.308 0.8000000119
15843  29.216  -63.552  -25.778 0.8000000119
15081  28.964  -64.314  -24.857 0.8000000119
15070  28.874  -64.058  -23.026 0.6999999881
130182  28.784  -63.994  -22.198 0.6999999881
15085  29.235  -64.435  -26.114 0.8000000119
126534  32.695  -69.571  -32.270 0.6999999881
11021  31.525  -69.493  -31.593 0.6999999881
129198  31.153  -69.422  -30.952 0.6999999881
11808  29.677  -68.728  -30.670 0.6000000238
11047  34.524  -69.613  -34.006 0.6999999881
142588  30.876  -69.327  -30.380 0.6000000238
11046  35.437  -69.842  -34.258 0.6000000238
11005  30.316  -68.982  -30.006 0.5000000000
141232  30.630  -69.224  -29.338 0.5000000000
20425  28.550  -58.378  -24.757 0.6000000238
10963  31.200  -69.403  -28.118 0.5000000000
20426  27.592  -58.578  -24.571 0.5000000000
134375  31.920  -69.551  -27.987 0.5000000000
20395  27.309  -58.938  -23.083 0.6000000238
11761  33.713  -68.573  -27.050 0.6999999881
10935  32.981  -68.988  -26.880 0.6000000238
12629  34.913  -67.052  -25.849 0.6999999881
133918  33.465  -68.476  -26.323 0.6999999881
18471  26.630  -60.290  -22.414 0.6000000238
14326  34.414  -65.633  -27.340 0.6999999881
14295  35.521  -65.762  -26.496 0.6000000238
13541  32.194  -67.012  -30.520 0.6999999881
13540  33.163  -66.772  -29.643 0.6999999881
130228  33.393  -66.424  -28.582 0.6999999881
125047  26.685  -61.491  -21.926 0.6000000238
17574  26.429  -60.886  -22.500 0.6000000238
120296  30.867  -66.522  -30.175 0.6000000238
141028  32.557  -66.765  -28.973 0.6999999881
16636  27.429  -61.987  -21.581 0.6000000238
125169  26.178  -61.824  -23.472 0.6000000238
140781  30.661  -64.711  -31.907 0.6000000238
128136  30.375  -65.537  -30.843 0.6000000238
17602  28.712  -61.856  -23.899 0.6999999881
134008  27.995  -62.681  -21.549 0.6000000238
16637  26.936  -62.137  -21.574 0.6000000238
15884  30.565  -63.741  -31.080 0.6000000238
16687  30.663  -62.186  -26.941 0.6000000238
16677  30.050  -62.391  -25.684 0.6000000238
16673  28.730  -62.649  -24.118 0.6999999881
16667  28.522  -62.400  -23.035 0.6000000238
15814  27.337  -63.529  -21.488 0.6000000238
16704  30.849  -61.992  -27.935 0.6000000238
16689  29.677  -62.920  -26.107 0.8000000119
15857  30.134  -62.713  -27.670 0.6000000238
16705  29.924  -62.867  -26.824 0.6999999881
16679  28.857  -63.416  -24.825 0.8000000119
11018  33.680  -69.552  -32.149 0.6999999881
11019  32.971  -69.559  -31.580 0.6999999881
126535  32.652  -69.577  -30.869 0.6999999881
10244  35.618  -69.896  -32.568 0.6999999881
11032  34.117  -69.622  -33.123 0.6999999881
11002  32.171  -69.638  -30.137 0.6000000238
11004  31.005  -69.405  -29.765 0.6000000238
21371  30.211  -57.390  -22.846 0.6000000238
21389  30.235  -57.360  -23.811 0.6000000238
21372  29.284  -57.567  -23.096 0.6000000238
20407  29.084  -57.743  -24.010 0.6000000238
10962  31.787  -69.595  -28.715 0.6000000238
21373  28.573  -57.804  -23.312 0.5000000000
11759  35.390  -68.095  -27.311 0.6999999881
10948  33.213  -69.102  -27.842 0.6999999881
20383  28.480  -58.400  -22.700 0.4000000060
20394  28.021  -58.234  -23.154 0.5000000000
12628  36.208  -66.548  -26.639 0.6999999881
12639  35.987  -67.354  -26.767 0.8000000119
19425  28.048  -59.209  -22.677 0.5000000000
14309  35.794  -65.479  -27.267 0.6000000238
12640  35.130  -67.584  -26.567 0.6999999881
142370  27.399  -59.879  -22.379 0.6000000238
13497  34.275  -65.878  -28.111 0.6999999881
14325  35.038  -65.495  -27.659 0.6999999881
18489  28.323  -60.438  -22.906 0.6999999881
18469  27.290  -60.484  -22.055 0.6000000238
13557  31.832  -66.846  -31.262 0.6999999881
12679  33.311  -66.950  -30.731 0.6999999881
18505  29.537  -60.829  -24.054 0.5000000000
17554  27.364  -61.201  -21.777 0.6000000238
130209  31.161  -64.939  -33.106 0.6000000238
13559  30.896  -66.000  -31.782 0.6000000238
13542  31.344  -66.728  -30.776 0.6999999881
17589  28.317  -61.369  -22.965 0.6999999881
15152  30.818  -64.706  -32.548 0.6000000238
143056  30.659  -65.805  -31.319 0.6000000238
17613  30.502  -61.832  -25.279 0.5000000000
17601  29.069  -61.522  -24.521 0.6000000238
15901  30.600  -63.975  -31.990 0.6000000238
125117  31.999  -61.653  -27.232 0.6000000238
17625  31.556  -61.753  -26.493 0.5000000000
16672  28.890  -62.345  -24.761 0.6999999881
17651  32.712  -61.470  -28.634 0.6000000238
127662  34.535  -69.497  -31.540 0.6999999881
125579  33.649  -69.428  -31.022 0.6999999881
11001  33.130  -69.384  -29.961 0.6000000238
10984  32.376  -69.562  -29.265 0.6000000238
125772  30.917  -56.968  -23.342 0.4000000060
21404  30.768  -57.441  -25.068 0.5000000000
126547  33.138  -69.283  -28.874 0.6000000238
20372  32.198  -57.875  -21.719 0.5000000000
20423  30.428  -57.979  -25.661 0.6000000238
10959  34.489  -68.965  -28.763 0.6999999881
11777  35.676  -68.588  -28.032 0.6999999881
10961  32.467  -69.476  -28.361 0.6000000238
129106  29.738  -58.158  -22.460 0.5000000000
12638  36.747  -66.984  -27.138 0.6999999881
19441  31.467  -59.542  -23.072 0.4000000060
143551  34.891  -66.877  -30.639 0.6999999881
13538  35.432  -66.516  -30.034 0.6999999881
13516  36.073  -65.941  -29.380 0.6999999881
19443  29.538  -59.356  -22.871 0.6000000238
12729  33.156  -66.504  -32.826 0.6999999881
12678  34.168  -66.962  -31.066 0.6999999881
13517  35.163  -66.140  -29.255 0.6999999881
13495  35.786  -65.623  -28.647 0.6999999881
18486  31.021  -60.092  -23.696 0.5000000000
18488  29.065  -60.139  -23.394 0.5000000000
13587  32.223  -65.819  -33.034 0.6000000238
13586  32.435  -66.331  -32.578 0.6999999881
12695  33.421  -67.006  -31.659 0.6999999881
13518  34.253  -66.320  -29.006 0.6999999881
18504  30.552  -60.747  -24.206 0.5000000000
15164  30.946  -64.356  -33.402 0.5000000000
14380  31.619  -65.299  -33.044 0.6000000238
13574  31.649  -66.046  -32.368 0.6000000238
11000  35.061  -69.349  -30.231 0.6999999881
121617  34.183  -69.262  -30.133 0.6999999881
22377  31.465  -56.291  -23.356 0.4000000060
141256  35.646  -69.315  -29.674 0.6999999881
10983  33.929  -69.119  -29.284 0.6999999881
21388  31.187  -56.756  -24.470 0.4000000060
10982  34.894  -69.182  -29.367 0.6999999881
128953  30.841  -57.598  -25.887 0.6000000238
12655  37.085  -67.705  -27.696 0.8000000119
11776  36.609  -68.503  -28.122 0.6999999881
142361  37.426  -66.017  -28.829 0.6000000238
141496  37.240  -67.033  -27.601 0.6000000238
22436  30.422  -56.918  -27.506 0.6000000238
13537  36.486  -66.408  -30.190 0.6999999881
13494  37.062  -65.707  -28.315 0.6000000238
136251  34.248  -67.168  -32.715 0.6000000238
13585  33.393  -66.204  -33.228 0.6000000238
22465  28.733  -56.619  -29.723 0.5000000000
14396  32.122  -65.144  -33.497 0.6000000238
137871  32.799  -66.092  -33.020 0.6999999881
15184  31.620  -63.916  -34.535 0.5000000000
11792  37.027  -68.980  -28.789 0.6999999881
22390  31.567  -56.140  -24.454 0.4000000060
11775  37.487  -68.239  -28.302 0.8000000119
21403  31.130  -57.064  -25.551 0.5000000000
13513  38.337  -66.899  -29.551 0.8000000119
23435  30.687  -55.969  -26.315 0.4000000060
23417  31.448  -55.910  -25.036 0.4000000060
12654  37.670  -67.172  -28.140 0.6999999881
23449  30.277  -56.116  -27.221 0.4000000060
21426  30.684  -57.582  -27.055 0.5000000000
13584  34.141  -66.448  -33.446 0.6000000238
12677  35.630  -66.849  -30.795 0.6000000238
12676  36.368  -66.857  -31.016 0.6999999881
23436  29.860  -55.310  -26.887 0.4000000060
13601  33.427  -65.889  -33.456 0.6000000238
12711  33.603  -66.955  -32.486 0.6000000238
22452  28.859  -56.138  -29.056 0.4000000060
22451  29.912  -56.962  -28.224 0.6000000238
136525  32.345  -64.768  -33.934 0.6000000238
15183  32.278  -64.251  -34.345 0.5000000000
15940  32.238  -63.611  -34.901 0.5000000000
23402  31.486  -55.637  -24.270 0.4000000060
11791  37.981  -68.770  -28.896 0.8000000119
23403  31.061  -55.309  -24.769 0.4000000060
11774  38.228  -67.814  -28.745 0.6999999881
12692  36.631  -67.159  -31.708 0.6000000238
13536  37.418  -66.328  -29.945 0.6999999881
121147  34.661  -67.204  -33.306 0.6000000238
12709  35.878  -67.366  -32.454 0.6000000238
24417  28.945  -54.623  -27.196 0.4000000060
23450  29.349  -55.469  -27.750 0.4000000060
15176  32.823  -64.699  -34.119 0.6000000238
129922  28.468  -54.961  -29.627 0.4000000060
15931  33.001  -63.905  -34.606 0.4000000060
24379  31.166  -54.889  -23.920 0.4000000060
12674  38.695  -67.284  -30.112 0.6999999881
24380  30.584  -54.714  -24.523 0.4000000060
12691  37.693  -67.336  -31.841 0.6999999881
12675  37.348  -66.765  -30.817 0.6000000238
24407  30.034  -55.050  -26.043 0.4000000060
136147  34.672  -66.653  -33.837 0.6000000238
12726  35.166  -67.261  -33.882 0.6000000238
24418  28.468  -54.336  -28.079 0.4000000060
15174  33.936  -65.064  -33.692 0.6000000238
24440  28.454  -54.295  -29.206 0.3000000119
15930  33.778  -63.790  -34.412 0.4000000060
16825  33.682  -63.109  -34.924 0.4000000060
16824  34.557  -62.785  -34.612 0.4000000060
25365  29.023  -53.805  -25.495 0.4000000060
25380  28.678  -53.965  -26.697 0.4000000060
127010  34.705  -65.285  -33.649 0.6000000238
132476  34.069  -64.380  -33.883 0.6000000238
138411  35.147  -65.049  -33.572 0.6000000238
133999  34.990  -63.148  -34.055 0.4000000060
16812  35.298  -63.080  -33.412 0.5000000000
16823  35.406  -62.323  -34.204 0.4000000060
28211  28.948  -50.859  -32.034 0.3000000119
16811  35.862  -62.295  -33.498 0.4000000060
27241  29.459  -51.174  -22.859 0.4000000060
28187  29.257  -50.581  -29.337 0.3000000119
28222  25.953  -50.842  -32.284 0.4000000060
28110  30.278  -50.324  -21.845 0.4000000060
28123  29.483  -50.476  -24.273 0.4000000060
28173  29.193  -50.463  -28.453 0.3000000119
28146  29.433  -50.420  -26.799 0.3000000119
28200  28.794  -50.108  -31.389 0.3000000119
28199  29.290  -50.680  -30.225 0.3000000119
28212  27.655  -50.403  -32.466 0.3000000119
28984  29.702  -49.846  -23.649 0.4000000060
28995  30.004  -49.644  -24.764 0.4000000060
28131  29.634  -50.351  -25.376 0.4000000060
29063  29.145  -49.814  -28.995 0.3000000119
29993  28.618  -49.290  -30.664 0.3000000119
28189  22.769  -50.960  -29.790 0.4000000060
28161  23.312  -50.726  -26.895 0.3000000119
28148  22.800  -50.217  -26.345 0.3000000119
29087  28.264  -49.550  -31.578 0.3000000119
28213  26.795  -50.107  -32.345 0.3000000119
29011  30.462  -48.754  -25.319 0.4000000060
138056  30.175  -49.536  -25.637 0.4000000060
29032  29.599  -49.646  -26.895 0.3000000119
29046  29.223  -49.665  -27.984 0.3000000119
29077  28.982  -49.112  -29.607 0.3000000119
27327  23.022  -51.084  -30.777 0.3000000119
137138  28.537  -48.560  -30.016 0.3000000119
28174  23.050  -51.037  -28.662 0.3000000119
29088  27.934  -48.789  -31.507 0.3000000119
28190  22.146  -50.072  -30.037 0.4000000060
28162  22.523  -50.391  -27.599 0.3000000119
28176  21.636  -49.827  -29.243 0.3000000119
29065  21.788  -50.026  -28.245 0.3000000119
29012  30.175  -49.140  -26.138 0.4000000060
29957  29.331  -49.082  -27.340 0.4000000060
29047  29.077  -48.941  -28.021 0.3000000119
28201  22.726  -50.450  -30.536 0.4000000060
29983  28.576  -48.478  -29.230 0.3000000119
29100  23.892  -49.632  -31.339 0.3000000119
28202  22.821  -49.682  -30.744 0.4000000060
30005  23.606  -49.128  -30.941 0.4000000060
29066  21.219  -49.467  -28.624 0.3000000119
29933  30.282  -48.355  -25.976 0.4000000060
29946  29.174  -48.610  -26.964 0.4000000060
29959  28.105  -48.103  -27.926 0.4000000060
29971  28.095  -47.843  -28.870 0.4000000060
132943  28.109  -48.245  -30.691 0.3000000119
31056  25.978  -47.326  -31.355 0.3000000119
30004  24.475  -48.780  -31.227 0.3000000119
29996  23.975  -48.263  -30.815 0.3000000119
31050  23.400  -47.770  -30.422 0.5000000000
135815  23.076  -48.703  -30.624 0.4000000060
135332  22.437  -48.217  -30.330 0.4000000060
29067  20.828  -48.996  -27.826 0.3000000119
31010  28.389  -48.212  -26.960 0.4000000060
31021  27.577  -47.640  -27.469 0.4000000060
31031  27.403  -47.001  -28.877 0.3000000119
31992  26.304  -46.239  -30.301 0.3000000119
31983  25.824  -45.526  -29.887 0.3000000119
32898  25.021  -45.008  -29.731 0.3000000119
31046  27.532  -47.406  -30.484 0.3000000119
31047  26.699  -46.835  -30.774 0.3000000119
31049  24.306  -47.280  -30.781 0.3000000119
134994  24.196  -45.823  -30.507 0.3000000119
31985  23.521  -45.738  -30.214 0.3000000119
123018  25.979  -46.594  -30.929 0.3000000119
31051  22.760  -47.338  -30.017 0.3000000119
31042  21.697  -47.790  -29.925 0.3000000119
29960  20.288  -48.328  -27.310 0.3000000119
31920  29.875  -46.553  -24.647 0.3000000119
31934  29.537  -47.113  -25.153 0.3000000119
30999  27.919  -47.606  -25.717 0.3000000119
31948  27.103  -47.161  -26.115 0.3000000119
120104  26.073  -45.818  -27.191 0.3000000119
32890  25.114  -44.568  -28.946 0.3000000119
31011  27.687  -47.660  -26.532 0.3000000119
31961  26.604  -46.174  -27.759 0.3000000119
31974  26.303  -45.537  -28.777 0.3000000119
32889  25.632  -45.071  -29.169 0.3000000119
33795  24.264  -44.478  -29.413 0.3000000119
125407  22.767  -45.666  -29.860 0.3000000119
124580  22.240  -46.986  -29.698 0.3000000119
125573  22.166  -46.312  -29.572 0.3000000119
29987  20.685  -47.762  -29.270 0.3000000119
132472  20.941  -46.829  -29.077 0.3000000119
31902  30.183  -46.028  -24.212 0.3000000119
31935  28.464  -47.212  -25.098 0.3000000119
31936  27.372  -47.252  -25.184 0.3000000119
31949  26.395  -46.477  -26.614 0.3000000119
32868  25.504  -45.224  -27.245 0.3000000119
122885  23.307  -44.167  -29.560 0.3000000119
32900  22.012  -45.561  -29.745 0.3000000119
32901  21.345  -46.109  -29.328 0.3000000119
31012  19.890  -47.793  -26.718 0.3000000119
32869  24.694  -44.875  -26.831 0.3000000119
33783  24.612  -44.122  -28.687 0.3000000119
139435  20.942  -44.658  -29.879 0.3000000119
32902  20.606  -45.418  -29.278 0.3000000119
31032  20.372  -47.029  -28.659 0.3000000119
31963  19.600  -46.445  -27.583 0.3000000119
33765  24.404  -44.059  -27.368 0.3000000119
33784  23.875  -43.676  -28.826 0.3000000119
34759  22.365  -43.983  -29.971 0.3000000119
32860  24.062  -45.574  -25.949 0.3000000119
33766  23.873  -43.615  -26.874 0.3000000119
34747  23.298  -42.889  -28.569 0.3000000119
122435  21.852  -43.194  -29.784 0.3000000119
33785  20.744  -43.712  -29.573 0.3000000119
32892  19.676  -45.542  -28.027 0.3000000119
32882  19.318  -45.694  -27.129 0.3000000119
7425  30.906  -73.809  -34.299 0.5000000000
8138  31.466  -73.405  -35.999 0.5000000000
8156  32.291  -73.232  -36.721 0.4000000060
12571  28.372  -66.912  -22.466 0.6999999881
13408  27.417  -65.693  -21.812 0.6999999881
9563  33.524  -71.402  -37.734 0.4000000060
8137  32.512  -73.551  -35.802 0.5000000000
13459  31.900  -66.137  -24.770 0.6000000238
10951  30.891  -69.229  -27.190 0.5000000000
13472  31.628  -66.198  -25.944 0.6000000238
11758  36.284  -67.944  -27.445 0.8000000119
10960  33.870  -68.911  -28.457 0.6999999881
14308  36.546  -65.706  -27.454 0.6000000238
139915  31.167  -63.862  -34.448 0.5000000000
13539  34.348  -66.677  -30.043 0.6999999881
122884  29.300  -56.166  -28.414 0.4000000060
15941  31.561  -63.191  -35.031 0.5000000000
13600  34.244  -66.130  -33.614 0.6000000238
15939  32.861  -63.183  -35.076 0.4000000060
138166  35.910  -67.411  -33.420 0.6000000238
14392  35.375  -66.057  -34.228 0.6000000238
25399  28.439  -53.179  -27.897 0.3000000119
15929  34.430  -63.657  -34.123 0.4000000060
15923  34.864  -63.754  -33.414 0.4000000060
28120  29.455  -50.593  -23.406 0.4000000060
30998  28.949  -47.671  -25.688 0.3000000119
32846  29.438  -46.016  -24.149 0.3000000119
12724  37.505  -67.672  -34.128 0.5000000000
12706  38.423  -67.841  -32.364 0.5000000000
12673  39.141  -67.853  -30.803 0.6999999881
10978  39.195  -68.952  -29.848 0.6999999881
10980  37.519  -69.445  -29.444 0.6000000238
12707  37.505  -67.750  -33.042 0.5000000000
118970  38.351  -67.151  -30.867 0.6000000238
11790  38.668  -68.397  -29.344 0.6000000238
10243  36.248  -70.086  -31.907 0.6000000238
120543  34.731  -69.627  -32.401 0.6000000238
10995  39.461  -69.438  -30.380 0.6999999881
10231  37.817  -70.373  -30.727 0.6000000238
11016  36.086  -69.839  -31.095 0.6000000238
10996  38.994  -69.817  -30.027 0.6999999881
10998  36.963  -69.852  -30.311 0.6000000238
121586  35.250  -69.523  -30.983 0.6000000238
139768  36.829  -67.051  -34.575 0.5000000000
10241  39.164  -70.826  -31.222 0.6999999881
129540  38.429  -70.811  -31.203 0.6999999881
124802  37.108  -70.513  -31.950 0.6000000238
10255  36.492  -70.326  -32.750 0.6000000238
11015  39.739  -69.473  -31.128 0.6000000238
10229  39.438  -70.184  -30.683 0.6999999881
10232  36.941  -70.235  -31.222 0.6000000238
11838  39.590  -69.276  -33.041 0.6000000238
14402  36.892  -66.230  -34.841 0.5000000000
12725  36.665  -67.528  -33.819 0.5000000000
11030  40.022  -69.938  -32.156 0.6999999881
9478  38.843  -71.333  -31.801 0.6000000238
10256  35.840  -70.049  -33.350 0.6000000238
124976  37.417  -65.595  -34.491 0.5000000000
12754  36.773  -66.553  -34.836 0.5000000000
129307  36.435  -63.769  -31.457 0.5000000000
14390  36.645  -65.733  -34.492 0.5000000000
15900  36.312  -63.118  -31.175 0.4000000060
12590  24.321  -67.076  -23.135 0.4000000060
12588  26.362  -66.895  -23.502 0.4000000060
11703  24.651  -67.510  -23.573 0.4000000060
12607  25.445  -67.278  -23.747 0.5000000000
11722  26.121  -67.318  -24.383 0.5000000000
11723  25.145  -67.882  -24.497 0.5000000000
15172  35.894  -65.143  -33.686 0.5000000000
11736  25.998  -67.757  -25.256 0.5000000000
10182  21.709  -70.215  -25.088 0.6000000238
15150  36.242  -64.242  -32.079 0.4000000060
12620  26.650  -67.705  -25.931 0.5000000000
11737  25.338  -68.445  -25.511 0.5000000000
10169  23.438  -69.786  -25.048 0.5000000000
12591  23.646  -67.157  -23.326 0.5000000000
11704  23.884  -67.685  -23.518 0.5000000000
12609  22.537  -67.777  -24.144 0.5000000000
11725  23.514  -68.396  -24.086 0.5000000000
11727  22.178  -68.633  -24.531 0.5000000000
11738  24.572  -68.785  -25.028 0.5000000000
10915  23.138  -69.206  -24.495 0.5000000000
10171  22.214  -69.905  -24.823 0.5000000000
15163  35.176  -64.480  -33.018 0.5000000000
10914  23.846  -69.086  -24.635 0.5000000000
17698  37.151  -61.872  -31.175 0.4000000060
15916  35.804  -63.559  -31.915 0.4000000060
16773  36.563  -62.381  -31.330 0.4000000060
14289  25.136  -65.466  -24.678 0.5000000000
12622  21.666  -67.857  -25.442 0.5000000000
120814  35.696  -65.651  -34.133 0.5000000000
15917  35.294  -63.717  -32.698 0.4000000060
134581  26.082  -64.731  -25.971 0.5000000000
14300  26.184  -65.138  -26.833 0.5000000000
14288  25.877  -65.076  -25.190 0.5000000000
16796  35.555  -62.977  -32.574 0.4000000060
15840  26.168  -63.367  -24.856 0.5000000000
130824  26.145  -63.840  -25.853 0.5000000000
127034  26.118  -62.519  -25.168 0.5000000000
15844  26.218  -63.345  -26.484 0.5000000000
15099  26.459  -64.777  -27.530 0.5000000000
14329  26.403  -65.736  -28.498 0.4000000060
118884  26.014  -61.741  -25.018 0.5000000000
127598  26.675  -64.076  -27.837 0.6000000238
139005  26.879  -64.978  -28.367 0.6000000238
17603  26.046  -61.418  -24.132 0.5000000000
17615  26.034  -61.178  -25.826 0.5000000000
127211  26.209  -62.620  -26.548 0.5000000000
15869  26.906  -63.211  -28.158 0.6000000238
15111  27.226  -64.030  -28.671 0.6000000238
14340  26.952  -65.794  -29.796 0.6000000238
13560  26.270  -66.411  -30.972 0.5000000000
122113  25.991  -66.424  -31.696 0.5000000000
122216  25.598  -66.362  -33.040 0.5000000000
17604  26.029  -60.690  -23.951 0.5000000000
18507  26.083  -60.049  -24.323 0.5000000000
18526  26.412  -60.494  -26.278 0.5000000000
17627  26.297  -61.164  -26.674 0.5000000000
18538  26.805  -60.819  -27.084 0.6000000238
123853  27.607  -63.841  -29.390 0.6000000238
14339  27.251  -65.383  -30.301 0.6000000238
14351  26.935  -66.036  -30.645 0.6000000238
13575  26.225  -66.326  -32.391 0.5000000000
15942  28.246  -62.946  -35.522 0.5000000000
13604  25.700  -66.211  -34.677 0.5000000000
19427  26.788  -59.624  -22.731 0.5000000000
19455  26.944  -58.923  -24.449 0.5000000000
19482  26.715  -59.779  -25.777 0.6000000238
18537  27.647  -60.575  -27.382 0.6000000238
18552  28.214  -61.055  -28.050 0.6000000238
15868  27.527  -63.087  -28.916 0.6000000238
16734  28.096  -62.575  -29.417 0.6000000238
15886  27.793  -64.032  -30.141 0.6000000238
16753  27.989  -63.259  -29.791 0.6000000238
14362  27.336  -65.415  -31.071 0.6000000238
14373  27.059  -65.867  -32.708 0.5000000000
13588  26.070  -66.183  -33.811 0.5000000000
14382  27.411  -65.456  -33.408 0.5000000000
15165  27.979  -65.012  -33.739 0.5000000000
127442  26.869  -65.464  -35.560 0.5000000000
14397  27.385  -65.205  -35.106 0.5000000000
19481  27.592  -59.605  -26.041 0.6000000238
18524  28.144  -60.073  -26.834 0.6000000238
18536  28.691  -60.480  -27.603 0.6000000238
17667  29.084  -61.602  -29.716 0.6000000238
17668  28.350  -62.006  -29.124 0.6000000238
16752  28.435  -62.649  -30.237 0.6000000238
17687  28.829  -61.894  -30.587 0.6000000238
15902  28.229  -63.975  -31.529 0.5000000000
120940  28.478  -63.146  -31.745 0.5000000000
129606  27.772  -65.149  -32.845 0.5000000000
120918  28.475  -62.925  -32.663 0.5000000000
120618  28.464  -62.055  -33.014 0.6000000238
15179  28.234  -64.292  -34.205 0.5000000000
16814  28.409  -62.848  -33.733 0.5000000000
17724  28.437  -61.816  -34.051 0.5000000000
120796  28.457  -60.671  -35.359 0.5000000000
18535  29.727  -60.344  -27.834 0.6000000238
18550  30.014  -60.496  -28.555 0.6000000238
134070  29.265  -61.261  -30.520 0.6000000238
16799  28.601  -62.276  -32.074 0.6000000238
17710  28.637  -61.333  -32.397 0.6000000238
127159  28.533  -60.789  -34.349 0.5000000000
131301  30.200  -59.958  -28.110 0.6000000238
121858  29.099  -61.296  -31.089 0.6000000238
18617  28.662  -60.436  -32.422 0.6000000238
18629  28.606  -59.936  -34.297 0.5000000000
20451  30.386  -58.430  -28.156 0.6000000238
19491  30.349  -59.179  -27.980 0.6000000238
20452  30.273  -58.807  -28.791 0.6000000238
19527  29.668  -59.780  -30.232 0.6000000238
18598  29.286  -60.556  -30.981 0.6000000238
19554  28.596  -59.421  -32.661 0.5000000000
21441  29.939  -57.818  -28.710 0.6000000238
20473  29.492  -59.015  -30.416 0.6000000238
21451  29.202  -57.534  -29.475 0.6000000238
19528  29.297  -59.537  -30.970 0.6000000238
21467  28.593  -57.682  -30.850 0.6000000238
21479  28.329  -57.465  -31.737 0.5000000000
22479  28.378  -56.746  -30.666 0.4000000060
10999  35.908  -69.530  -30.321 0.6000000238
10979  38.447  -69.301  -29.501 0.6999999881
124333  35.871  -67.145  -34.237 0.5000000000
14391  36.267  -66.184  -34.610 0.5000000000
15161  37.051  -64.679  -32.860 0.5000000000
15171  36.852  -65.119  -33.841 0.5000000000
10917  21.855  -69.448  -24.782 0.6000000238
136191  27.143  -62.566  -28.345 0.6000000238
17638  27.281  -61.233  -27.794 0.6000000238
15138  27.814  -64.713  -31.345 0.6000000238
15919  28.371  -63.754  -32.383 0.5000000000
19501  30.237  -59.691  -28.741 0.6000000238
18597  29.566  -60.709  -30.108 0.6000000238
142762  29.027  -58.566  -30.921 0.6000000238
20483  28.474  -58.153  -32.030 0.6000000238
7405  29.800  -74.457  -33.086 0.4000000060
7371  31.690  -74.258  -30.637 0.5000000000
8084  33.005  -73.667  -31.207 0.5000000000
7385  31.647  -74.163  -31.536 0.4000000060
120602  31.258  -74.170  -32.373 0.4000000060
7404  32.014  -73.935  -33.312 0.4000000060
129259  30.813  -74.047  -33.293 0.4000000060
8072  33.417  -73.549  -30.552 0.5000000000
8073  32.374  -73.782  -30.334 0.5000000000
139688  33.153  -73.845  -32.522 0.5000000000
7403  33.185  -73.810  -33.366 0.5000000000
129555  31.741  -73.815  -34.173 0.4000000060
8071  34.461  -73.548  -30.734 0.5000000000
8096  34.465  -73.603  -32.219 0.5000000000
8109  33.959  -73.698  -32.834 0.5000000000
7402  34.336  -73.679  -33.741 0.5000000000
139714  32.352  -73.723  -34.876 0.4000000060
7441  33.164  -73.715  -35.102 0.4000000060
7363  35.602  -73.744  -30.908 0.5000000000
8095  35.252  -73.608  -32.324 0.5000000000
7383  35.948  -73.817  -32.784 0.5000000000
8108  35.038  -73.647  -33.076 0.5000000000
7422  34.776  -73.696  -34.716 0.5000000000
8136  33.586  -73.599  -35.994 0.4000000060
11063  35.443  -69.925  -35.401 0.5000000000
11076  34.895  -69.807  -35.923 0.4000000060
10311  35.554  -70.499  -36.764 0.4000000060
10322  36.017  -71.135  -37.148 0.4000000060
9561  35.271  -71.172  -37.508 0.4000000060
9578  35.004  -71.802  -37.797 0.4000000060
7401  35.942  -73.841  -33.532 0.5000000000
8172  35.405  -72.914  -37.762 0.4000000060
8173  34.431  -72.960  -37.497 0.4000000060
126699  33.654  -73.104  -37.244 0.4000000060
124650  36.360  -74.150  -34.282 0.4000000060
7421  35.855  -73.930  -35.008 0.5000000000
8135  34.424  -73.664  -36.130 0.4000000060
8121  34.135  -73.687  -35.346 0.4000000060
10296  35.944  -70.327  -35.985 0.4000000060
9560  36.430  -71.639  -37.504 0.4000000060
8848  35.984  -72.498  -37.905 0.4000000060
122874  38.053  -74.973  -33.048 0.4000000060
8154  35.683  -73.557  -37.333 0.4000000060
7458  35.056  -73.669  -36.680 0.4000000060
125276  37.221  -74.650  -34.383 0.4000000060
7439  36.289  -74.291  -35.946 0.4000000060
7440  35.225  -73.816  -35.784 0.4000000060
10268  36.238  -70.272  -33.972 0.5000000000
10281  36.798  -70.683  -34.495 0.4000000060
10295  36.692  -70.746  -35.578 0.4000000060
10309  37.389  -71.427  -36.260 0.4000000060
8832  37.829  -72.511  -37.131 0.4000000060
8170  37.239  -72.850  -37.604 0.4000000060
7455  37.481  -74.213  -36.505 0.4000000060
8171  36.399  -73.143  -37.786 0.4000000060
7419  37.990  -74.871  -34.274 0.4000000060
7437  37.516  -74.654  -35.241 0.4000000060
7456  36.713  -74.288  -36.699 0.4000000060
139237  36.358  -70.318  -33.381 0.5000000000
10267  36.929  -70.676  -33.489 0.5000000000
10254  37.423  -70.913  -32.594 0.6000000238
10294  37.403  -71.308  -34.985 0.5000000000
9546  38.101  -72.188  -36.439 0.4000000060
8831  38.270  -73.072  -36.365 0.4000000060
8134  38.387  -73.746  -35.726 0.4000000060
7417  39.140  -74.256  -34.620 0.4000000060
9522  38.078  -71.884  -34.163 0.4000000060
9493  38.309  -71.487  -32.476 0.5000000000
9521  38.649  -72.523  -34.837 0.4000000060
8819  38.602  -73.260  -35.493 0.4000000060
9505  39.841  -72.294  -33.916 0.5000000000
8798  39.299  -72.816  -34.567 0.4000000060
8809  38.820  -72.968  -35.134 0.4000000060
134984  39.238  -73.216  -34.742 0.4000000060
9491  39.734  -71.680  -32.969 0.6000000238
9477  39.479  -71.281  -32.043 0.6000000238
10264  40.685  -71.563  -34.463 0.5000000000
9519  41.034  -71.725  -34.638 0.4000000060
11822  39.173  -68.165  -31.702 0.5000000000
19480  28.660  -59.532  -26.287 0.5000000000
19479  29.644  -59.298  -26.687 0.5000000000
20433  30.589  -58.042  -26.571 0.5000000000
20424  29.593  -58.238  -25.204 0.5000000000
19478  30.274  -58.874  -27.122 0.5000000000
19493  29.213  -59.947  -27.116 0.5000000000
8083  33.989  -73.581  -31.400 0.5000000000
7384  32.317  -73.945  -32.492 0.5000000000
10310  36.397  -70.908  -36.566 0.4000000060
9547  37.587  -71.858  -37.025 0.4000000060
7420  36.754  -74.492  -35.193 0.4000000060
9533  38.107  -71.974  -35.433 0.4000000060
9532  38.503  -72.680  -35.695 0.4000000060
8151  38.003  -73.764  -36.318 0.4000000060
7454  37.985  -74.352  -35.752 0.4000000060
10266  37.742  -71.386  -33.266 0.5000000000
8133  38.907  -73.754  -35.086 0.4000000060
9507  38.460  -71.901  -33.198 0.5000000000
9490  40.256  -71.581  -33.728 0.6000000238
9520  40.266  -72.547  -34.218 0.5000000000
10265  40.428  -70.858  -34.003 0.5000000000
16746  41.985  -61.871  -30.261 0.3000000119
16768  41.391  -62.383  -30.367 0.3000000119
16793  40.674  -63.403  -31.334 0.3000000119
134531  41.109  -61.638  -29.766 0.3000000119
17682  41.668  -61.008  -29.719 0.3000000119
19523  43.476  -59.448  -30.093 0.3000000119
19524  42.523  -59.562  -30.086 0.3000000119
15913  41.354  -63.703  -32.269 0.3000000119
15922  40.980  -64.182  -32.780 0.4000000060
141826  40.221  -64.176  -32.583 0.4000000060
134432  42.145  -62.525  -30.995 0.3000000119
15159  39.398  -64.372  -32.944 0.4000000060
14401  37.381  -66.106  -34.883 0.4000000060
12753  37.451  -66.857  -34.970 0.4000000060
17681  42.645  -61.400  -30.251 0.3000000119
137502  39.425  -63.730  -31.356 0.3000000119
15160  38.201  -64.593  -32.889 0.4000000060
18592  40.813  -60.526  -29.879 0.3000000119
16770  38.825  -62.886  -30.128 0.3000000119
13583  40.464  -66.048  -34.150 0.4000000060
12739  40.698  -67.331  -34.756 0.4000000060
11887  39.397  -68.224  -34.975 0.4000000060
11872  39.127  -68.414  -34.652 0.4000000060
15147  41.714  -64.106  -32.729 0.4000000060
15158  40.468  -64.610  -33.260 0.4000000060
13596  40.251  -66.777  -34.657 0.4000000060
12752  38.953  -67.531  -34.961 0.4000000060
12740  38.610  -67.709  -34.874 0.4000000060
16791  42.566  -62.967  -31.761 0.3000000119
14379  39.858  -65.259  -33.904 0.4000000060
13597  38.877  -66.519  -34.895 0.4000000060
11839  39.010  -68.462  -32.735 0.4000000060
16767  42.893  -62.276  -31.065 0.3000000119
14389  38.110  -65.913  -34.782 0.4000000060
11873  38.266  -68.107  -34.251 0.4000000060
17695  43.519  -61.707  -30.802 0.3000000119
15170  37.954  -65.153  -33.946 0.4000000060
15149  37.299  -64.204  -31.785 0.4000000060
11870  41.644  -68.408  -34.773 0.4000000060
11061  40.510  -69.680  -34.871 0.4000000060
12723  41.519  -66.919  -33.857 0.4000000060
13595  40.917  -66.780  -34.304 0.4000000060
12750  40.808  -68.030  -35.021 0.4000000060
11062  40.279  -69.925  -34.463 0.4000000060
15145  43.113  -64.199  -32.339 0.3000000119
138179  41.890  -64.546  -32.839 0.4000000060
17694  44.394  -61.986  -31.106 0.3000000119
16766  43.775  -62.503  -31.439 0.3000000119
11857  38.949  -68.544  -33.869 0.4000000060
10279  40.802  -70.548  -34.750 0.4000000060
11073  41.263  -69.582  -35.123 0.4000000060
15899  37.089  -63.513  -30.944 0.3000000119
17697  37.873  -61.810  -30.574 0.3000000119
15898  37.901  -63.150  -30.473 0.3000000119
133009  39.662  -68.978  -31.900 0.4000000060
11045  39.665  -69.253  -34.182 0.4000000060
10253  40.116  -70.959  -32.702 0.4000000060
122032  41.112  -71.058  -34.953 0.4000000060
15914  40.581  -63.869  -32.149 0.3000000119
142650  40.943  -61.101  -29.624 0.3000000119
18591  41.727  -60.113  -29.984 0.3000000119
15157  41.223  -64.629  -33.121 0.4000000060
15148  38.485  -64.158  -31.992 0.4000000060
14388  38.944  -65.652  -34.423 0.4000000060
15169  38.909  -64.931  -33.720 0.4000000060
123046  38.209  -67.153  -34.965 0.4000000060
142532  38.529  -63.411  -30.648 0.4000000060
13582  41.191  -66.015  -33.782 0.4000000060
11886  40.021  -68.750  -35.076 0.4000000060
12751  39.737  -68.006  -35.144 0.4000000060
15146  42.434  -64.033  -32.599 0.3000000119
14387  39.683  -66.183  -34.568 0.4000000060
16790  43.253  -62.906  -31.770 0.3000000119
13581  41.854  -66.179  -33.074 0.4000000060
142934  42.492  -64.535  -32.539 0.3000000119
15897  43.798  -63.200  -31.859 0.3000000119
141158  34.709  -76.776  -30.810 0.3000000119
5505  34.671  -76.953  -31.591 0.3000000119
6080  34.776  -76.509  -29.476 0.3000000119
6091  35.298  -77.216  -30.963 0.3000000119
6086  34.182  -76.516  -30.152 0.3000000119
118921  33.656  -76.754  -31.610 0.3000000119
6073  34.373  -76.176  -28.537 0.3000000119
6079  35.244  -76.730  -28.931 0.3000000119
6085  35.171  -76.834  -30.248 0.3000000119
6074  33.422  -75.723  -28.486 0.3000000119
6081  33.522  -76.065  -29.276 0.3000000119
6093  32.838  -76.554  -31.089 0.3000000119
7372  31.080  -74.825  -30.946 0.3000000119
143439  35.558  -77.255  -27.414 0.3000000119
5478  35.632  -77.717  -27.928 0.3000000119
6065  34.547  -76.115  -27.611 0.3000000119
5479  35.195  -76.845  -28.051 0.3000000119
133460  35.656  -77.320  -28.875 0.3000000119
6088  31.901  -75.702  -29.988 0.3000000119
7364  31.848  -74.368  -29.867 0.3000000119
137370  31.503  -74.777  -30.313 0.3000000119
6708  33.995  -75.545  -27.086 0.3000000119
6724  32.716  -75.499  -28.797 0.3000000119
6719  32.962  -75.206  -28.114 0.3000000119
8044  32.828  -73.949  -27.983 0.3000000119
8055  32.575  -73.943  -28.676 0.3000000119
6726  31.719  -74.972  -29.773 0.3000000119
8065  33.019  -73.549  -29.115 0.3000000119
7362  36.614  -74.158  -30.603 0.4000000060
124451  34.897  -73.611  -30.108 0.4000000060
3370  34.251  -81.528  -30.112 0.3000000119
3382  33.123  -81.737  -30.368 0.3000000119
5498  35.689  -77.416  -30.273 0.3000000119
121756  35.632  -77.757  -30.995 0.3000000119
4352  36.271  -79.239  -27.360 0.3000000119
121125  35.891  -79.550  -28.092 0.3000000119
3845  35.339  -80.797  -28.987 0.3000000119
3369  35.051  -80.914  -29.879 0.3000000119
3381  33.539  -81.675  -30.685 0.3000000119
4894  36.606  -78.600  -26.800 0.3000000119
4360  35.827  -78.730  -28.309 0.3000000119
3844  35.489  -80.066  -29.639 0.3000000119
3872  34.934  -80.080  -31.148 0.3000000119
3858  34.643  -80.799  -30.659 0.3000000119
121383  35.760  -78.009  -28.681 0.3000000119
4915  35.816  -78.342  -29.393 0.3000000119
138492  35.555  -79.447  -30.153 0.3000000119
4387  35.391  -79.355  -30.836 0.3000000119
5497  35.866  -77.938  -30.269 0.3000000119
4398  35.509  -78.638  -31.277 0.3000000119
6087  32.897  -76.313  -30.149 0.3000000119
124941  32.086  -76.251  -30.585 0.3000000119
5469  35.957  -77.870  -27.149 0.3000000119
6720  32.457  -74.890  -28.577 0.3000000119
3361  34.337  -82.013  -28.598 0.3000000119
4406  35.375  -78.661  -32.011 0.3000000119
4905  35.945  -78.442  -27.654 0.3000000119
3827  35.737  -80.644  -27.920 0.3000000119
4371  35.715  -79.173  -29.528 0.3000000119
3857  35.229  -80.137  -30.400 0.3000000119
4399  35.180  -79.317  -31.632 0.3000000119
8064  33.863  -73.458  -29.786 0.3000000119
8760  42.399  -72.475  -29.440 0.3000000119
8761  42.142  -73.125  -28.848 0.3000000119
7358  41.035  -74.483  -29.647 0.3000000119
6729  39.695  -75.489  -30.261 0.4000000060
6735  38.745  -75.564  -31.073 0.4000000060
6736  38.022  -75.044  -31.372 0.3000000119
7381  37.471  -74.660  -32.816 0.3000000119
8768  42.360  -72.570  -30.140 0.3000000119
8070  41.634  -73.756  -30.240 0.4000000060
7368  40.626  -74.703  -31.256 0.4000000060
7379  40.113  -74.828  -32.102 0.4000000060
6740  38.540  -75.193  -32.816 0.3000000119
8107  40.609  -73.908  -33.404 0.4000000060
7399  39.259  -74.708  -33.803 0.4000000060
7418  38.615  -74.714  -34.443 0.3000000119
8119  40.157  -73.731  -34.126 0.3000000119
10946  42.070  -70.687  -28.044 0.3000000119
9457  42.557  -71.843  -28.275 0.3000000119
8061  41.239  -74.185  -28.855 0.4000000060
7351  40.674  -74.668  -29.130 0.4000000060
6723  39.406  -75.258  -29.549 0.3000000119
6731  38.327  -75.248  -30.617 0.3000000119
7361  37.594  -74.682  -30.445 0.3000000119
120095  42.480  -70.628  -29.342 0.3000000119
9463  42.560  -71.729  -29.280 0.3000000119
142210  42.646  -71.318  -29.929 0.3000000119
9469  42.624  -71.803  -30.317 0.3000000119
8776  42.424  -72.449  -30.892 0.3000000119
8080  41.288  -73.963  -31.255 0.4000000060
131779  42.727  -71.142  -31.234 0.3000000119
131664  42.622  -71.828  -31.317 0.3000000119
132782  41.485  -73.526  -32.103 0.4000000060
8081  40.843  -74.139  -32.297 0.4000000060
9489  42.603  -71.452  -32.346 0.3000000119
8785  42.132  -72.123  -33.078 0.4000000060
8106  40.806  -73.200  -33.976 0.4000000060
10276  42.103  -70.702  -34.763 0.3000000119
9517  42.105  -71.304  -34.429 0.4000000060
8797  41.507  -72.677  -33.682 0.4000000060
8808  40.172  -73.157  -34.361 0.4000000060
11869  42.243  -68.903  -34.408 0.3000000119
9518  41.501  -71.420  -34.821 0.4000000060
10277  41.467  -70.739  -35.070 0.3000000119
10920  41.836  -68.881  -25.365 0.3000000119
10174  41.728  -69.615  -25.671 0.3000000119
10189  40.368  -70.172  -25.725 0.3000000119
130503  40.124  -70.891  -26.341 0.3000000119
10947  41.695  -69.950  -28.090 0.3000000119
10933  41.996  -70.272  -27.087 0.3000000119
9447  41.393  -71.795  -26.766 0.3000000119
9448  39.935  -71.749  -26.970 0.3000000119
12651  41.592  -67.593  -28.606 0.3000000119
11773  41.298  -68.411  -28.378 0.3000000119
10201  42.400  -71.122  -27.461 0.3000000119
8740  42.013  -72.617  -27.384 0.3000000119
8037  40.174  -73.569  -28.012 0.3000000119
8048  39.536  -74.154  -28.516 0.3000000119
7346  38.036  -74.345  -29.011 0.3000000119
7353  37.752  -74.551  -29.617 0.3000000119
7347  37.013  -74.056  -29.012 0.3000000119
8062  35.957  -73.751  -29.075 0.3000000119
130608  42.058  -68.486  -28.998 0.3000000119
126934  42.691  -70.060  -32.928 0.3000000119
9503  42.364  -71.427  -33.619 0.3000000119
131979  42.624  -69.298  -32.584 0.3000000119
11043  42.585  -70.317  -34.012 0.3000000119
12705  42.205  -67.811  -32.783 0.3000000119
12722  41.958  -67.895  -33.982 0.3000000119
11060  41.816  -69.268  -35.012 0.3000000119
10908  42.403  -68.409  -25.148 0.3000000119
10919  41.832  -68.839  -25.662 0.3000000119
10173  41.847  -69.625  -26.061 0.3000000119
9434  41.200  -70.876  -26.249 0.3000000119
10934  41.596  -69.610  -27.330 0.3000000119
10187  42.014  -70.593  -26.556 0.3000000119
8063  34.774  -73.430  -29.220 0.3000000119
125393  42.557  -68.358  -24.389 0.3000000119
11743  41.912  -68.451  -25.674 0.3000000119
128512  41.712  -69.331  -26.378 0.3000000119
11744  41.307  -68.832  -26.855 0.3000000119
12652  40.818  -67.608  -28.092 0.3000000119
11730  42.745  -68.000  -25.155 0.3000000119
12613  42.447  -67.658  -25.363 0.3000000119
12626  40.828  -67.493  -26.422 0.3000000119
11745  40.863  -68.085  -26.879 0.3000000119
7355  35.787  -73.802  -29.917 0.3000000119
7369  36.570  -74.142  -31.491 0.3000000119
132713  37.367  -74.588  -31.943 0.3000000119
134315  38.626  -75.394  -31.930 0.3000000119
6739  39.085  -75.241  -32.969 0.4000000060
8807  41.037  -72.377  -34.450 0.4000000060
127871  41.933  -67.125  -33.239 0.3000000119
123205  42.432  -72.427  -28.554 0.3000000119
8059  42.062  -73.136  -29.687 0.3000000119
8753  42.195  -72.968  -28.072 0.3000000119
7359  40.458  -75.035  -30.375 0.4000000060
6728  39.826  -75.360  -31.186 0.4000000060
7380  39.437  -75.265  -32.155 0.4000000060
8094  41.260  -73.428  -33.068 0.4000000060
10958  42.111  -70.237  -28.908 0.3000000119
8752  42.441  -72.259  -27.736 0.3000000119
123908  40.541  -74.292  -28.613 0.3000000119
8754  41.753  -73.271  -27.854 0.3000000119
7345  38.987  -74.740  -28.932 0.4000000060
7352  38.582  -75.013  -29.526 0.3000000119
126771  42.580  -69.912  -29.602 0.3000000119
10977  42.742  -69.984  -29.897 0.3000000119
10994  42.792  -70.092  -30.308 0.3000000119
125966  42.331  -72.319  -31.908 0.4000000060
125672  42.557  -69.516  -33.750 0.3000000119
8741  40.966  -72.895  -27.432 0.3000000119
8038  38.963  -73.295  -27.969 0.3000000119
10927  24.934  -69.295  -25.874 0.4000000060
3392  33.979  -81.211  -31.024 0.3000000119
3836  35.698  -79.856  -28.834 0.3000000119
4927  35.736  -78.640  -30.357 0.3000000119
5470  35.777  -77.124  -26.860 0.3000000119
5487  35.844  -77.645  -29.567 0.3000000119
5488  35.566  -77.039  -29.595 0.3000000119
5504  35.675  -78.151  -30.937 0.3000000119
6066  33.714  -75.645  -27.824 0.3000000119
6082  32.529  -75.788  -29.437 0.3000000119
6092  33.821  -76.660  -30.904 0.3000000119
6710  32.804  -74.567  -27.967 0.3000000119
6725  32.103  -75.197  -29.222 0.3000000119
6730  38.896  -75.542  -30.228 0.3000000119
6734  39.137  -75.586  -31.571 0.3000000119
6741  38.060  -75.013  -32.344 0.3000000119
6745  38.579  -74.993  -33.616 0.4000000060
6746  38.203  -74.980  -33.474 0.3000000119
7341  33.040  -74.190  -27.441 0.3000000119
7344  39.946  -74.826  -29.030 0.4000000060
7348  32.540  -74.375  -28.468 0.3000000119
7354  36.816  -74.144  -29.751 0.3000000119
7356  32.132  -74.534  -29.092 0.3000000119
7360  38.252  -75.079  -30.052 0.3000000119
7367  41.028  -74.423  -30.506 0.4000000060
7370  35.845  -73.783  -31.918 0.5000000000
7382  36.685  -74.191  -32.402 0.5000000000
7398  39.970  -74.326  -33.601 0.4000000060
7400  37.671  -74.816  -33.611 0.4000000060
7416  39.657  -74.164  -34.220 0.3000000119
7423  33.711  -73.714  -34.407 0.5000000000
7424  32.709  -73.769  -34.207 0.4000000060
7436  38.557  -74.280  -35.145 0.4000000060
7438  37.055  -74.570  -35.971 0.4000000060
7457  35.909  -74.010  -36.660 0.4000000060
8046  41.777  -73.587  -28.465 0.4000000060
8047  41.196  -73.763  -28.152 0.3000000119
8060  41.674  -73.767  -29.232 0.3000000119
8066  32.346  -73.908  -29.425 0.3000000119
8082  34.950  -73.554  -31.595 0.5000000000
8085  32.205  -73.855  -31.088 0.5000000000
8097  33.551  -73.724  -32.019 0.5000000000
8098  32.635  -73.852  -31.822 0.5000000000
8120  39.538  -73.707  -34.575 0.4000000060
8152  37.765  -73.399  -37.008 0.4000000060
8153  36.378  -73.850  -37.266 0.4000000060
8174  32.926  -72.997  -37.240 0.4000000060
8183  34.687  -72.464  -37.774 0.4000000060
8739  42.375  -71.861  -27.037 0.3000000119
8742  39.519  -72.596  -27.493 0.3000000119
8769  42.103  -73.008  -30.434 0.3000000119
8777  41.957  -73.161  -31.329 0.3000000119
8786  41.856  -72.905  -32.565 0.4000000060
8846  37.181  -72.036  -37.491 0.4000000060
8847  36.580  -72.297  -37.775 0.4000000060
8865  35.852  -71.803  -37.733 0.4000000060
8866  35.423  -72.302  -37.866 0.4000000060
9432  42.386  -71.342  -26.997 0.3000000119
9433  42.055  -71.166  -26.533 0.3000000119
9446  42.517  -71.682  -27.518 0.3000000119
9492  39.141  -71.896  -32.767 0.5000000000
9504  41.788  -71.911  -34.185 0.4000000060
9506  38.923  -72.406  -33.821 0.4000000060
9548  36.882  -71.474  -37.115 0.4000000060
9562  34.450  -71.275  -37.619 0.4000000060
10170  22.764  -69.871  -24.851 0.5000000000
10179  24.175  -70.169  -26.128 0.5000000000
10180  23.640  -70.261  -25.718 0.5000000000
10188  41.574  -70.333  -25.931 0.3000000119
10210  42.388  -71.026  -28.457 0.3000000119
10220  42.630  -70.857  -29.740 0.3000000119
10228  42.714  -70.907  -30.412 0.3000000119
10230  38.703  -70.388  -30.587 0.6999999881
10240  39.805  -70.522  -31.517 0.6999999881
10242  37.990  -71.038  -31.814 0.6000000238
10252  42.650  -70.792  -33.212 0.3000000119
10263  42.474  -70.931  -34.111 0.4000000060
10278  41.053  -70.197  -35.094 0.4000000060
10280  37.379  -71.176  -34.044 0.5000000000
10282  36.113  -70.223  -34.951 0.4000000060
10293  41.708  -70.091  -35.121 0.3000000119
10312  34.937  -70.266  -36.989 0.5000000000
10324  33.642  -70.240  -37.315 0.4000000060
10909  41.822  -68.543  -24.501 0.3000000119
10916  22.482  -69.291  -24.585 0.5000000000
10923  32.045  -68.956  -25.723 0.6999999881
10925  30.469  -68.788  -24.970 0.6999999881
10928  24.205  -69.693  -25.476 0.4000000060
10937  31.441  -69.201  -26.417 0.6000000238
10939  25.764  -68.964  -27.229 0.5000000000
10949  32.423  -69.358  -27.490 0.6000000238
10950  31.695  -69.397  -27.296 0.5000000000
10981  36.497  -69.378  -29.550 0.6999999881
10985  31.649  -69.594  -29.534 0.6000000238
10986  30.039  -68.840  -29.184 0.5000000000
10997  38.101  -69.974  -30.003 0.6999999881
11003  31.452  -69.538  -30.280 0.6000000238
11017  35.397  -69.740  -31.764 0.6000000238
11020  32.256  -69.595  -31.577 0.6999999881
11023  29.951  -68.792  -31.437 0.6000000238
11031  35.062  -69.681  -33.264 0.6999999881
11033  32.280  -69.515  -33.003 0.6000000238
11036  29.827  -68.666  -32.762 0.5000000000
11044  40.132  -70.148  -33.380 0.4000000060
11052  30.306  -68.768  -33.331 0.6000000238
11059  42.284  -69.806  -34.647 0.3000000119
11065  32.696  -69.159  -34.902 0.6999999881
11067  31.327  -68.909  -34.293 0.6000000238
11074  40.632  -69.285  -35.035 0.4000000060
11075  35.399  -70.078  -36.197 0.4000000060
11088  35.075  -70.087  -36.574 0.4000000060
11091  32.911  -68.975  -36.897 0.5000000000
11103  33.307  -69.570  -37.149 0.5000000000
11700  31.201  -68.067  -23.407 0.6999999881
11705  23.201  -67.760  -23.694 0.5000000000
11717  32.272  -67.966  -24.395 0.6999999881
11719  30.796  -68.556  -24.075 0.6999999881
11724  24.243  -68.253  -24.135 0.5000000000
11726  22.838  -68.501  -24.217 0.5000000000
11732  32.622  -68.342  -25.154 0.6999999881
11735  28.890  -68.125  -25.369 0.6000000238
11750  27.007  -67.987  -27.187 0.5000000000
11751  26.367  -68.199  -26.727 0.5000000000
11756  41.310  -69.114  -27.941 0.3000000119
11757  40.895  -68.273  -27.655 0.3000000119
11760  34.518  -68.266  -27.156 0.6999999881
11762  29.199  -68.484  -27.082 0.5000000000
11771  42.440  -69.278  -29.391 0.3000000119
11772  41.726  -69.302  -28.679 0.3000000119
11778  34.688  -68.623  -28.026 0.6999999881
11779  33.957  -68.636  -27.751 0.6999999881
11780  29.219  -68.584  -28.764 0.5000000000
11793  35.921  -69.028  -28.864 0.6999999881
11794  35.125  -68.905  -28.616 0.6999999881
11795  29.247  -68.628  -29.784 0.5000000000
11806  39.428  -68.708  -30.520 0.6999999881
11807  39.098  -68.070  -29.966 0.6000000238
11837  42.576  -68.513  -32.196 0.3000000119
11840  38.257  -68.025  -33.466 0.4000000060
11841  29.280  -68.560  -32.038 0.5000000000
11856  42.389  -68.671  -33.343 0.3000000119
11871  39.882  -69.081  -34.854 0.4000000060
11875  29.607  -68.185  -34.679 0.6000000238
11884  41.115  -68.864  -35.075 0.4000000060
11885  40.380  -68.521  -35.114 0.4000000060
12569  30.398  -66.968  -22.367 0.6999999881
12582  31.917  -66.927  -23.576 0.6000000238
12584  30.800  -67.588  -22.783 0.6000000238
12603  32.477  -67.195  -24.148 0.6999999881
12605  28.127  -67.614  -24.306 0.6000000238
12608  23.080  -67.142  -23.691 0.5000000000
12610  21.957  -68.063  -24.703 0.5000000000
12619  27.544  -67.647  -25.728 0.5000000000
12625  41.481  -68.062  -26.094 0.3000000119
12627  36.497  -66.116  -26.942 0.6999999881
12630  34.263  -67.293  -25.551 0.6999999881
12631  27.275  -67.744  -26.558 0.6000000238
12641  28.002  -67.830  -26.684 0.6000000238
12653  38.182  -66.945  -28.872 0.6999999881
12666  38.590  -67.525  -29.425 0.6999999881
12690  38.632  -67.595  -31.500 0.5000000000
12693  35.730  -67.179  -31.582 0.6000000238
12694  34.921  -67.153  -31.363 0.6000000238
12696  32.560  -66.970  -31.414 0.6999999881
12708  36.702  -67.492  -32.686 0.6000000238
12710  34.969  -67.324  -32.353 0.6000000238
12712  32.821  -66.773  -32.191 0.6999999881
12727  34.628  -66.960  -33.769 0.6000000238
12728  33.987  -66.796  -33.220 0.6000000238
12738  41.304  -67.565  -34.505 0.4000000060
12741  37.828  -67.301  -34.730 0.4000000060
12742  35.145  -66.946  -34.226 0.6000000238
13406  29.086  -65.838  -21.752 0.6999999881
13414  30.753  -66.359  -22.512 0.6000000238
13415  29.885  -66.255  -22.056 0.6999999881
13416  28.763  -66.362  -21.897 0.6999999881
13418  26.902  -66.146  -22.336 0.6000000238
13458  32.754  -66.332  -24.745 0.6000000238
13460  30.981  -65.883  -24.554 0.6000000238
13468  35.945  -66.031  -26.380 0.6999999881
13469  35.140  -66.153  -25.911 0.6000000238
13470  33.315  -65.878  -26.486 0.6000000238
13471  32.465  -66.135  -26.257 0.6999999881
13480  37.173  -66.337  -27.641 0.6999999881
13483  31.567  -66.452  -26.954 0.6000000238
13484  30.755  -66.216  -26.705 0.6999999881
13493  37.576  -66.379  -28.507 0.6000000238
13496  35.031  -65.743  -28.454 0.6999999881
13514  37.817  -66.356  -29.283 0.6000000238
13515  37.030  -65.905  -29.264 0.6999999881
13521  30.367  -66.255  -29.410 0.6000000238
13535  38.102  -66.655  -30.116 0.8000000119
13543  30.754  -66.221  -30.976 0.6000000238
13558  31.392  -66.453  -31.509 0.6999999881
13573  32.051  -66.643  -31.928 0.6999999881
13589  25.137  -66.379  -33.803 0.5000000000
13598  35.896  -66.632  -34.509 0.5000000000
13599  34.992  -66.426  -34.108 0.6000000238
13602  32.794  -65.738  -33.331 0.6000000238
13603  26.659  -65.782  -34.647 0.5000000000
13611  40.077  -67.501  -35.041 0.4000000060
13612  39.278  -67.268  -34.984 0.4000000060
13613  37.965  -66.598  -35.007 0.4000000060
13614  37.279  -66.474  -34.962 0.5000000000
14241  28.509  -65.334  -21.626 0.6999999881
14243  27.156  -64.936  -21.720 0.6999999881
14251  28.907  -65.111  -21.774 0.6999999881
14253  25.464  -66.005  -22.979 0.6000000238
14269  30.585  -65.750  -22.863 0.6000000238
14270  29.855  -65.344  -22.652 0.6999999881
14271  25.460  -65.621  -23.171 0.6000000238
14281  25.756  -64.916  -24.317 0.5000000000
14290  24.514  -65.758  -23.821 0.5000000000
14294  36.122  -65.742  -26.823 0.6000000238
14296  34.745  -65.767  -26.113 0.6000000238
14297  33.908  -65.832  -25.869 0.6000000238
14310  35.011  -65.534  -26.832 0.6999999881
14313  29.667  -65.401  -27.033 0.6999999881
14314  26.277  -65.436  -27.704 0.4000000060
14324  36.261  -65.459  -28.042 0.6000000238
14337  36.473  -65.642  -28.727 0.6999999881
14361  30.741  -65.331  -31.727 0.6000000238
14363  26.882  -66.134  -31.636 0.6000000238
14371  31.091  -65.451  -32.486 0.6000000238
14372  27.487  -65.325  -31.960 0.5000000000
14376  42.184  -65.228  -32.702 0.3000000119
14377  41.511  -65.259  -33.243 0.4000000060
14378  40.826  -65.233  -33.697 0.4000000060
14381  31.404  -64.644  -33.635 0.6000000238
14383  26.845  -65.846  -33.633 0.5000000000
14393  34.457  -65.796  -33.747 0.6000000238
14394  33.487  -65.349  -33.706 0.6000000238
14395  32.788  -65.290  -33.701 0.6000000238
14403  27.264  -64.918  -35.933 0.5000000000
14405  26.225  -65.901  -35.592 0.5000000000
15044  28.334  -64.706  -21.557 0.6999999881
15046  26.959  -64.079  -21.698 0.6999999881
15054  28.681  -64.342  -21.773 0.6999999881
15071  26.195  -64.453  -22.883 0.6000000238
15076  29.197  -64.834  -24.434 0.8000000119
15077  28.843  -64.168  -24.086 0.6999999881
15080  29.205  -64.758  -25.326 0.8000000119
15082  26.055  -64.382  -25.042 0.5000000000
15086  29.061  -64.150  -25.396 0.8000000119
15087  26.275  -64.162  -26.850 0.5000000000
15109  29.806  -64.007  -29.091 0.6000000238
15119  29.799  -64.748  -29.469 0.6000000238
15120  27.338  -64.836  -29.498 0.6000000238
15129  27.625  -64.768  -30.526 0.6000000238
15137  30.533  -64.682  -31.311 0.6000000238
15151  35.622  -64.155  -32.427 0.5000000000
15153  28.257  -64.330  -33.163 0.5000000000
15154  28.052  -64.568  -32.187 0.5000000000
15162  36.038  -64.678  -32.888 0.4000000060
15173  34.625  -64.423  -33.574 0.6000000238
15175  33.441  -64.513  -34.112 0.4000000060
15177  31.814  -64.484  -33.992 0.5000000000
15178  31.000  -64.090  -34.067 0.5000000000
15180  27.950  -64.840  -34.655 0.5000000000
15185  27.811  -64.536  -35.492 0.5000000000
15813  27.899  -63.443  -21.428 0.6000000238
15815  26.845  -63.104  -21.731 0.6000000238
15821  26.492  -63.097  -22.363 0.6000000238
15834  28.612  -63.317  -22.570 0.6999999881
15859  26.415  -63.158  -27.287 0.6000000238
15876  30.138  -63.762  -29.775 0.6000000238
15885  28.274  -63.402  -30.760 0.6000000238
15911  43.039  -63.521  -32.212 0.3000000119
15912  42.178  -63.591  -32.295 0.3000000119
15915  38.085  -63.727  -31.113 0.4000000060
15925  28.385  -63.701  -33.782 0.5000000000
15932  30.821  -63.355  -34.390 0.5000000000
15933  28.374  -63.483  -34.764 0.5000000000
16635  28.015  -61.861  -22.001 0.6000000238
16652  28.353  -62.720  -22.034 0.6000000238
16653  26.572  -62.331  -22.093 0.6000000238
16674  26.155  -62.387  -24.230 0.6000000238
16678  29.303  -62.765  -25.433 0.8000000119
16680  26.069  -62.135  -25.848 0.5000000000
16688  30.225  -62.476  -26.296 0.6000000238
16690  26.186  -61.836  -26.594 0.5000000000
16706  26.678  -62.451  -27.768 0.6000000238
16719  27.644  -62.271  -28.734 0.6000000238
16733  28.574  -62.175  -29.815 0.6000000238
16771  37.998  -62.466  -30.150 0.3000000119
16772  37.143  -62.607  -30.653 0.4000000060
16775  30.727  -62.971  -31.635 0.6000000238
16776  28.610  -62.520  -31.144 0.5000000000
16792  41.647  -63.070  -31.451 0.3000000119
16795  35.969  -62.658  -31.860 0.4000000060
16827  28.412  -62.479  -34.860 0.5000000000
16839  32.222  -62.732  -35.191 0.5000000000
17555  27.036  -61.348  -21.638 0.6000000238
17556  26.799  -60.778  -21.927 0.6000000238
17590  26.144  -61.091  -23.301 0.5000000000
17600  30.100  -61.485  -24.598 0.6000000238
17614  29.576  -62.081  -25.086 0.6999999881
17616  25.965  -60.846  -24.787 0.5000000000
17626  30.750  -62.047  -26.022 0.5000000000
17637  31.807  -61.596  -28.086 0.6000000238
17639  26.552  -61.646  -27.378 0.5000000000
17653  28.765  -61.450  -28.780 0.6000000238
17654  27.811  -61.609  -28.476 0.6000000238
17655  27.114  -61.921  -28.120 0.6000000238
17680  43.987  -61.100  -30.581 0.3000000119
17700  28.807  -61.712  -31.510 0.6000000238
17753  28.284  -61.316  -35.862 0.5000000000
18470  27.029  -60.142  -22.126 0.6000000238
18485  31.976  -60.203  -23.734 0.5000000000
18487  30.036  -60.093  -23.547 0.5000000000
18490  26.239  -60.193  -23.220 0.6000000238
18503  31.501  -60.729  -24.329 0.5000000000
18506  28.759  -60.978  -23.720 0.6999999881
18516  26.168  -60.250  -25.335 0.5000000000
18525  27.144  -60.160  -26.622 0.6000000238
18551  29.239  -60.896  -28.299 0.6000000238
18569  30.001  -60.208  -29.460 0.6000000238
18570  29.626  -61.068  -29.132 0.6000000238
18610  28.924  -60.885  -31.700 0.6000000238
18623  28.566  -60.236  -33.368 0.5000000000
19423  30.041  -58.708  -22.556 0.4000000060
19424  29.048  -58.665  -22.552 0.4000000060
19426  27.368  -59.424  -22.575 0.5000000000
19442  30.516  -59.402  -23.032 0.4000000060
19444  28.595  -59.532  -22.783 0.6000000238
19456  26.614  -59.293  -23.740 0.5000000000
19466  29.139  -58.910  -25.752 0.5000000000
19467  28.086  -59.026  -25.432 0.6000000238
19468  27.135  -59.151  -25.222 0.5000000000
19469  26.482  -59.491  -24.844 0.5000000000
19492  30.046  -59.672  -27.499 0.6000000238
19544  28.917  -59.947  -31.738 0.6000000238
20382  29.058  -58.124  -22.543 0.5000000000
20384  27.840  -58.802  -22.813 0.6000000238
20406  30.084  -57.749  -24.746 0.6000000238
20408  28.045  -58.002  -23.878 0.5000000000
20409  27.355  -58.558  -23.785 0.5000000000
20434  30.003  -58.563  -26.225 0.6000000238
20442  30.434  -58.334  -27.446 0.6000000238
20460  29.970  -59.127  -29.669 0.6000000238
21355  31.555  -57.484  -22.015 0.5000000000
21358  28.762  -57.912  -22.789 0.5000000000
21370  31.135  -57.109  -22.610 0.4000000060
21416  30.954  -57.343  -26.310 0.5000000000
21440  30.386  -57.726  -27.846 0.6000000238
21452  28.771  -57.352  -30.143 0.5000000000
21466  29.231  -58.200  -30.124 0.6000000238
21494  28.331  -57.639  -32.777 0.5000000000
22366  31.765  -56.640  -22.201 0.4000000060
22403  31.379  -56.471  -25.229 0.5000000000
22418  31.182  -56.716  -25.968 0.5000000000
22419  30.834  -56.823  -26.741 0.4000000060
22437  29.952  -56.282  -27.870 0.4000000060
22464  29.269  -56.878  -28.917 0.6000000238
23389  31.643  -55.388  -23.402 0.4000000060
23418  30.855  -55.561  -25.525 0.4000000060
23434  31.189  -56.175  -25.611 0.4000000060
23460  28.689  -55.311  -28.766 0.4000000060
23474  28.566  -55.701  -29.634 0.4000000060
24395  29.210  -54.264  -26.084 0.4000000060
24408  29.355  -54.672  -26.579 0.4000000060
25398  28.502  -53.788  -27.358 0.4000000060
26320  29.231  -51.984  -23.161 0.4000000060
27240  29.871  -51.142  -22.080 0.4000000060
28114  29.700  -50.239  -22.627 0.4000000060
28160  29.250  -50.361  -27.578 0.3000000119
28175  22.300  -50.539  -28.855 0.3000000119
28188  29.158  -49.911  -29.926 0.3000000119
28210  29.211  -50.753  -31.124 0.3000000119
28216  23.227  -50.319  -31.126 0.4000000060
28978  29.914  -49.241  -23.022 0.4000000060
29048  22.085  -49.818  -27.139 0.3000000119
29064  29.035  -49.047  -28.715 0.3000000119
29078  21.182  -49.233  -29.405 0.3000000119
29089  21.575  -49.287  -29.957 0.3000000119
29096  28.293  -50.199  -32.039 0.3000000119
29097  27.583  -49.525  -32.109 0.3000000119
29945  29.819  -48.837  -26.629 0.4000000060
29958  28.783  -48.559  -27.603 0.3000000119
29970  28.594  -48.494  -28.380 0.3000000119
29972  20.736  -48.809  -28.991 0.3000000119
29973  20.352  -48.288  -28.334 0.3000000119
29984  28.184  -47.883  -29.831 0.3000000119
29985  21.735  -48.599  -30.205 0.3000000119
29986  21.108  -48.600  -29.814 0.3000000119
29995  26.907  -47.414  -31.250 0.3000000119
29997  22.207  -49.121  -30.451 0.4000000060
30001  27.099  -48.689  -31.964 0.3000000119
31009  29.425  -48.253  -26.291 0.3000000119
31022  19.948  -47.795  -27.739 0.3000000119
31033  19.861  -47.153  -28.027 0.3000000119
31041  27.081  -46.676  -29.750 0.3000000119
31048  25.228  -46.850  -31.048 0.3000000119
31057  24.902  -47.821  -31.132 0.3000000119
31919  30.349  -46.690  -24.439 0.3000000119
31921  29.000  -46.648  -24.578 0.3000000119
31938  25.841  -46.508  -25.934 0.3000000119
31962  26.124  -45.459  -27.844 0.3000000119
31975  20.005  -46.385  -28.302 0.3000000119
31982  26.554  -45.988  -29.527 0.3000000119
31984  24.931  -45.555  -30.417 0.3000000119
31986  22.887  -46.476  -29.860 0.3000000119
31987  21.532  -46.966  -29.450 0.3000000119
31988  20.626  -46.254  -28.815 0.3000000119
31989  20.159  -45.748  -28.642 0.3000000119
31993  25.521  -46.082  -30.692 0.3000000119
31994  24.635  -46.317  -30.772 0.3000000119
31995  23.687  -46.666  -30.375 0.3000000119
32880  25.691  -44.971  -28.327 0.3000000119
32881  25.058  -44.378  -27.944 0.3000000119
32891  19.881  -45.012  -28.833 0.3000000119
32899  23.463  -44.970  -29.863 0.3000000119
32907  21.771  -44.759  -30.109 0.3000000119
32908  21.323  -45.338  -29.720 0.3000000119
33777  24.455  -43.839  -28.169 0.3000000119
33778  23.958  -43.373  -27.938 0.3000000119
33786  19.961  -44.081  -28.874 0.3000000119
33787  19.722  -44.571  -28.126 0.3000000119
33796  22.644  -44.860  -29.898 0.3000000119
33797  21.480  -43.997  -30.093 0.3000000119
34758  22.951  -43.274  -29.431 0.3000000119
119219  28.418  -63.515  -33.123 0.5000000000
119658  26.354  -61.685  -22.675 0.6000000238
120230  26.837  -67.478  -25.091 0.5000000000
120243  34.951  -73.333  -37.284 0.4000000060
120603  26.253  -63.231  -23.842 0.6000000238
120908  30.182  -63.127  -29.197 0.6000000238
121102  29.616  -68.728  -27.900 0.5000000000
121146  25.175  -66.447  -32.167 0.5000000000
121744  35.395  -73.745  -34.060 0.5000000000
121772  35.606  -66.735  -26.272 0.6999999881
122050  26.947  -50.815  -32.527 0.3000000119
122054  39.690  -74.876  -32.930 0.4000000060
122060  27.988  -64.184  -30.851 0.6000000238
122815  34.169  -73.439  -36.857 0.4000000060
123102  26.401  -66.205  -33.113 0.5000000000
123178  27.622  -47.521  -28.349 0.4000000060
123233  29.487  -63.620  -26.515 0.8000000119
123292  29.730  -58.282  -29.379 0.6000000238
123648  39.626  -66.851  -34.864 0.4000000060
124129  40.249  -75.067  -29.625 0.4000000060
124490  20.262  -44.580  -29.451 0.3000000119
124620  39.266  -75.672  -30.833 0.4000000060
124789  28.645  -53.329  -26.205 0.4000000060
125020  27.406  -65.399  -34.191 0.5000000000
125529  31.380  -61.820  -27.338 0.6000000238
126053  29.846  -49.916  -26.207 0.4000000060
126399  31.907  -69.523  -32.247 0.6999999881
126511  31.860  -69.619  -30.902 0.6999999881
126549  26.139  -62.970  -25.808 0.5000000000
126720  29.470  -50.578  -26.167 0.4000000060
127253  31.132  -69.469  -29.031 0.5000000000
127340  40.270  -74.447  -32.881 0.4000000060
127628  26.898  -65.540  -29.051 0.6000000238
127649  23.061  -70.266  -25.333 0.5000000000
127780  34.202  -67.157  -31.945 0.6000000238
127984  27.584  -67.555  -24.907 0.6000000238
127989  36.785  -74.317  -33.419 0.4000000060
128130  30.372  -54.893  -25.233 0.4000000060
128309  29.296  -64.872  -26.749 0.8000000119
128454  30.845  -74.572  -31.654 0.3000000119
128676  28.763  -58.897  -31.734 0.5000000000
128698  26.720  -49.360  -32.231 0.3000000119
128720  29.653  -54.493  -25.525 0.4000000060
129089  41.394  -66.760  -25.435 0.3000000119
129332  26.688  -65.527  -22.161 0.6999999881
129715  37.072  -73.736  -37.314 0.4000000060
129774  35.611  -65.426  -28.003 0.6999999881
129800  42.494  -71.322  -28.859 0.3000000119
129921  27.716  -47.323  -29.458 0.4000000060
130219  27.743  -60.900  -22.337 0.6000000238
130647  24.256  -45.176  -30.129 0.3000000119
130884  30.569  -69.191  -28.682 0.5000000000
131641  38.692  -66.785  -35.134 0.4000000060
131856  31.464  -66.859  -30.112 0.6999999881
132817  31.764  -66.842  -28.791 0.6999999881
132823  32.923  -73.585  -29.820 0.5000000000
132859  28.732  -67.741  -23.703 0.6000000238
132998  28.236  -64.038  -21.513 0.6999999881
133034  27.407  -62.792  -21.484 0.6000000238
133137  29.205  -51.120  -28.804 0.3000000119
134126  30.462  -69.100  -30.862 0.6000000238
134582  31.375  -64.193  -34.124 0.5000000000
134978  23.015  -50.759  -27.958 0.3000000119
135686  28.505  -61.174  -33.306 0.6000000238
135753  34.530  -69.382  -30.802 0.6999999881
135977  42.506  -71.463  -28.062 0.3000000119
136238  28.486  -58.535  -32.599 0.6000000238
136291  28.624  -58.158  -31.433 0.6000000238
136568  30.300  -65.592  -24.460 0.6999999881
137106  31.624  -68.837  -35.007 0.6000000238
137121  26.335  -62.329  -27.150 0.5000000000
137130  30.516  -58.291  -22.334 0.5000000000
137140  38.141  -74.689  -35.011 0.3000000119
137158  34.101  -81.976  -29.368 0.3000000119
137409  27.052  -60.764  -21.790 0.6000000238
137535  27.794  -60.046  -22.500 0.6000000238
137542  38.959  -75.464  -32.301 0.4000000060
137807  37.652  -70.626  -31.357 0.6999999881
137827  37.240  -74.531  -31.174 0.3000000119
138087  31.684  -55.830  -23.723 0.4000000060
138323  39.530  -68.600  -31.165 0.5000000000
138566  29.328  -64.329  -26.862 0.8000000119
138637  35.801  -71.283  -37.410 0.4000000060
138692  25.561  -66.351  -22.983 0.6000000238
138851  20.123  -47.660  -28.484 0.3000000119
139331  28.435  -47.955  -26.194 0.4000000060
139602  35.767  -79.059  -28.819 0.3000000119
140310  27.708  -47.404  -28.886 0.4000000060
140375  22.389  -42.628  -29.007 0.3000000119
140903  40.212  -68.055  -35.181 0.4000000060
141018  34.134  -63.322  -34.578 0.4000000060
141050  23.352  -49.701  -31.058 0.4000000060
141081  37.508  -74.538  -35.902 0.4000000060
141091  29.104  -50.128  -30.682 0.3000000119
141101  28.568  -60.797  -32.841 0.6000000238
141345  29.501  -60.142  -30.594 0.6000000238
141369  30.562  -68.920  -25.613 0.6999999881
141460  27.192  -67.013  -23.456 0.4000000060
142055  28.314  -57.123  -31.177 0.4000000060
142079  40.844  -62.817  -30.561 0.3000000119
142887  40.244  -69.205  -34.957 0.4000000060
143083  35.292  -67.369  -33.143 0.6000000238
143770  33.873  -70.827  -37.503 0.4000000060
