#!ascii label  , from subject sub-v1s0x0050642_ses-1 vox2ras=TkReg
1876
11069  22.958  -69.299  -34.089 0.6999999881
9509  22.748  -71.119  -32.792 0.8000000119
132769  22.316  -71.211  -32.061 0.8000000119
9479  22.340  -72.081  -31.838 0.6999999881
11080  22.944  -69.697  -35.570 0.6000000238
10285  22.818  -69.903  -34.675 0.6000000238
9494  22.813  -72.054  -32.184 0.6000000238
125811  23.200  -69.613  -36.335 0.6000000238
10245  21.987  -70.202  -31.775 0.8000000119
127891  21.744  -71.352  -31.598 0.6999999881
9480  21.029  -71.326  -31.227 0.6999999881
9495  20.391  -71.275  -31.752 0.6999999881
133322  23.084  -69.452  -34.936 0.6000000238
10257  22.512  -70.229  -32.628 0.6999999881
138343  20.994  -71.603  -31.585 0.6999999881
11093  23.911  -69.169  -36.787 0.6000000238
11110  24.042  -69.075  -37.792 0.6000000238
11094  23.295  -69.638  -37.222 0.6000000238
139189  24.935  -69.646  -39.791 0.6000000238
10342  24.158  -69.748  -39.314 0.6000000238
10233  21.075  -69.587  -30.376 0.8000000119
10234  20.302  -70.002  -29.773 0.8000000119
9472  19.053  -70.523  -30.176 0.6999999881
9473  18.311  -71.403  -29.798 0.6999999881
9474  17.684  -71.621  -30.535 0.6999999881
11026  21.683  -69.479  -31.167 0.8000000119
9471  20.044  -70.537  -30.389 0.6999999881
121926  18.452  -70.838  -30.643 0.6999999881
11038  22.468  -69.415  -32.359 0.6999999881
10246  21.299  -70.494  -31.082 0.8000000119
9481  20.192  -70.928  -31.052 0.6999999881
11054  23.081  -68.928  -33.410 0.6999999881
11079  23.723  -69.251  -35.697 0.6999999881
11929  24.693  -68.619  -37.340 0.6000000238
11911  24.597  -68.676  -36.365 0.6000000238
139157  24.812  -69.284  -39.348 0.6000000238
11122  24.391  -69.145  -38.723 0.6000000238
10356  26.139  -70.340  -39.716 0.6000000238
8877  26.809  -72.212  -39.637 0.6999999881
9606  26.478  -71.811  -40.108 0.6000000238
8193  27.358  -74.475  -39.081 0.5000000000
8885  26.827  -73.042  -39.470 0.6000000238
7482  28.048  -75.325  -38.929 0.5000000000
10222  20.129  -70.227  -28.712 0.8999999762
10235  19.552  -70.464  -29.446 0.8000000119
9465  18.427  -72.400  -28.889 0.6999999881
11009  21.712  -68.956  -30.637 0.6999999881
8770  17.798  -72.612  -29.494 0.6999999881
11847  23.650  -68.625  -33.015 0.8000000119
11024  22.568  -68.764  -31.997 0.8000000119
11053  23.732  -68.820  -33.820 0.8000000119
11895  25.779  -68.359  -35.492 0.6999999881
134411  25.285  -68.381  -36.113 0.8000000119
11910  25.343  -68.194  -36.949 0.8000000119
11928  25.541  -68.304  -37.808 0.6999999881
11940  25.706  -68.527  -38.494 0.6999999881
10341  26.001  -69.371  -39.378 0.6000000238
9584  26.757  -71.729  -39.286 0.6999999881
8189  27.059  -73.443  -39.131 0.6999999881
10990  21.597  -68.874  -29.829 0.8999999762
10223  19.451  -70.917  -28.753 0.8000000119
8762  17.899  -73.452  -28.611 0.6999999881
11830  22.906  -68.501  -31.450 0.8000000119
11008  22.288  -68.580  -30.363 0.8000000119
11829  23.482  -68.491  -32.058 0.6999999881
11878  26.528  -68.264  -34.833 0.6999999881
11862  25.503  -68.637  -33.726 0.6000000238
11879  24.659  -68.725  -34.243 0.8000000119
11894  26.456  -67.955  -35.809 0.8000000119
11909  26.169  -67.851  -37.411 0.8000000119
11939  26.363  -68.519  -38.418 0.6999999881
11109  26.780  -69.492  -37.886 0.8000000119
11121  25.869  -68.852  -39.019 0.6999999881
11092  26.887  -70.331  -36.654 0.8000000119
118169  26.833  -72.461  -36.245 0.6999999881
9566  26.214  -71.086  -37.631 0.6999999881
127168  26.338  -69.552  -38.322 0.6999999881
8184  27.140  -73.402  -38.326 0.6999999881
8870  26.757  -71.719  -38.369 0.6999999881
120381  20.241  -68.451  -33.955 0.6000000238
12746  20.912  -68.292  -34.315 0.6000000238
12759  21.587  -68.010  -35.932 0.6000000238
12766  22.302  -67.680  -36.756 0.6999999881
10214  21.083  -69.856  -28.217 0.8999999762
9459  19.145  -72.124  -28.292 0.6999999881
11845  25.491  -68.593  -32.856 0.6000000238
11861  26.918  -68.256  -33.874 0.6000000238
120472  26.278  -68.503  -33.289 0.6000000238
123785  27.184  -67.732  -35.585 0.6999999881
12763  28.378  -67.255  -37.123 0.6999999881
12756  27.782  -67.425  -36.353 0.6999999881
10198  18.676  -71.061  -26.137 0.6999999881
10207  17.465  -71.208  -27.060 0.6999999881
12777  28.038  -67.521  -37.861 0.8000000119
12757  26.863  -67.575  -36.720 0.8000000119
10944  18.597  -69.892  -26.493 0.6000000238
10956  18.057  -69.508  -27.200 0.6000000238
10972  16.903  -69.934  -28.596 0.6999999881
12778  27.086  -67.695  -37.813 0.6999999881
10971  17.584  -69.429  -28.058 0.5000000000
11803  17.433  -69.162  -29.126 0.6999999881
11108  27.142  -69.684  -37.618 0.8000000119
11119  27.096  -68.491  -38.438 0.8000000119
10955  18.741  -68.965  -26.979 0.5000000000
11768  18.339  -68.754  -27.835 0.5000000000
120370  26.182  -72.007  -35.735 0.6999999881
11767  19.109  -68.206  -27.586 0.5000000000
12647  20.262  -67.275  -27.945 0.6000000238
12660  19.627  -67.557  -28.213 0.5000000000
11801  18.954  -68.142  -29.758 0.6000000238
11831  19.042  -68.250  -30.772 0.6999999881
11850  18.526  -68.627  -32.970 0.6999999881
143895  20.224  -67.215  -29.991 0.5000000000
12681  19.681  -67.738  -30.296 0.6000000238
11849  19.087  -68.433  -31.856 0.6000000238
11864  20.182  -68.272  -33.040 0.6000000238
12659  20.276  -67.062  -28.645 0.6000000238
12698  20.590  -67.648  -31.622 0.6000000238
12715  20.799  -67.859  -32.503 0.6000000238
12667  20.499  -66.889  -29.424 0.5000000000
12680  20.406  -67.415  -30.745 0.5000000000
12714  21.517  -67.453  -32.811 0.6000000238
120610  21.961  -67.837  -34.996 0.6000000238
12758  22.530  -67.650  -35.755 0.6999999881
13621  23.828  -67.031  -37.264 0.6000000238
124009  23.466  -66.860  -37.843 0.6999999881
13566  21.133  -67.074  -31.145 0.6000000238
13577  21.841  -66.899  -32.344 0.6000000238
12730  22.610  -66.994  -33.863 0.6000000238
13607  23.342  -66.959  -34.529 0.6999999881
129635  24.699  -66.649  -35.662 0.5000000000
9458  19.840  -71.308  -28.040 0.8999999762
11828  24.587  -68.488  -31.476 0.6000000238
11813  23.684  -68.492  -30.936 0.6999999881
9453  19.740  -72.415  -27.443 0.8000000119
8763  17.155  -73.709  -28.864 0.6999999881
8748  18.753  -73.166  -27.073 0.6999999881
9452  20.265  -72.411  -26.756 0.8000000119
11877  27.465  -67.893  -34.585 0.6999999881
9430  19.194  -71.862  -25.799 0.8000000119
10199  18.054  -71.502  -26.479 0.6000000238
10185  19.385  -71.243  -25.703 0.6999999881
10930  20.372  -69.928  -25.359 0.6000000238
11107  27.860  -69.280  -38.383 0.8000000119
11938  28.149  -68.383  -38.578 0.8000000119
10327  27.726  -70.359  -37.588 0.8000000119
10943  19.248  -69.434  -26.232 0.5000000000
10313  27.073  -70.623  -36.134 0.8000000119
11755  19.478  -68.552  -26.665 0.5000000000
11753  20.988  -68.145  -25.851 0.5000000000
12635  20.740  -67.669  -26.747 0.6000000238
11754  20.238  -68.308  -26.268 0.6000000238
12645  21.311  -67.258  -27.284 0.6000000238
13506  21.532  -66.591  -28.781 0.6000000238
14404  26.609  -65.353  -36.342 0.5000000000
13547  21.726  -66.458  -30.139 0.5000000000
13616  25.076  -66.496  -36.565 0.5000000000
13620  25.216  -65.980  -37.387 0.6000000238
120652  22.247  -66.359  -30.801 0.6000000238
12713  22.169  -66.911  -33.006 0.6999999881
13591  23.439  -66.619  -33.726 0.6999999881
13606  24.035  -66.827  -35.139 0.6999999881
136896  22.477  -66.366  -30.073 0.6000000238
13590  24.240  -66.482  -33.723 0.6000000238
120461  23.146  -66.295  -30.719 0.6999999881
120388  23.238  -66.351  -32.264 0.6000000238
125098  24.639  -66.395  -32.982 0.5000000000
10989  22.444  -68.649  -29.416 0.6999999881
10970  21.727  -69.086  -28.792 0.6999999881
129309  20.357  -71.896  -27.352 0.8000000119
9451  20.889  -71.731  -26.841 0.6999999881
9428  20.466  -71.712  -25.692 0.6999999881
8727  20.071  -72.426  -25.830 0.6999999881
135640  28.207  -64.218  -35.056 0.5000000000
12621  22.305  -67.386  -24.933 0.5000000000
12634  21.477  -67.569  -26.390 0.6000000238
15186  26.896  -64.512  -36.552 0.5000000000
12633  22.165  -67.329  -26.025 0.5000000000
141023  22.719  -67.095  -24.223 0.5000000000
12644  22.117  -67.302  -26.994 0.6000000238
13526  21.981  -66.427  -29.454 0.6000000238
13605  24.720  -66.500  -34.679 0.5000000000
13463  23.426  -66.616  -25.190 0.5000000000
12643  22.869  -67.198  -26.682 0.6000000238
120849  23.257  -66.638  -29.007 0.6000000238
127225  23.612  -67.148  -27.420 0.6000000238
124750  23.344  -68.811  -29.100 0.6999999881
10969  22.689  -69.098  -28.492 0.6999999881
10205  21.569  -70.750  -27.203 0.6999999881
125627  24.008  -66.523  -30.227 0.5000000000
13451  23.263  -66.599  -24.082 0.5000000000
13561  25.332  -66.521  -31.283 0.5000000000
13476  23.613  -66.966  -26.322 0.5000000000
134048  24.562  -66.987  -27.998 0.5000000000
13524  23.818  -66.626  -29.507 0.5000000000
120462  23.927  -66.397  -30.975 0.5000000000
13522  25.518  -66.533  -29.592 0.5000000000
13501  26.384  -66.084  -29.286 0.5000000000
13474  25.166  -66.317  -26.472 0.5000000000
14330  25.843  -66.145  -27.923 0.5000000000
13545  25.511  -66.549  -30.490 0.5000000000
13461  24.909  -65.961  -25.537 0.5000000000
13485  25.264  -66.600  -27.424 0.5000000000
13503  25.008  -66.772  -28.823 0.5000000000
13462  24.123  -66.077  -24.587 0.5000000000
13486  24.485  -66.922  -26.923 0.5000000000
14315  25.821  -65.917  -27.038 0.5000000000
126269  27.850  -62.005  -36.208 0.6000000238
139841  26.716  -62.791  -36.241 0.6000000238
16842  28.269  -62.145  -35.699 0.5000000000
18643  28.192  -60.461  -35.873 0.6999999881
128558  27.137  -62.110  -36.241 0.6000000238
16861  24.883  -62.867  -36.405 0.6000000238
17756  24.580  -61.677  -35.434 0.6999999881
19585  27.966  -59.834  -35.842 0.6000000238
18639  27.041  -60.621  -36.052 0.6999999881
16845  25.216  -62.294  -35.818 0.6999999881
16862  23.882  -62.878  -36.363 0.6999999881
18642  24.051  -61.159  -35.024 0.8000000119
20514  28.399  -58.726  -34.885 0.5000000000
18638  28.443  -59.919  -35.417 0.5000000000
18640  25.909  -60.597  -35.555 0.8000000119
139749  26.577  -60.010  -35.715 0.6000000238
140746  23.091  -60.539  -34.227 0.6999999881
20496  28.446  -58.273  -33.452 0.5000000000
19563  28.545  -59.112  -33.905 0.5000000000
18630  24.212  -60.347  -34.881 0.6999999881
17725  23.311  -62.305  -34.514 0.6999999881
19583  25.014  -59.997  -35.189 0.6999999881
19581  27.604  -59.185  -35.657 0.6999999881
138156  22.794  -61.736  -33.124 0.6999999881
19572  23.578  -59.996  -34.456 0.6999999881
136987  28.269  -58.100  -34.960 0.6000000238
132501  26.724  -59.324  -35.559 0.8000000119
22466  23.654  -57.311  -28.483 0.6999999881
135431  23.274  -57.807  -29.132 0.8000000119
23489  28.392  -55.999  -30.305 0.4000000060
18618  22.457  -60.833  -32.717 0.6999999881
22494  28.252  -56.615  -31.559 0.5000000000
19573  22.980  -59.881  -34.014 0.6999999881
22511  28.194  -56.852  -33.313 0.6000000238
21514  28.152  -57.364  -34.631 0.6000000238
20526  25.177  -59.266  -35.065 0.6999999881
21521  27.580  -57.800  -35.162 0.8000000119
21522  26.489  -57.927  -34.947 0.8000000119
23421  18.624  -55.820  -25.014 0.5000000000
24411  18.200  -54.837  -26.588 0.5000000000
23454  18.220  -55.108  -27.091 0.5000000000
23419  23.910  -55.369  -25.556 0.5000000000
24427  24.829  -54.808  -27.419 0.6000000238
124832  24.960  -54.208  -26.642 0.6000000238
24410  23.005  -55.323  -25.860 0.6000000238
25442  20.364  -53.917  -30.558 0.6000000238
22438  24.163  -56.752  -26.939 0.6999999881
22420  23.931  -56.341  -26.259 0.6999999881
22453  24.143  -56.737  -28.000 0.6999999881
21427  22.823  -57.689  -27.059 0.6999999881
21506  22.684  -57.789  -33.352 0.6999999881
21495  22.569  -57.453  -32.433 0.6999999881
21480  22.567  -57.257  -31.471 0.8000000119
123852  28.258  -55.878  -32.204 0.5000000000
19564  22.610  -59.798  -33.414 0.6999999881
23514  28.168  -55.987  -33.264 0.6000000238
121597  23.936  -58.451  -34.495 0.8000000119
21515  27.890  -57.111  -34.835 0.6999999881
21518  24.750  -57.756  -34.344 0.8000000119
20516  24.936  -58.620  -34.729 0.8000000119
23390  18.494  -55.643  -23.522 0.5000000000
24400  18.107  -54.755  -25.709 0.6000000238
24412  17.399  -54.195  -26.503 0.5000000000
24421  17.819  -54.277  -27.184 0.6000000238
24420  17.997  -54.648  -27.450 0.6000000238
24445  18.457  -54.095  -29.005 0.6000000238
26385  18.989  -52.792  -29.006 0.6000000238
25430  19.490  -53.370  -29.695 0.5000000000
25382  24.873  -53.691  -25.999 0.5000000000
25368  23.395  -54.319  -25.271 0.5000000000
121700  24.597  -53.922  -28.283 0.6000000238
24428  22.515  -54.290  -27.370 0.6000000238
23462  22.456  -55.217  -27.356 0.6999999881
25443  19.638  -53.764  -30.457 0.6000000238
24441  24.417  -54.799  -28.740 0.6000000238
23461  24.550  -55.870  -27.741 0.6999999881
22440  22.793  -56.881  -26.522 0.6999999881
23439  23.189  -56.057  -26.043 0.6999999881
137325  21.828  -56.343  -28.279 0.8000000119
24443  21.890  -54.284  -29.460 0.6999999881
24442  23.930  -55.043  -29.573 0.6999999881
134311  23.837  -56.441  -28.960 0.6999999881
24459  23.581  -54.763  -30.645 0.6999999881
22480  23.383  -56.621  -29.748 0.8000000119
23516  23.024  -55.620  -32.704 0.8000000119
22481  22.824  -57.206  -30.391 0.8000000119
24483  28.338  -55.109  -32.801 0.5000000000
24492  27.893  -54.316  -33.712 0.6000000238
21505  23.136  -57.291  -33.903 0.8000000119
22512  22.944  -56.143  -33.170 0.8000000119
23521  28.128  -55.743  -33.989 0.6000000238
24499  28.101  -55.013  -33.940 0.6999999881
22533  24.066  -57.037  -33.966 0.8000000119
22531  27.720  -56.269  -34.565 0.6999999881
128116  26.050  -56.705  -34.333 0.6999999881
21517  25.813  -57.395  -34.523 0.8000000119
24355  18.005  -55.202  -22.982 0.4000000060
24381  17.968  -54.810  -24.842 0.5000000000
25403  17.246  -53.072  -28.179 0.4000000060
25417  18.026  -52.961  -28.672 0.5000000000
26404  19.922  -52.605  -29.465 0.5000000000
124784  25.000  -53.307  -26.871 0.5000000000
120526  23.019  -53.591  -25.226 0.6000000238
26366  22.253  -52.859  -26.899 0.6000000238
26403  20.828  -52.579  -29.457 0.6000000238
25427  23.681  -53.271  -29.977 0.6000000238
24429  22.366  -54.239  -28.337 0.6999999881
25428  21.370  -53.267  -29.671 0.6999999881
25441  23.653  -53.837  -30.617 0.6000000238
128389  23.226  -55.244  -31.380 0.8000000119
24493  27.338  -54.280  -33.809 0.6999999881
22520  25.685  -56.017  -33.960 0.6999999881
22521  24.458  -56.160  -33.597 0.8000000119
23523  24.221  -55.441  -33.195 0.8000000119
23531  26.523  -55.579  -34.113 0.6999999881
24382  17.089  -54.422  -24.466 0.4000000060
24356  17.110  -54.736  -22.604 0.4000000060
138522  17.158  -54.941  -21.815 0.4000000060
25385  16.369  -53.512  -27.042 0.5000000000
25369  16.219  -53.810  -26.123 0.4000000060
23351  16.425  -55.401  -19.952 0.5000000000
26384  19.533  -52.046  -28.994 0.5000000000
26367  21.601  -52.112  -26.964 0.5000000000
137891  21.215  -52.202  -28.844 0.5000000000
27276  21.391  -51.897  -25.560 0.5000000000
26382  21.866  -52.489  -28.208 0.6999999881
25452  23.632  -53.924  -31.366 0.6000000238
24486  23.606  -54.654  -32.246 0.8000000119
25467  27.620  -53.558  -33.540 0.6000000238
25468  26.735  -53.661  -33.465 0.6000000238
25457  26.083  -53.155  -32.895 0.6999999881
25458  25.161  -53.485  -32.452 0.6999999881
23522  25.077  -55.429  -33.371 0.6999999881
24314  15.276  -54.836  -19.122 0.3000000119
25386  15.394  -53.263  -26.789 0.4000000060
25370  15.988  -53.959  -25.033 0.3000000119
24369  15.999  -54.144  -23.223 0.4000000060
134421  16.241  -54.382  -22.181 0.4000000060
24345  16.562  -54.774  -21.320 0.4000000060
24322  15.759  -54.644  -19.895 0.5000000000
26369  16.439  -52.495  -28.366 0.4000000060
25296  15.490  -53.992  -19.834 0.3000000119
132208  18.131  -52.138  -28.677 0.4000000060
26339  22.132  -52.123  -24.758 0.5000000000
125249  19.296  -51.494  -28.477 0.4000000060
125372  22.836  -52.223  -24.727 0.6000000238
27305  18.238  -51.341  -28.530 0.4000000060
27261  22.568  -51.391  -24.598 0.4000000060
124700  20.697  -51.452  -26.892 0.5000000000
25460  23.763  -54.100  -31.992 0.6999999881
24484  24.910  -54.242  -32.607 0.6999999881
23343  15.896  -55.591  -19.233 0.4000000060
25319  15.428  -53.987  -21.598 0.4000000060
126564  15.466  -53.343  -19.650 0.3000000119
26370  15.606  -52.552  -28.037 0.3000000119
27288  19.676  -51.091  -27.521 0.4000000060
27263  20.769  -51.024  -24.425 0.4000000060
27277  20.655  -51.348  -25.298 0.4000000060
25344  15.383  -53.837  -24.183 0.3000000119
24357  15.213  -53.932  -22.610 0.3000000119
25303  15.512  -53.899  -20.673 0.3000000119
127777  15.182  -53.441  -25.877 0.3000000119
27307  16.597  -51.279  -28.591 0.3000000119
28163  18.958  -50.463  -26.294 0.3000000119
28177  18.041  -50.606  -28.200 0.3000000119
27264  20.035  -50.803  -24.840 0.3000000119
141522  14.464  -53.593  -22.917 0.3000000119
140685  14.594  -53.446  -21.673 0.3000000119
25354  14.452  -53.467  -24.289 0.3000000119
25331  14.562  -53.579  -22.255 0.3000000119
28165  16.647  -50.391  -28.371 0.3000000119
28164  18.347  -50.333  -27.203 0.3000000119
28149  19.203  -50.407  -25.268 0.3000000119
25288  15.084  -53.976  -19.008 0.3000000119
137277  14.123  -53.276  -24.998 0.3000000119
25355  13.575  -53.174  -24.561 0.3000000119
142286  17.268  -49.485  -27.548 0.3000000119
11785  18.024  -68.735  -28.591 0.6000000238
11815  18.269  -68.504  -30.283 0.6999999881
11816  17.574  -68.910  -30.748 0.6999999881
134183  18.233  -68.635  -32.041 0.6999999881
27304  20.213  -51.503  -28.165 0.4000000060
26289  15.286  -53.108  -20.375 0.3000000119
10269  22.944  -71.133  -33.574 0.6999999881
10247  18.991  -70.400  -32.038 0.6999999881
11068  23.754  -69.051  -34.677 0.8000000119
9595  26.047  -70.940  -40.153 0.6000000238
9585  26.416  -70.881  -38.902 0.6999999881
11863  24.607  -68.616  -33.366 0.6000000238
8756  18.299  -73.359  -27.789 0.6999999881
11925  27.636  -67.928  -38.291 0.8000000119
121563  26.255  -70.452  -37.765 0.6999999881
10297  26.671  -70.949  -35.216 0.8000000119
12765  23.247  -67.452  -36.548 0.6999999881
11784  18.794  -68.128  -28.646 0.5000000000
11848  20.020  -68.177  -32.144 0.6000000238
14416  23.924  -65.755  -38.304 0.6000000238
13564  22.744  -66.323  -31.532 0.6999999881
8735  19.141  -72.906  -26.471 0.8000000119
10929  21.173  -69.690  -25.176 0.5000000000
11740  20.649  -68.995  -25.493 0.6000000238
12657  21.989  -66.936  -27.955 0.6000000238
21519  23.030  -58.261  -34.112 0.8000000119
3936  32.055  -80.233  -37.164 0.4000000060
134015  32.137  -80.524  -36.543 0.4000000060
4995  32.396  -78.003  -38.484 0.3000000119
3943  31.840  -79.859  -37.838 0.4000000060
3937  31.380  -80.390  -37.355 0.4000000060
3931  31.522  -80.683  -36.706 0.4000000060
6135  32.571  -76.496  -35.572 0.4000000060
6146  33.815  -76.971  -36.435 0.5000000000
5545  34.131  -77.479  -36.254 0.5000000000
6158  32.530  -76.582  -37.644 0.3000000119
6157  33.376  -76.943  -37.149 0.4000000060
4973  33.667  -78.590  -36.863 0.4000000060
6169  32.500  -76.943  -38.329 0.3000000119
4994  32.861  -78.147  -37.907 0.3000000119
4455  32.537  -79.489  -37.553 0.3000000119
5573  32.378  -77.335  -38.513 0.3000000119
6148  32.060  -76.337  -36.540 0.4000000060
6136  31.428  -76.339  -35.556 0.4000000060
6123  32.433  -76.558  -34.535 0.5000000000
6149  30.935  -76.109  -36.359 0.3000000119
6774  31.832  -76.285  -38.220 0.3000000119
6794  31.064  -76.409  -39.218 0.4000000060
6775  31.110  -75.998  -38.252 0.3000000119
7481  29.050  -75.816  -39.089 0.4000000060
6810  30.099  -76.446  -39.429 0.4000000060
6811  29.245  -76.187  -39.316 0.4000000060
6137  30.368  -76.356  -35.370 0.4000000060
6138  29.411  -76.342  -35.088 0.4000000060
6150  29.768  -76.144  -36.065 0.4000000060
6758  28.855  -75.944  -35.611 0.4000000060
7428  28.570  -74.893  -34.196 0.5000000000
6766  30.301  -75.909  -37.295 0.4000000060
6768  28.320  -75.345  -36.037 0.4000000060
143237  30.129  -75.907  -39.013 0.4000000060
6787  29.458  -75.719  -38.668 0.5000000000
6777  28.419  -75.347  -37.144 0.4000000060
7475  28.552  -75.518  -38.655 0.4000000060
8886  26.681  -72.674  -39.937 0.6000000238
8194  27.085  -74.009  -39.371 0.4000000060
8124  28.777  -74.240  -34.594 0.6000000238
8140  28.307  -73.702  -35.222 0.6000000238
7459  28.083  -74.601  -35.507 0.6000000238
7460  27.695  -73.846  -35.969 0.6000000238
8822  27.238  -72.512  -34.420 0.6999999881
7470  27.539  -74.204  -36.888 0.5000000000
135879  27.341  -73.327  -36.959 0.6000000238
9535  27.018  -71.639  -33.838 0.6999999881
8158  30.488  -73.259  -36.107 0.6999999881
122697  30.068  -72.370  -36.913 0.6999999881
8139  29.318  -73.584  -35.265 0.6000000238
8159  29.713  -73.013  -36.201 0.6999999881
9565  28.719  -70.714  -37.429 0.6999999881
141263  28.496  -69.902  -38.186 0.6999999881
11924  28.551  -67.836  -38.333 0.6999999881
8821  27.880  -72.811  -35.692 0.6999999881
9550  27.693  -71.360  -36.273 0.6999999881
9551  27.067  -71.321  -34.645 0.6999999881
8869  31.597  -71.959  -37.612 0.5000000000
9582  31.059  -71.248  -38.112 0.6000000238
136394  29.594  -71.765  -36.981 0.6999999881
9583  30.338  -70.621  -38.203 0.6000000238
11117  29.707  -68.982  -38.681 0.6999999881
11116  30.417  -68.852  -38.539 0.6999999881
8835  28.016  -72.113  -36.073 0.6999999881
11937  29.111  -68.340  -38.599 0.6999999881
12776  28.911  -67.403  -37.837 0.6000000238
10340  30.353  -69.714  -38.577 0.6000000238
11115  31.128  -69.616  -38.382 0.6000000238
11923  30.375  -68.070  -38.241 0.6000000238
11106  31.057  -68.676  -38.211 0.6000000238
120473  27.187  -68.157  -32.902 0.5000000000
9496  19.754  -70.826  -32.209 0.6000000238
9510  20.545  -71.456  -32.663 0.6000000238
12762  29.240  -67.370  -36.948 0.6000000238
12755  28.649  -67.501  -36.093 0.6000000238
11892  28.854  -67.820  -35.065 0.5000000000
11860  27.762  -67.933  -33.681 0.5000000000
9498  17.273  -71.134  -32.604 0.6000000238
9484  17.349  -71.289  -31.615 0.6000000238
10259  18.431  -70.412  -32.378 0.6000000238
11907  30.623  -67.849  -37.320 0.6000000238
11891  29.624  -67.813  -35.821 0.5000000000
11893  28.028  -67.610  -35.306 0.5000000000
8088  15.774  -73.556  -31.784 0.6000000238
141649  16.469  -73.526  -30.611 0.6000000238
8781  16.388  -73.099  -31.432 0.6000000238
8792  16.313  -72.717  -32.432 0.6000000238
8791  16.765  -72.021  -31.999 0.6000000238
131802  17.280  -73.536  -29.351 0.6000000238
8780  16.864  -72.479  -30.841 0.6000000238
11799  24.091  -68.725  -30.108 0.6000000238
11908  30.013  -67.657  -36.797 0.6000000238
8075  15.674  -74.004  -30.406 0.6000000238
8764  15.516  -73.072  -29.362 0.6000000238
8067  16.711  -73.790  -29.506 0.6000000238
139723  16.411  -72.598  -28.360 0.6000000238
8056  16.556  -73.749  -29.179 0.6000000238
9455  16.817  -72.196  -27.790 0.5000000000
8757  17.603  -73.482  -28.197 0.6000000238
8749  18.033  -73.285  -27.357 0.5000000000
8103  15.138  -73.951  -32.193 0.6999999881
141505  14.487  -74.372  -31.340 0.6000000238
8068  15.843  -73.724  -29.498 0.6000000238
9461  15.803  -72.503  -28.963 0.6000000238
10217  16.547  -71.076  -28.271 0.6000000238
9501  13.895  -72.355  -32.607 0.6000000238
8090  14.876  -74.177  -30.775 0.6000000238
8069  15.117  -73.529  -29.900 0.6000000238
10225  15.914  -71.315  -29.028 0.5000000000
8772  14.477  -72.914  -30.401 0.6000000238
138879  15.124  -71.071  -31.179 0.6000000238
9500  14.449  -71.730  -32.200 0.6000000238
10261  14.971  -71.018  -32.540 0.6000000238
8773  14.032  -73.485  -30.889 0.6000000238
126744  16.391  -70.395  -28.985 0.6000000238
9475  14.970  -71.707  -30.308 0.6000000238
10236  15.958  -70.355  -30.384 0.5000000000
10248  15.844  -70.382  -31.246 0.6000000238
10249  15.378  -70.691  -31.949 0.5000000000
10260  15.534  -70.468  -32.717 0.5000000000
126794  17.692  -68.829  -29.899 0.6000000238
120718  16.910  -69.485  -30.787 0.6000000238
11028  16.602  -69.725  -31.580 0.6000000238
11040  16.583  -69.599  -32.505 0.6000000238
11867  16.892  -69.079  -33.643 0.6999999881
11883  16.693  -69.147  -34.512 0.6999999881
11901  17.239  -68.726  -35.177 0.6999999881
11915  17.535  -68.402  -36.158 0.6999999881
11039  17.132  -69.207  -32.092 0.6000000238
123526  17.669  -68.825  -32.502 0.6999999881
11882  18.459  -68.631  -34.599 0.6999999881
128090  17.357  -68.795  -34.187 0.6999999881
11900  18.020  -68.496  -35.322 0.6999999881
11914  18.364  -68.377  -36.181 0.6000000238
11865  19.427  -68.526  -33.512 0.6000000238
120476  28.131  -68.012  -32.908 0.5000000000
11844  26.340  -68.439  -32.325 0.5000000000
11825  27.411  -68.149  -31.547 0.5000000000
120002  27.080  -68.174  -32.132 0.5000000000
124901  26.165  -68.533  -31.439 0.6000000238
11808  29.677  -68.728  -30.670 0.6000000238
11809  28.719  -68.483  -30.646 0.6000000238
119230  26.828  -68.317  -31.037 0.6000000238
11007  25.555  -68.912  -30.295 0.6000000238
10987  25.250  -69.192  -29.672 0.6000000238
11796  28.224  -68.339  -29.920 0.5000000000
11798  27.009  -68.468  -29.293 0.6000000238
10967  24.153  -69.265  -28.904 0.6000000238
11783  26.759  -68.537  -28.366 0.6000000238
10211  24.832  -69.799  -27.954 0.5000000000
10212  24.158  -69.770  -28.037 0.6000000238
10213  23.162  -69.881  -27.741 0.6000000238
10953  25.966  -69.079  -28.043 0.5000000000
10203  23.747  -70.195  -27.369 0.6000000238
141609  21.721  -70.833  -25.528 0.5000000000
121130  23.001  -70.593  -25.894 0.5000000000
9439  21.444  -71.424  -26.304 0.6000000238
10195  22.827  -70.689  -26.478 0.6000000238
8176  27.462  -74.209  -37.823 0.6000000238
8836  26.385  -72.374  -34.836 0.6999999881
11827  25.457  -68.531  -31.931 0.5000000000
11011  16.520  -69.833  -30.169 0.6000000238
11866  17.572  -68.820  -33.347 0.6999999881
11812  25.464  -68.614  -31.013 0.6000000238
10204  22.529  -70.466  -27.141 0.6000000238
9426  22.131  -70.998  -25.955 0.6000000238
4460  32.122  -79.265  -38.133 0.3000000119
5572  32.880  -77.511  -37.979 0.3000000119
4987  33.320  -77.977  -37.422 0.4000000060
6784  32.050  -76.573  -38.520 0.3000000119
6765  31.544  -76.089  -37.416 0.4000000060
124754  30.217  -75.851  -38.415 0.4000000060
6139  28.764  -76.045  -34.736 0.4000000060
6767  29.088  -75.836  -36.684 0.3000000119
6759  28.349  -75.294  -34.991 0.5000000000
7443  28.327  -74.469  -34.883 0.6000000238
6776  29.327  -75.696  -37.815 0.5000000000
119653  27.915  -74.925  -38.264 0.5000000000
8820  28.749  -73.200  -35.740 0.6000000238
8853  30.302  -71.529  -37.577 0.6999999881
9466  15.381  -72.010  -29.500 0.6000000238
12769  17.924  -67.915  -36.969 0.6000000238
11797  27.576  -68.285  -29.889 0.6000000238
11781  28.304  -68.337  -28.673 0.5000000000
11006  26.045  -68.926  -29.743 0.6000000238
140222  25.507  -69.287  -29.119 0.6000000238
123375  27.882  -68.268  -29.281 0.5000000000
10965  26.081  -68.998  -28.850 0.6000000238
11764  27.390  -68.058  -27.786 0.5000000000
10193  24.812  -69.888  -27.315 0.5000000000
126763  23.712  -70.418  -26.601 0.5000000000
764  28.017  -88.267  -19.084 0.4000000060
979  28.032  -87.640  -19.531 0.4000000060
769  28.028  -88.148  -19.837 0.5000000000
522  26.859  -89.621  -17.752 0.5000000000
523  25.853  -89.564  -17.708 0.5000000000
535  23.955  -88.859  -18.295 0.5000000000
124011  27.214  -89.499  -18.519 0.5000000000
521  27.795  -89.042  -17.960 0.5000000000
989  27.747  -87.043  -20.265 0.4000000060
143087  28.175  -87.084  -20.868 0.5000000000
2959  29.812  -81.950  -34.833 0.3000000119
128899  29.448  -82.556  -34.252 0.3000000119
2508  29.408  -82.452  -34.978 0.3000000119
2972  30.356  -81.532  -35.993 0.3000000119
121348  27.384  -89.332  -17.250 0.4000000060
516  26.364  -89.433  -16.959 0.5000000000
754  25.334  -88.793  -16.521 0.5000000000
514  28.170  -88.728  -17.138 0.4000000060
126958  28.145  -88.477  -18.456 0.4000000060
136844  27.767  -87.073  -19.051 0.3000000119
970  28.515  -87.578  -17.773 0.3000000119
1258  29.196  -86.516  -21.854 0.4000000060
1241  26.841  -86.255  -20.149 0.3000000119
1251  27.277  -86.337  -20.987 0.4000000060
1250  28.249  -86.610  -21.419 0.5000000000
139689  26.538  -85.686  -20.774 0.3000000119
3415  30.116  -81.253  -34.565 0.3000000119
136388  29.438  -82.843  -33.411 0.3000000119
2966  30.067  -81.713  -35.471 0.3000000119
2965  31.104  -81.039  -35.628 0.3000000119
3448  30.964  -81.032  -36.271 0.3000000119
515  27.367  -89.224  -16.583 0.3000000119
509  26.363  -89.109  -16.111 0.4000000060
1237  26.135  -85.175  -19.333 0.3000000119
1574  28.232  -85.091  -22.289 0.4000000060
1573  29.264  -85.732  -22.108 0.4000000060
1260  27.413  -85.878  -21.627 0.4000000060
1556  26.025  -84.673  -20.068 0.3000000119
3900  30.260  -80.625  -33.897 0.4000000060
3416  29.609  -81.096  -33.755 0.4000000060
2933  29.572  -81.957  -32.871 0.4000000060
2924  29.904  -82.112  -31.654 0.4000000060
125634  30.481  -82.785  -30.954 0.5000000000
3414  31.997  -80.917  -34.413 0.3000000119
3431  30.572  -81.303  -35.199 0.3000000119
3429  31.906  -80.934  -35.075 0.3000000119
3447  31.745  -80.810  -36.100 0.3000000119
120786  33.170  -79.297  -37.087 0.3000000119
753  28.084  -88.806  -16.377 0.3000000119
124334  27.793  -84.468  -22.196 0.3000000119
1584  28.391  -84.542  -22.487 0.3000000119
1989  30.475  -84.073  -23.385 0.4000000060
1988  31.075  -84.284  -23.782 0.4000000060
121323  26.016  -84.256  -19.216 0.3000000119
1970  27.238  -84.479  -21.534 0.3000000119
1963  26.443  -84.503  -20.689 0.3000000119
1576  26.613  -84.901  -21.346 0.3000000119
2897  30.237  -82.819  -28.052 0.5000000000
140267  30.764  -82.973  -27.069 0.5000000000
132670  32.123  -80.919  -31.295 0.3000000119
3876  30.723  -79.989  -32.388 0.3000000119
3875  31.708  -80.491  -32.237 0.3000000119
3889  29.493  -80.266  -33.131 0.4000000060
3383  28.467  -81.045  -30.807 0.5000000000
119089  29.730  -82.092  -29.660 0.5000000000
3887  31.281  -80.365  -33.111 0.3000000119
3403  29.266  -80.961  -32.994 0.4000000060
134772  29.090  -81.317  -32.269 0.4000000060
3395  29.151  -81.500  -31.254 0.5000000000
2913  30.103  -82.191  -30.449 0.5000000000
3428  32.658  -80.838  -34.787 0.3000000119
3441  32.169  -80.822  -35.476 0.3000000119
3440  32.924  -80.594  -35.429 0.3000000119
4433  33.851  -79.656  -35.919 0.3000000119
4446  34.024  -78.996  -36.270 0.4000000060
1981  28.363  -83.949  -22.518 0.3000000119
140193  30.322  -83.209  -23.477 0.4000000060
2383  26.304  -83.963  -19.120 0.3000000119
2416  31.024  -83.527  -23.822 0.4000000060
1958  26.149  -84.238  -19.849 0.3000000119
2861  31.381  -83.195  -25.088 0.4000000060
2445  30.728  -82.833  -26.495 0.5000000000
2880  28.893  -82.361  -26.860 0.4000000060
2879  29.885  -82.522  -26.692 0.5000000000
3846  32.277  -81.166  -29.558 0.3000000119
2887  29.438  -82.624  -27.679 0.5000000000
4388  30.772  -79.903  -30.716 0.3000000119
3364  27.954  -81.601  -29.082 0.4000000060
2899  28.657  -82.202  -28.468 0.5000000000
4400  30.302  -79.659  -31.615 0.4000000060
4402  29.050  -79.671  -31.849 0.4000000060
3373  28.263  -81.272  -29.936 0.5000000000
2898  29.697  -82.458  -28.797 0.5000000000
3886  32.226  -80.791  -32.903 0.3000000119
4408  29.679  -79.765  -32.401 0.4000000060
3404  28.934  -80.451  -32.484 0.5000000000
3396  28.659  -80.757  -31.687 0.5000000000
124819  32.894  -80.882  -34.038 0.3000000119
3910  33.470  -80.535  -33.968 0.4000000060
3909  34.089  -79.931  -34.530 0.3000000119
3920  34.043  -79.786  -35.268 0.4000000060
119771  23.595  -73.892  -37.204 0.5000000000
4972  34.291  -78.204  -36.140 0.3000000119
1948  27.025  -83.842  -19.152 0.3000000119
1957  26.686  -84.133  -20.108 0.3000000119
2852  29.961  -81.625  -23.740 0.3000000119
2863  30.379  -81.739  -24.469 0.3000000119
3341  29.532  -81.907  -25.960 0.5000000000
3342  28.345  -81.837  -26.412 0.4000000060
3363  32.792  -81.600  -28.836 0.3000000119
3353  27.715  -81.882  -28.023 0.5000000000
125497  31.657  -80.605  -30.386 0.3000000119
3374  27.694  -80.832  -29.592 0.4000000060
3365  27.316  -81.075  -28.752 0.4000000060
4389  29.935  -79.461  -30.872 0.4000000060
4390  29.089  -79.446  -30.968 0.4000000060
4391  28.423  -79.703  -30.561 0.4000000060
3861  27.880  -80.132  -29.996 0.4000000060
3874  32.570  -81.154  -32.052 0.3000000119
3401  33.276  -81.097  -32.222 0.3000000119
129709  28.659  -79.751  -31.302 0.4000000060
3860  28.398  -80.276  -30.984 0.5000000000
3897  33.903  -80.277  -33.192 0.3000000119
4415  34.579  -79.564  -33.534 0.4000000060
129300  34.647  -79.156  -34.969 0.4000000060
8837  23.446  -72.940  -36.889 0.5000000000
4951  34.797  -78.325  -35.316 0.4000000060
4959  35.023  -77.822  -34.864 0.5000000000
8185  23.720  -73.344  -38.940 0.5000000000
139273  27.651  -84.173  -20.002 0.3000000119
9513  17.358  -71.139  -33.598 0.5000000000
3343  27.553  -81.602  -27.049 0.3000000119
3328  27.743  -81.045  -26.127 0.3000000119
9512  18.061  -70.432  -33.116 0.5000000000
9540  16.745  -71.792  -34.850 0.6000000238
3351  33.346  -81.804  -27.305 0.3000000119
3837  32.083  -80.965  -28.713 0.3000000119
130981  33.574  -81.995  -28.947 0.3000000119
122837  31.557  -80.574  -29.399 0.3000000119
3847  30.877  -80.068  -29.272 0.3000000119
3840  27.042  -80.315  -28.383 0.4000000060
3354  27.153  -81.078  -27.797 0.4000000060
8790  21.166  -72.005  -32.124 0.5000000000
8828  14.752  -73.077  -35.553 0.5000000000
4373  29.622  -79.386  -30.075 0.3000000119
4374  28.798  -79.347  -29.995 0.3000000119
4375  28.073  -79.470  -29.743 0.3000000119
4916  27.822  -79.133  -29.002 0.3000000119
8086  22.758  -73.087  -32.064 0.5000000000
3884  33.847  -80.848  -31.878 0.3000000119
140679  34.031  -80.333  -32.484 0.3000000119
9523  23.302  -71.745  -34.070 0.5000000000
3896  34.535  -79.735  -32.826 0.3000000119
124772  23.343  -72.162  -36.104 0.5000000000
4414  35.082  -79.032  -33.214 0.4000000060
129407  23.311  -71.991  -37.050 0.6000000238
4940  35.382  -78.364  -32.772 0.4000000060
5527  35.263  -77.890  -34.059 0.5000000000
124193  23.192  -71.425  -37.715 0.5000000000
5520  35.140  -77.498  -33.446 0.4000000060
134926  34.712  -77.394  -35.111 0.3000000119
5536  34.631  -77.677  -35.571 0.4000000060
8878  23.836  -72.533  -39.504 0.6000000238
6094  31.897  -76.425  -31.287 0.3000000119
6109  32.524  -76.652  -33.023 0.4000000060
122135  33.274  -76.717  -34.003 0.4000000060
6134  34.264  -77.103  -35.674 0.3000000119
9609  24.153  -72.388  -40.021 0.6000000238
8889  24.033  -73.457  -39.792 0.5000000000
6095  31.065  -76.084  -31.504 0.3000000119
6101  30.667  -76.274  -32.398 0.5000000000
6124  31.381  -76.602  -34.024 0.4000000060
126447  31.737  -76.469  -34.868 0.4000000060
8888  24.638  -73.071  -40.176 0.6000000238
6737  30.946  -75.474  -31.147 0.3000000119
6096  30.479  -75.655  -31.852 0.5000000000
138760  30.027  -76.282  -32.924 0.4000000060
120033  30.466  -76.630  -34.011 0.4000000060
7387  30.018  -75.266  -32.198 0.4000000060
6103  29.537  -76.023  -33.080 0.5000000000
6112  29.075  -76.120  -33.638 0.4000000060
6747  29.153  -75.544  -33.303 0.5000000000
8801  16.287  -72.498  -33.398 0.6000000238
8814  15.601  -72.808  -34.574 0.6000000238
3352  32.575  -81.303  -27.927 0.3000000119
3829  31.283  -80.322  -27.680 0.3000000119
3838  31.403  -80.431  -28.589 0.3000000119
8802  15.686  -72.945  -33.714 0.6000000238
8126  15.080  -73.428  -34.010 0.6000000238
2896  33.861  -82.118  -27.983 0.3000000119
3839  30.702  -79.918  -28.461 0.3000000119
4361  29.935  -79.404  -28.389 0.3000000119
8127  14.354  -74.045  -34.208 0.6000000238
3360  35.088  -81.522  -28.329 0.3000000119
129874  30.178  -79.550  -29.241 0.3000000119
123875  29.332  -79.233  -29.208 0.3000000119
7431  13.406  -74.796  -33.856 0.6000000238
3873  34.347  -80.611  -31.329 0.3000000119
7395  12.044  -74.863  -32.930 0.6000000238
7432  11.896  -75.233  -33.927 0.6000000238
7433  11.203  -75.052  -34.399 0.6000000238
8129  10.379  -74.175  -34.442 0.5000000000
5512  35.018  -77.249  -32.514 0.4000000060
7386  30.282  -74.636  -32.277 0.4000000060
136196  29.709  -74.930  -32.593 0.5000000000
3339  33.901  -82.031  -26.350 0.3000000119
3325  33.483  -81.544  -25.752 0.3000000119
124048  32.640  -81.275  -27.092 0.3000000119
3817  32.302  -80.885  -26.510 0.3000000119
3830  30.478  -79.762  -27.613 0.3000000119
4353  29.713  -79.253  -27.525 0.3000000119
8102  15.751  -73.224  -32.790 0.5000000000
3338  34.617  -82.137  -26.760 0.3000000119
2895  34.634  -82.023  -27.634 0.3000000119
7392  13.844  -74.773  -32.297 0.5000000000
8113  14.650  -74.022  -33.459 0.6000000238
135618  35.020  -82.009  -27.099 0.3000000119
4362  29.000  -78.967  -28.283 0.3000000119
7410  13.992  -74.593  -33.204 0.6000000238
3349  35.884  -81.143  -26.972 0.3000000119
7412  12.267  -75.109  -33.076 0.6000000238
122473  35.341  -77.537  -31.787 0.3000000119
4934  35.553  -78.079  -31.804 0.3000000119
8804  11.330  -73.736  -33.714 0.6000000238
127166  11.440  -72.112  -34.507 0.6000000238
7393  13.251  -74.863  -32.104 0.6000000238
8091  13.008  -74.192  -31.686 0.5000000000
8794  12.777  -73.617  -32.072 0.6000000238
8114  12.173  -73.579  -33.034 0.6000000238
8815  11.844  -72.874  -33.974 0.6000000238
9528  13.236  -71.478  -34.953 0.6000000238
9529  12.472  -72.108  -34.475 0.6000000238
10305  12.814  -70.731  -35.434 0.5000000000
7375  13.911  -74.631  -31.669 0.5000000000
8782  14.027  -72.849  -31.065 0.5000000000
8793  13.010  -72.895  -32.738 0.5000000000
129194  13.254  -72.045  -34.250 0.6000000238
123483  14.518  -68.595  -36.740 0.5000000000
12770  16.814  -68.099  -36.833 0.6000000238
11931  15.952  -68.086  -37.093 0.6000000238
127505  14.282  -67.664  -36.910 0.5000000000
12786  16.267  -67.438  -37.254 0.6000000238
12788  14.942  -66.988  -37.301 0.6000000238
9486  13.949  -72.534  -31.733 0.5000000000
10290  14.778  -70.898  -34.298 0.5000000000
10303  14.509  -70.525  -35.402 0.5000000000
10291  14.105  -71.171  -34.977 0.6000000238
11070  15.903  -69.710  -34.838 0.6000000238
11082  14.725  -69.827  -36.074 0.5000000000
11096  14.205  -69.243  -36.429 0.5000000000
11902  16.417  -69.117  -35.519 0.6000000238
119133  19.617  -68.650  -35.414 0.6000000238
13634  16.547  -66.645  -37.470 0.5000000000
139717  17.933  -62.580  -29.722 0.5000000000
9485  14.483  -71.943  -31.195 0.5000000000
9514  14.463  -71.514  -33.268 0.5000000000
126664  15.600  -70.214  -33.904 0.6000000238
123809  18.533  -62.623  -28.003 0.5000000000
16710  17.741  -62.483  -27.031 0.6000000238
16738  18.838  -62.552  -28.947 0.6000000238
120596  19.612  -62.355  -29.653 0.6000000238
16739  17.906  -62.780  -28.634 0.5000000000
119696  19.492  -62.151  -30.660 0.5000000000
16780  18.551  -62.104  -31.212 0.5000000000
120739  16.926  -64.885  -37.563 0.5000000000
14420  16.754  -65.761  -37.585 0.5000000000
127755  22.542  -58.050  -30.645 0.6000000238
122852  22.374  -59.438  -29.172 0.6999999881
19529  22.346  -59.733  -29.976 0.6000000238
19511  21.924  -60.385  -29.209 0.6999999881
18555  19.843  -60.785  -27.856 0.6000000238
18540  19.333  -61.138  -27.264 0.6000000238
18571  22.132  -61.184  -29.308 0.6000000238
18553  21.325  -61.357  -28.396 0.6000000238
20484  22.315  -58.804  -30.943 0.6000000238
119538  22.371  -60.515  -30.464 0.6000000238
16720  21.339  -61.927  -28.494 0.6000000238
18539  20.115  -61.362  -27.512 0.5000000000
17642  17.896  -61.606  -26.852 0.6000000238
119828  22.159  -59.189  -31.710 0.6000000238
17669  22.269  -61.836  -29.579 0.6000000238
137889  20.111  -62.258  -27.839 0.5000000000
17641  18.841  -61.700  -26.886 0.6000000238
122746  22.530  -61.428  -30.893 0.6000000238
141283  20.560  -62.322  -28.435 0.6000000238
17701  22.514  -62.251  -31.406 0.6000000238
16754  21.818  -62.514  -30.040 0.6000000238
16778  21.658  -62.586  -30.894 0.6000000238
16779  20.492  -62.286  -31.203 0.5000000000
17703  17.964  -62.043  -32.077 0.5000000000
17712  19.140  -61.910  -32.865 0.5000000000
17728  18.568  -61.842  -33.624 0.5000000000
139976  18.403  -61.730  -35.006 0.5000000000
18573  21.159  -60.643  -28.562 0.6000000238
19514  19.914  -59.965  -29.540 0.6999999881
19555  22.277  -59.534  -32.584 0.5000000000
119906  22.138  -62.668  -31.657 0.6000000238
120027  21.547  -62.724  -31.861 0.6000000238
16803  19.731  -61.977  -32.150 0.5000000000
126856  21.307  -62.794  -32.669 0.6000000238
16818  20.281  -62.385  -34.095 0.5000000000
16848  21.871  -63.376  -34.254 0.6000000238
16830  19.927  -62.375  -34.791 0.6000000238
27346  24.708  -52.185  -31.856 0.4000000060
21444  21.789  -58.161  -27.837 0.6999999881
21481  20.451  -57.886  -30.994 0.5000000000
20486  19.303  -58.429  -31.493 0.5000000000
26430  25.405  -52.668  -32.335 0.6000000238
26431  24.397  -52.986  -32.080 0.5000000000
132213  20.537  -58.507  -30.383 0.6000000238
19531  19.396  -59.425  -30.361 0.5000000000
26429  27.368  -52.112  -33.044 0.5000000000
21442  23.011  -58.204  -27.528 0.6000000238
21455  21.043  -58.954  -29.614 0.8000000119
20461  22.993  -58.711  -28.757 0.6999999881
20463  20.998  -59.546  -29.215 0.8000000119
19515  18.987  -59.969  -29.695 0.6999999881
132639  22.622  -63.072  -33.151 0.6000000238
15926  22.569  -63.281  -33.905 0.6000000238
21482  19.703  -57.757  -31.755 0.5000000000
26424  23.826  -52.550  -31.643 0.5000000000
21428  22.145  -57.620  -27.154 0.6999999881
121406  17.799  -58.645  -31.878 0.5000000000
27343  27.726  -51.258  -32.792 0.4000000060
27344  26.649  -51.517  -32.651 0.4000000060
26428  28.221  -52.046  -33.016 0.4000000060
26438  28.393  -52.768  -32.937 0.5000000000
25456  28.488  -53.492  -32.759 0.4000000060
22497  20.248  -57.075  -31.463 0.5000000000
21497  18.292  -57.325  -32.613 0.5000000000
27337  24.929  -51.374  -31.815 0.3000000119
27339  23.465  -51.936  -31.090 0.3000000119
22482  21.281  -57.126  -29.903 0.6000000238
132889  29.170  -52.354  -31.953 0.4000000060
128559  29.091  -52.857  -31.229 0.4000000060
24491  28.231  -54.409  -33.273 0.4000000060
127986  21.583  -56.682  -29.013 0.6000000238
22455  21.701  -57.293  -27.817 0.6000000238
25451  28.858  -53.370  -31.892 0.4000000060
23492  20.704  -56.277  -31.020 0.5000000000
22498  19.545  -56.850  -32.135 0.5000000000
29098  26.113  -48.895  -32.048 0.3000000119
136977  24.137  -51.031  -31.699 0.3000000119
26416  23.487  -52.459  -30.438 0.3000000119
26401  23.673  -52.427  -29.525 0.4000000060
24457  28.580  -54.310  -30.194 0.3000000119
24475  28.619  -54.399  -31.268 0.4000000060
121429  28.460  -55.179  -30.467 0.4000000060
121925  23.260  -51.730  -30.176 0.4000000060
23477  21.818  -55.549  -29.368 0.6000000238
23493  19.884  -55.228  -31.659 0.4000000060
27302  24.150  -51.915  -27.826 0.4000000060
30002  26.527  -48.047  -31.704 0.3000000119
30003  25.491  -48.364  -31.575 0.3000000119
124140  20.723  -55.145  -30.876 0.5000000000
26349  24.812  -52.591  -26.116 0.4000000060
26337  24.361  -53.343  -25.261 0.4000000060
26338  22.595  -52.823  -25.015 0.5000000000
27274  24.404  -51.770  -25.860 0.4000000060
122983  23.433  -52.838  -24.889 0.4000000060
29049  21.486  -49.285  -26.796 0.3000000119
29013  22.109  -49.734  -24.893 0.3000000119
29033  22.195  -49.681  -25.872 0.3000000119
28134  22.135  -50.223  -24.463 0.3000000119
29014  21.442  -49.700  -24.311 0.3000000119
23381  17.986  -55.448  -22.045 0.4000000060
29050  20.832  -48.687  -26.527 0.3000000119
4906  28.127  -78.702  -28.449 0.3000000119
5511  35.453  -77.748  -32.663 0.4000000060
27275  23.886  -51.417  -25.298 0.3000000119
16828  23.050  -63.166  -34.493 0.6000000238
23342  16.533  -56.236  -19.472 0.4000000060
26439  27.894  -52.782  -33.304 0.5000000000
28132  23.228  -51.007  -24.790 0.3000000119
6122  33.390  -76.675  -35.033 0.3000000119
136598  32.220  -76.606  -33.738 0.4000000060
9515  13.616  -72.214  -33.512 0.5000000000
973  28.208  -87.764  -18.577 0.4000000060
531  27.770  -88.877  -18.783 0.5000000000
761  24.675  -88.769  -16.903 0.5000000000
2947  29.590  -82.159  -33.876 0.4000000060
760  28.393  -88.306  -17.874 0.4000000060
1259  28.267  -85.855  -21.902 0.4000000060
130246  30.171  -85.858  -22.854 0.4000000060
3899  30.929  -80.875  -34.620 0.4000000060
2932  29.690  -82.746  -32.696 0.4000000060
2923  30.116  -82.741  -31.869 0.4000000060
1554  26.183  -84.622  -18.442 0.3000000119
1575  27.269  -85.115  -21.912 0.3000000119
1979  29.774  -84.625  -22.915 0.4000000060
1592  30.571  -85.011  -23.225 0.4000000060
137780  31.853  -80.748  -33.645 0.3000000119
3413  32.633  -80.897  -33.480 0.4000000060
2409  29.328  -83.555  -23.015 0.4000000060
2424  31.433  -83.770  -24.648 0.4000000060
2905  28.884  -81.875  -29.386 0.5000000000
127367  23.537  -73.139  -35.940 0.5000000000
1962  27.054  -84.193  -20.952 0.3000000119
2851  30.692  -82.517  -23.934 0.4000000060
2862  31.021  -82.464  -24.789 0.4000000060
2870  30.961  -82.656  -25.593 0.5000000000
2888  28.479  -82.359  -27.636 0.5000000000
142549  31.038  -80.193  -29.947 0.3000000119
3393  33.377  -81.347  -31.484 0.3000000119
3402  32.911  -81.178  -32.592 0.3000000119
133326  33.226  -80.843  -33.107 0.3000000119
8871  23.555  -72.460  -38.654 0.6000000238
3326  29.806  -81.297  -24.960 0.3000000119
2871  30.443  -81.965  -25.295 0.4000000060
4376  27.615  -79.676  -29.364 0.3000000119
129714  23.304  -71.961  -35.057 0.5000000000
4945  35.266  -78.355  -33.637 0.4000000060
141709  27.195  -80.344  -26.339 0.3000000119
4364  27.292  -79.488  -28.656 0.3000000119
6099  32.877  -76.709  -32.072 0.4000000060
6107  34.363  -77.054  -33.820 0.4000000060
6121  34.245  -76.967  -34.825 0.4000000060
6732  31.388  -75.274  -30.465 0.3000000119
3818  31.566  -80.432  -26.765 0.3000000119
7394  12.455  -74.861  -32.566 0.6000000238
6098  34.088  -76.928  -32.328 0.3000000119
3819  30.896  -80.089  -26.979 0.3000000119
4344  30.259  -79.584  -26.677 0.3000000119
3826  36.275  -80.059  -27.356 0.3000000119
10304  13.661  -70.834  -35.449 0.5000000000
11095  15.073  -69.102  -36.493 0.6000000238
19502  22.007  -59.393  -28.842 0.6999999881
19530  20.297  -59.219  -30.071 0.6999999881
20455  21.970  -58.904  -28.150 0.6999999881
21469  21.012  -58.061  -30.018 0.6000000238
28214  25.013  -50.510  -31.798 0.3000000119
28215  23.998  -50.352  -31.654 0.3000000119
10315  22.943  -70.253  -36.375 0.5000000000
10298  22.886  -70.386  -35.302 0.5000000000
8833  30.687  -72.753  -36.838 0.6000000238
10274  15.168  -70.718  -33.318 0.4000000060
11056  16.303  -69.585  -33.846 0.5000000000
12785  17.182  -67.285  -37.309 0.5000000000
11898  20.175  -68.475  -35.909 0.5000000000
11930  19.370  -67.998  -37.050 0.5000000000
12784  18.734  -67.575  -37.250 0.5000000000
13632  18.367  -66.134  -37.881 0.5000000000
132663  18.941  -66.945  -37.751 0.5000000000
11881  20.365  -68.518  -34.957 0.5000000000
14418  18.267  -65.213  -37.929 0.4000000060
12768  20.692  -67.979  -37.037 0.5000000000
12782  20.118  -67.623  -37.364 0.5000000000
13631  19.366  -66.288  -38.156 0.5000000000
15206  18.680  -64.538  -37.817 0.5000000000
12781  20.992  -67.535  -37.535 0.6000000238
12796  20.498  -67.163  -37.918 0.5000000000
14430  19.889  -65.514  -38.320 0.5000000000
16849  19.898  -62.477  -35.395 0.5000000000
13644  21.990  -66.788  -38.313 0.6000000238
15960  19.179  -63.056  -36.680 0.5000000000
129061  19.263  -62.524  -35.848 0.5000000000
125428  21.315  -66.319  -38.459 0.6000000238
15205  19.599  -64.464  -38.071 0.6000000238
15974  19.164  -63.720  -37.464 0.5000000000
12779  22.981  -67.323  -37.450 0.6000000238
13643  22.635  -66.325  -38.427 0.6000000238
14428  21.574  -65.547  -38.456 0.6000000238
15973  21.125  -63.207  -37.030 0.6000000238
15214  22.762  -64.977  -38.322 0.6000000238
15946  21.254  -62.957  -35.991 0.5000000000
119931  21.802  -63.399  -35.233 0.5000000000
15215  21.946  -64.835  -38.238 0.6000000238
15204  20.531  -63.913  -37.847 0.6000000238
18542  17.439  -61.046  -27.354 0.5000000000
18576  17.637  -60.405  -29.109 0.5000000000
18556  18.976  -60.613  -27.788 0.5000000000
15934  22.859  -63.294  -35.181 0.6000000238
15213  23.236  -64.418  -37.987 0.6000000238
15944  23.052  -63.253  -36.002 0.6000000238
15203  21.535  -64.035  -37.771 0.6000000238
15972  22.047  -63.666  -37.170 0.6000000238
15971  23.804  -63.837  -37.676 0.6000000238
27303  23.650  -51.302  -27.615 0.3000000119
23380  18.410  -55.863  -22.625 0.3000000119
7427  29.175  -74.468  -33.786 0.4000000060
8123  29.458  -73.971  -34.478 0.5000000000
8887  25.470  -72.696  -40.278 0.5000000000
9607  25.742  -71.746  -40.335 0.5000000000
8122  30.424  -73.679  -35.048 0.4000000060
9596  25.185  -70.966  -40.335 0.4000000060
125261  31.363  -72.484  -37.231 0.4000000060
119874  22.963  -71.126  -35.771 0.4000000060
10343  23.550  -70.266  -38.655 0.4000000060
10329  23.059  -70.438  -37.679 0.4000000060
9567  23.393  -71.009  -38.535 0.4000000060
133762  24.231  -71.385  -40.042 0.4000000060
9579  34.085  -71.975  -37.800 0.4000000060
9580  32.647  -71.399  -37.915 0.4000000060
10339  31.525  -70.590  -38.256 0.4000000060
9537  23.033  -71.134  -34.927 0.4000000060
8867  33.122  -72.066  -37.764 0.4000000060
9581  31.861  -71.363  -38.028 0.4000000060
11105  31.713  -69.180  -37.864 0.4000000060
11922  31.488  -68.584  -37.640 0.5000000000
15200  25.010  -64.885  -37.971 0.5000000000
14408  26.132  -65.258  -37.228 0.5000000000
15970  24.808  -64.092  -37.786 0.5000000000
15191  26.254  -64.349  -37.158 0.5000000000
15953  27.528  -63.666  -36.180 0.5000000000
15955  25.562  -63.642  -37.171 0.5000000000
16843  28.010  -62.752  -36.040 0.5000000000
19516  18.098  -60.068  -29.917 0.4000000060
19546  18.151  -59.096  -31.322 0.4000000060
15954  26.662  -63.575  -36.589 0.5000000000
15957  23.401  -63.283  -36.979 0.5000000000
8852  30.885  -72.097  -37.412 0.5000000000
8850  32.674  -72.518  -37.488 0.4000000060
126072  32.109  -70.016  -37.905 0.4000000060
534  25.341  -89.502  -18.430 0.4000000060
138049  24.415  -88.985  -18.550 0.4000000060
588  24.187  -89.089  -23.269 0.4000000060
533  26.356  -89.869  -18.382 0.4000000060
361  25.913  -90.027  -19.049 0.4000000060
587  25.118  -89.022  -23.298 0.4000000060
369  25.518  -89.981  -19.763 0.4000000060
594  26.525  -88.761  -23.789 0.4000000060
128920  24.575  -89.276  -22.694 0.4000000060
532  27.397  -89.302  -19.256 0.5000000000
360  26.750  -89.903  -19.059 0.5000000000
367  27.068  -89.682  -19.654 0.4000000060
368  26.405  -90.070  -19.676 0.4000000060
126079  25.469  -89.468  -22.650 0.4000000060
544  27.798  -88.693  -19.503 0.5000000000
775  28.042  -88.115  -20.634 0.5000000000
545  27.513  -89.152  -20.025 0.5000000000
381  26.732  -89.907  -20.927 0.4000000060
375  26.116  -90.157  -20.396 0.4000000060
553  27.770  -88.739  -20.786 0.4000000060
554  27.307  -89.384  -20.650 0.4000000060
792  28.207  -88.150  -23.265 0.4000000060
593  27.345  -88.520  -23.529 0.4000000060
585  26.869  -89.047  -23.008 0.4000000060
575  26.342  -89.607  -22.499 0.4000000060
382  25.928  -90.155  -21.196 0.4000000060
586  26.054  -89.204  -23.246 0.4000000060
787  28.419  -88.127  -22.409 0.5000000000
563  27.881  -88.629  -21.749 0.4000000060
564  27.297  -89.334  -21.320 0.4000000060
791  29.072  -87.643  -23.000 0.5000000000
574  27.711  -88.681  -22.686 0.4000000060
123806  27.161  -89.263  -22.174 0.4000000060
388  26.561  -89.864  -21.712 0.4000000060
1023  29.433  -86.754  -24.838 0.3000000119
136913  29.235  -86.657  -25.539 0.3000000119
1293  29.749  -86.182  -25.272 0.4000000060
1013  29.659  -86.896  -24.048 0.3000000119
1282  30.766  -85.170  -24.419 0.4000000060
1012  29.993  -86.269  -24.448 0.4000000060
1625  30.113  -85.285  -27.392 0.3000000119
1306  29.756  -85.741  -26.713 0.4000000060
1300  30.071  -85.660  -25.857 0.4000000060
1608  30.620  -85.143  -25.670 0.4000000060
1624  30.645  -84.669  -27.218 0.4000000060
1617  30.408  -85.191  -26.506 0.4000000060
142148  31.253  -84.201  -25.380 0.4000000060
133609  31.400  -83.754  -25.261 0.3000000119
797  28.669  -87.717  -23.863 0.3000000119
1272  30.693  -85.215  -23.889 0.3000000119
1283  30.422  -85.726  -24.084 0.4000000060
1630  30.389  -84.822  -28.072 0.4000000060
1291  31.012  -84.779  -25.049 0.3000000119
1616  30.917  -84.527  -26.099 0.4000000060
2444  30.996  -83.309  -26.874 0.4000000060
135840  31.205  -83.826  -26.055 0.4000000060
1004  29.679  -87.000  -23.284 0.4000000060
1003  30.040  -86.364  -23.665 0.4000000060
1631  29.817  -85.354  -28.208 0.4000000060
1998  31.241  -84.257  -24.261 0.3000000119
2027  30.848  -83.898  -28.845 0.4000000060
135790  30.531  -84.431  -28.619 0.4000000060
2466  30.809  -83.070  -29.010 0.4000000060
2459  30.688  -83.045  -28.245 0.4000000060
2014  31.100  -84.017  -27.078 0.4000000060
786  28.893  -87.599  -22.177 0.4000000060
998  29.502  -87.047  -22.575 0.4000000060
137710  30.469  -85.294  -23.441 0.3000000119
997  29.957  -86.427  -22.955 0.4000000060
1591  30.904  -84.785  -23.823 0.3000000119
2473  30.747  -83.567  -29.596 0.4000000060
2034  30.532  -83.374  -30.473 0.4000000060
2474  30.693  -82.884  -29.981 0.4000000060
125182  30.397  -82.782  -28.711 0.4000000060
2450  30.952  -83.471  -27.748 0.4000000060
137976  28.413  -87.653  -21.455 0.4000000060
1264  29.724  -86.501  -22.366 0.3000000119
988  28.088  -87.657  -20.593 0.4000000060
780  28.101  -88.197  -21.254 0.4000000060
987  28.612  -87.183  -21.398 0.4000000060
993  29.123  -87.079  -21.987 0.4000000060
11906  31.441  -68.291  -36.951 0.4000000060
2021  30.858  -84.176  -28.064 0.4000000060
374  26.953  -89.811  -20.228 0.4000000060
389  25.757  -89.929  -21.951 0.4000000060
517  25.266  -88.974  -17.143 0.5000000000
524  24.653  -88.962  -17.763 0.5000000000
576  24.803  -89.501  -22.034 0.4000000060
1242  26.263  -85.407  -20.190 0.3000000119
1257  29.834  -86.105  -22.251 0.4000000060
1273  30.288  -85.783  -23.440 0.3000000119
1292  30.437  -85.554  -24.935 0.4000000060
1301  29.426  -86.238  -26.075 0.3000000119
1563  26.740  -85.448  -21.344 0.4000000060
1564  26.235  -85.053  -20.850 0.3000000119
1582  29.910  -85.525  -22.614 0.4000000060
1583  29.115  -84.980  -22.479 0.4000000060
1600  31.037  -84.690  -24.338 0.3000000119
1980  28.926  -84.322  -22.707 0.3000000119
2006  31.323  -84.231  -24.788 0.3000000119
2415  31.335  -83.841  -24.176 0.4000000060
2425  31.281  -83.227  -24.403 0.4000000060
2433  31.180  -83.284  -25.871 0.5000000000
2451  30.703  -83.029  -27.564 0.4000000060
2458  30.906  -83.529  -28.394 0.4000000060
2494  29.978  -83.047  -31.916 0.4000000060
2878  34.047  -82.163  -27.187 0.3000000119
2886  30.339  -82.825  -27.247 0.5000000000
2914  29.081  -81.632  -30.273 0.5000000000
3312  29.808  -81.181  -24.223 0.3000000119
3340  33.052  -81.452  -26.420 0.3000000119
3350  35.327  -81.590  -27.429 0.3000000119
3362  33.261  -81.851  -28.210 0.3000000119
3384  28.114  -80.682  -30.276 0.5000000000
3394  32.913  -81.554  -31.193 0.3000000119
3430  31.379  -80.981  -35.100 0.3000000119
3828  32.040  -80.821  -27.335 0.3000000119
3848  27.373  -80.249  -29.193 0.3000000119
3877  28.709  -80.024  -31.887 0.4000000060
3883  34.578  -80.052  -31.978 0.3000000119
3885  33.567  -80.697  -32.542 0.3000000119
3888  30.338  -80.193  -33.191 0.3000000119
3898  31.038  -80.566  -33.898 0.3000000119
3921  33.502  -80.179  -35.498 0.4000000060
3929  33.216  -80.162  -36.036 0.3000000119
3930  32.521  -80.576  -36.043 0.3000000119
3944  31.185  -79.922  -38.012 0.4000000060
4363  28.474  -79.122  -29.146 0.3000000119
4372  30.418  -79.694  -30.023 0.3000000119
4401  29.561  -79.535  -31.580 0.4000000060
4407  35.100  -79.201  -32.444 0.4000000060
4409  29.048  -79.882  -32.459 0.5000000000
4422  35.007  -78.933  -33.831 0.4000000060
4423  34.661  -79.353  -34.222 0.3000000119
4432  34.386  -79.023  -35.697 0.4000000060
4447  33.502  -79.491  -36.513 0.3000000119
4448  32.772  -80.039  -36.735 0.3000000119
4454  33.069  -78.695  -37.525 0.3000000119
4459  32.514  -78.714  -38.056 0.3000000119
4468  32.016  -78.740  -38.598 0.3000000119
4907  27.606  -78.809  -28.252 0.3000000119
4950  35.057  -78.474  -34.445 0.4000000060
4986  33.781  -77.785  -36.806 0.4000000060
5519  35.450  -77.933  -33.361 0.4000000060
5528  34.910  -77.445  -34.415 0.3000000119
5558  33.701  -77.311  -36.779 0.5000000000
5559  33.356  -77.414  -37.306 0.4000000060
5585  31.980  -77.459  -38.967 0.3000000119
6089  31.459  -75.891  -30.763 0.3000000119
6100  31.687  -76.535  -32.175 0.3000000119
6102  29.990  -75.854  -32.485 0.5000000000
6108  33.622  -76.843  -33.056 0.4000000060
6110  30.570  -76.542  -33.306 0.4000000060
6111  29.756  -76.454  -33.629 0.4000000060
6113  28.765  -76.041  -34.126 0.4000000060
6125  29.960  -76.552  -34.502 0.4000000060
6126  29.210  -76.367  -34.262 0.4000000060
6147  33.094  -76.638  -36.577 0.5000000000
6168  33.062  -77.024  -37.765 0.3000000119
6180  31.624  -76.615  -38.985 0.3000000119
6181  31.086  -76.661  -39.360 0.4000000060
6742  29.594  -75.438  -32.764 0.5000000000
6748  28.749  -75.549  -33.810 0.5000000000
6754  28.559  -75.583  -34.356 0.4000000060
6785  31.498  -76.312  -38.809 0.3000000119
6786  30.794  -76.083  -38.955 0.4000000060
6795  30.393  -76.186  -39.243 0.4000000060
6796  29.772  -76.091  -39.220 0.4000000060
6809  30.734  -76.486  -39.372 0.4000000060
7365  14.137  -74.317  -31.206 0.5000000000
7373  30.518  -75.094  -31.599 0.4000000060
7374  14.499  -74.484  -31.813 0.6000000238
7376  13.445  -74.492  -31.640 0.5000000000
7377  12.825  -74.708  -32.082 0.6000000238
7391  14.556  -74.338  -32.653 0.5000000000
7406  29.319  -74.959  -33.124 0.5000000000
7407  28.898  -75.054  -33.586 0.5000000000
7411  13.090  -75.074  -32.852 0.6000000238
7413  11.515  -74.961  -33.641 0.6000000238
7414  10.763  -74.791  -34.304 0.6000000238
7444  28.102  -74.029  -35.375 0.6000000238
7447  12.669  -74.874  -34.515 0.6000000238
7468  28.551  -75.383  -38.137 0.5000000000
7469  27.863  -74.825  -37.506 0.5000000000
7474  29.666  -75.893  -39.032 0.4000000060
7476  27.532  -74.499  -38.644 0.6000000238
7489  28.525  -75.823  -39.119 0.4000000060
8074  16.319  -73.911  -30.113 0.6000000238
8076  14.543  -73.902  -30.622 0.6000000238
8077  13.733  -74.074  -31.175 0.5000000000
8087  22.251  -73.027  -32.114 0.5000000000
8089  15.184  -74.224  -31.206 0.6000000238
8104  12.397  -74.413  -32.426 0.6000000238
8112  15.153  -73.639  -33.143 0.6000000238
8115  11.739  -74.438  -33.236 0.6000000238
8116  11.015  -74.390  -33.879 0.6000000238
8141  28.053  -73.242  -35.686 0.6000000238
8144  14.968  -73.284  -34.824 0.6000000238
8145  14.387  -73.663  -35.057 0.5000000000
8157  31.496  -72.998  -36.903 0.6000000238
8160  27.317  -72.835  -35.682 0.6999999881
8175  32.261  -72.870  -37.202 0.4000000060
8177  23.455  -73.203  -37.958 0.5000000000
8734  20.050  -72.577  -26.288 0.6999999881
8736  18.548  -73.011  -26.751 0.8000000119
8747  19.523  -72.851  -26.778 0.8000000119
8750  17.246  -73.240  -27.878 0.6000000238
8755  19.028  -73.049  -27.538 0.8000000119
8758  16.174  -73.410  -28.918 0.6000000238
8765  15.020  -72.690  -29.803 0.6000000238
8771  16.827  -73.531  -30.016 0.6000000238
8778  22.340  -72.574  -31.932 0.6999999881
8779  21.714  -72.221  -31.866 0.5000000000
8783  13.499  -73.429  -31.425 0.5000000000
8788  22.716  -72.593  -32.010 0.5000000000
8803  12.718  -72.627  -33.680 0.5000000000
8805  10.707  -73.725  -34.158 0.5000000000
8813  16.243  -72.374  -34.300 0.6000000238
8823  23.554  -72.907  -35.176 0.5000000000
8834  29.026  -72.373  -36.237 0.6999999881
8849  33.640  -72.587  -37.581 0.4000000060
8851  31.960  -72.506  -37.358 0.4000000060
8854  26.021  -71.213  -36.300 0.6999999881
8855  23.375  -72.300  -37.763 0.6000000238
8868  32.301  -71.998  -37.688 0.4000000060
9427  21.288  -71.441  -25.844 0.6999999881
9429  19.804  -71.896  -25.579 0.8000000119
9440  20.677  -72.113  -26.145 0.6999999881
9441  19.458  -72.454  -25.936 0.8000000119
9442  18.676  -72.307  -26.225 0.8000000119
9443  17.961  -72.487  -26.735 0.6000000238
9454  17.362  -72.390  -27.324 0.5000000000
9460  18.577  -73.124  -28.172 0.6999999881
9464  18.886  -71.140  -29.193 0.8000000119
9470  20.670  -70.438  -30.586 0.6999999881
9482  19.255  -70.591  -31.280 0.6999999881
9483  18.217  -70.642  -31.512 0.6000000238
9497  17.801  -70.617  -32.259 0.6000000238
9499  16.711  -71.815  -33.006 0.6000000238
9526  16.798  -71.825  -33.976 0.6000000238
9527  13.970  -71.612  -34.277 0.6000000238
9534  27.440  -71.936  -34.681 0.6999999881
9536  26.303  -71.502  -34.559 0.8000000119
9549  28.824  -71.531  -36.719 0.6999999881
9552  22.961  -71.185  -36.813 0.4000000060
9564  29.580  -70.985  -37.539 0.6999999881
9586  23.717  -71.663  -39.244 0.6000000238
9594  26.535  -71.294  -39.779 0.6000000238
9608  24.838  -72.014  -40.306 0.6000000238
10181  22.384  -70.443  -25.324 0.5000000000
10183  20.983  -70.706  -25.471 0.5000000000
10184  20.022  -70.918  -25.436 0.6999999881
10194  24.478  -70.083  -26.742 0.5000000000
10196  22.115  -70.910  -26.531 0.6000000238
10197  19.225  -70.382  -25.870 0.6000000238
10202  24.295  -70.067  -27.354 0.5000000000
10206  17.976  -70.465  -26.721 0.6999999881
10208  16.982  -71.399  -27.599 0.5000000000
10215  20.604  -70.871  -27.710 0.8999999762
10216  17.118  -70.426  -27.807 0.6999999881
10221  20.863  -69.408  -29.266 0.8999999762
10224  16.135  -70.368  -29.637 0.6000000238
10237  15.561  -71.006  -29.881 0.5000000000
10250  14.845  -71.223  -31.807 0.6000000238
10270  22.757  -70.198  -33.649 0.8000000119
10283  26.686  -71.486  -34.170 0.6999999881
10284  22.913  -70.678  -34.391 0.4000000060
10314  26.141  -71.201  -35.389 0.8000000119
10325  32.970  -70.643  -37.745 0.4000000060
10326  29.458  -69.980  -38.277 0.6000000238
10328  26.424  -70.474  -36.713 0.8000000119
10357  25.555  -70.024  -39.987 0.6000000238
10358  24.624  -70.285  -40.047 0.6000000238
10359  23.855  -70.670  -39.404 0.4000000060
10942  19.900  -69.153  -25.841 0.5000000000
10954  25.332  -69.601  -27.657 0.5000000000
10966  25.427  -69.486  -28.438 0.5000000000
10968  23.547  -69.361  -28.425 0.6000000238
10988  24.595  -69.175  -29.599 0.6000000238
10991  16.733  -69.783  -29.416 0.6000000238
11010  17.146  -69.314  -30.021 0.6000000238
11025  22.223  -68.734  -31.229 0.6999999881
11027  17.191  -69.226  -31.379 0.6000000238
11037  22.844  -68.814  -32.750 0.8000000119
11041  16.029  -70.161  -32.187 0.6000000238
11055  22.714  -69.432  -33.197 0.6999999881
11057  16.031  -69.951  -33.079 0.5000000000
11071  15.253  -70.316  -34.792 0.6000000238
11081  15.615  -69.508  -35.878 0.5000000000
11111  23.634  -69.659  -38.266 0.6000000238
11118  28.807  -69.096  -38.564 0.8000000119
11120  26.369  -68.815  -38.690 0.8000000119
11131  25.452  -69.320  -39.498 0.6000000238
11739  21.460  -68.717  -25.048 0.5000000000
11766  19.949  -67.729  -27.242 0.6000000238
11782  27.596  -68.257  -28.586 0.5000000000
11800  23.217  -68.516  -30.046 0.6999999881
11802  18.165  -68.536  -29.367 0.6000000238
11810  27.716  -68.192  -30.688 0.6000000238
11811  26.152  -68.679  -30.624 0.6000000238
11814  22.831  -68.483  -30.834 0.8000000119
11824  28.374  -68.256  -31.529 0.5000000000
11826  26.739  -68.298  -31.699 0.5000000000
11832  18.296  -68.557  -31.224 0.6999999881
11833  17.661  -68.838  -31.667 0.6000000238
11843  27.781  -68.048  -32.209 0.5000000000
11846  24.557  -68.516  -32.468 0.6999999881
11851  17.062  -69.135  -32.882 0.6000000238
11876  28.269  -67.830  -34.388 0.5000000000
11880  21.239  -68.240  -34.997 0.5000000000
11896  24.754  -68.699  -35.296 0.8000000119
11897  20.795  -68.175  -36.377 0.5000000000
11899  18.840  -68.624  -35.384 0.6000000238
11903  16.003  -68.753  -36.465 0.6000000238
11905  32.066  -68.811  -37.234 0.5000000000
11912  20.075  -68.197  -36.711 0.5000000000
11913  19.300  -68.428  -36.241 0.5000000000
11916  15.212  -68.360  -36.919 0.6000000238
11926  26.911  -68.034  -38.247 0.6999999881
11927  26.293  -68.056  -38.124 0.6999999881
11936  29.836  -68.361  -38.576 0.6999999881
11941  24.911  -68.707  -38.232 0.6000000238
12632  22.833  -67.036  -25.667 0.5000000000
12646  20.628  -67.343  -27.484 0.6000000238
12656  22.957  -67.010  -28.200 0.6000000238
12658  20.938  -66.896  -28.122 0.6000000238
12668  19.674  -67.454  -29.283 0.5000000000
12697  21.290  -67.246  -31.997 0.6000000238
12699  19.832  -68.004  -31.229 0.6000000238
12731  21.834  -67.492  -33.620 0.6000000238
12732  21.068  -68.096  -33.466 0.6000000238
12743  23.365  -67.296  -35.509 0.6999999881
12744  22.679  -67.428  -34.797 0.6999999881
12745  21.559  -68.009  -34.261 0.6000000238
12761  29.786  -67.601  -37.670 0.6000000238
12764  27.627  -67.394  -37.239 0.8000000119
12767  21.395  -67.872  -36.939 0.5000000000
12780  21.972  -67.384  -37.678 0.6000000238
12783  19.767  -67.015  -37.905 0.5000000000
12787  15.397  -67.580  -37.199 0.6000000238
12795  21.194  -67.053  -38.185 0.6000000238
13436  24.108  -66.665  -23.213 0.5000000000
13437  23.561  -66.751  -23.470 0.5000000000
13450  23.955  -66.276  -23.584 0.5000000000
13475  24.294  -66.492  -25.874 0.5000000000
13502  25.758  -66.343  -28.717 0.5000000000
13504  23.733  -67.014  -28.322 0.5000000000
13505  22.378  -66.585  -28.809 0.6000000238
13507  20.852  -66.691  -28.883 0.5000000000
13523  24.574  -66.712  -29.534 0.5000000000
13525  23.201  -66.438  -29.838 0.5000000000
13527  21.221  -66.557  -29.490 0.5000000000
13544  26.350  -66.308  -30.126 0.5000000000
13546  24.655  -66.541  -30.789 0.5000000000
13548  20.924  -66.784  -30.251 0.5000000000
13562  24.427  -66.438  -31.512 0.5000000000
13563  23.571  -66.324  -31.541 0.5000000000
13565  21.873  -66.628  -31.566 0.6000000238
13576  22.907  -66.534  -33.032 0.6999999881
13615  25.879  -65.935  -36.588 0.5000000000
13617  24.154  -66.970  -36.295 0.6999999881
13628  24.213  -66.371  -37.827 0.6999999881
13629  23.397  -66.388  -38.231 0.6999999881
13630  22.784  -66.942  -38.100 0.6000000238
13633  17.428  -66.413  -37.568 0.5000000000
13635  15.121  -66.281  -37.392 0.6000000238
13642  23.145  -65.749  -38.500 0.6000000238
14301  25.715  -65.561  -25.959 0.5000000000
14414  25.401  -65.313  -37.690 0.5000000000
14415  24.741  -65.595  -38.004 0.6000000238
14417  18.988  -65.354  -38.181 0.5000000000
14419  17.589  -65.498  -37.711 0.4000000060
14427  22.351  -65.601  -38.501 0.6000000238
14429  20.761  -65.587  -38.418 0.6000000238
15190  27.581  -64.274  -36.066 0.5000000000
15199  25.612  -64.602  -37.630 0.5000000000
15201  24.175  -64.802  -38.134 0.5000000000
15202  22.384  -64.255  -37.820 0.6000000238
15207  17.825  -64.612  -37.513 0.5000000000
15216  21.114  -64.761  -38.233 0.6000000238
15217  20.364  -64.828  -38.251 0.6000000238
15870  17.217  -62.956  -27.184 0.6000000238
15920  22.181  -63.298  -33.444 0.6000000238
15935  22.411  -63.449  -34.718 0.6000000238
15943  28.082  -63.728  -35.755 0.5000000000
15945  22.357  -63.488  -35.592 0.6000000238
15956  24.397  -63.313  -37.203 0.5000000000
15958  22.546  -63.468  -36.575 0.6000000238
15959  21.837  -63.499  -36.207 0.5000000000
15975  18.387  -63.969  -37.223 0.5000000000
16691  17.976  -62.104  -26.735 0.6000000238
16707  20.171  -61.909  -27.573 0.5000000000
16708  19.510  -62.040  -27.322 0.5000000000
16709  18.570  -62.279  -27.240 0.6000000238
16721  20.744  -62.085  -28.074 0.6000000238
16722  19.858  -62.433  -28.634 0.6000000238
16723  19.291  -62.425  -27.894 0.5000000000
16724  17.881  -62.739  -27.635 0.5000000000
16735  22.190  -62.260  -29.953 0.6000000238
16736  21.852  -62.235  -29.230 0.6000000238
16737  21.169  -62.308  -28.754 0.6000000238
16755  21.096  -62.553  -30.166 0.6000000238
16756  20.252  -62.334  -30.199 0.6000000238
16757  18.713  -62.332  -30.154 0.5000000000
16777  22.177  -62.407  -30.679 0.6000000238
16800  22.526  -62.698  -32.376 0.6999999881
16801  22.099  -63.091  -32.621 0.6000000238
16802  20.578  -62.357  -32.298 0.5000000000
16815  23.051  -62.958  -33.712 0.6999999881
16816  21.372  -62.932  -33.579 0.5000000000
16817  20.487  -62.377  -33.177 0.6000000238
16829  20.904  -62.700  -34.976 0.6000000238
16831  19.177  -62.077  -35.099 0.5000000000
16844  26.178  -62.228  -35.956 0.6000000238
16846  24.256  -62.353  -35.758 0.6999999881
16847  23.487  -62.783  -35.355 0.6000000238
16858  28.097  -61.868  -36.068 0.6000000238
16859  27.436  -62.846  -36.148 0.5000000000
16860  25.903  -62.911  -36.357 0.6000000238
16863  20.294  -62.714  -36.231 0.5000000000
17628  17.399  -61.997  -26.628 0.6000000238
17640  19.624  -61.642  -27.207 0.5000000000
17656  20.751  -61.688  -27.955 0.6000000238
17670  21.871  -61.625  -28.899 0.6000000238
17688  22.477  -62.035  -30.373 0.6000000238
17702  18.856  -61.935  -32.128 0.5000000000
17711  22.718  -62.117  -32.360 0.6999999881
17726  23.017  -61.993  -33.752 0.6999999881
17727  19.523  -61.967  -33.621 0.5000000000
17739  28.462  -61.543  -35.096 0.5000000000
17740  18.846  -61.858  -34.379 0.5000000000
17754  26.559  -61.411  -35.980 0.6999999881
17755  25.522  -61.537  -35.625 0.6999999881
17757  23.816  -61.935  -35.166 0.8000000119
17761  28.055  -61.250  -36.189 0.6999999881
17762  27.541  -61.321  -36.252 0.6999999881
18541  18.463  -61.025  -27.167 0.6000000238
18554  20.644  -61.065  -28.069 0.6000000238
18557  18.068  -60.592  -27.957 0.5000000000
18572  21.736  -60.961  -28.819 0.6000000238
18574  20.324  -60.476  -28.669 0.6000000238
18575  19.455  -60.379  -28.751 0.5000000000
18599  22.423  -61.316  -29.998 0.6000000238
18611  22.313  -60.359  -31.597 0.6000000238
18624  22.758  -60.826  -33.724 0.6999999881
18631  23.540  -60.780  -34.602 0.6999999881
18632  23.124  -61.283  -34.281 0.6999999881
18641  24.857  -60.875  -35.271 0.8000000119
18644  27.818  -60.569  -36.133 0.6999999881
19512  21.531  -60.114  -28.931 0.6000000238
19513  20.727  -59.983  -29.152 0.8000000119
19532  18.546  -59.550  -30.587 0.5000000000
19533  17.683  -59.666  -30.838 0.4000000060
19545  22.268  -59.635  -30.837 0.6000000238
19570  28.530  -59.492  -34.857 0.5000000000
19571  24.291  -59.381  -34.778 0.6999999881
19579  28.332  -59.229  -35.338 0.5000000000
19580  28.070  -59.137  -35.565 0.6999999881
19582  25.856  -59.644  -35.387 0.6999999881
19584  28.215  -59.707  -35.627 0.6000000238
19586  27.355  -59.917  -35.883 0.6000000238
20453  22.923  -58.590  -27.948 0.6000000238
20454  22.523  -58.877  -28.298 0.6999999881
20462  21.621  -59.393  -28.861 0.6999999881
20474  22.614  -58.955  -29.823 0.6000000238
20475  19.621  -58.908  -30.879 0.6000000238
20476  18.973  -59.044  -31.162 0.5000000000
20485  19.990  -58.449  -30.990 0.6000000238
20487  18.519  -58.547  -31.773 0.5000000000
20497  22.322  -58.443  -32.428 0.6999999881
20498  17.991  -58.113  -32.351 0.5000000000
20508  22.581  -58.791  -33.349 0.6999999881
20515  25.573  -58.090  -34.720 0.8000000119
20517  23.398  -59.149  -34.332 0.8000000119
20518  22.869  -59.135  -33.898 0.6999999881
20522  28.188  -58.555  -35.286 0.6999999881
20523  27.880  -58.465  -35.461 0.6999999881
20524  27.064  -58.556  -35.346 0.8000000119
20525  25.940  -58.752  -35.144 0.8000000119
21443  22.417  -58.388  -27.600 0.6000000238
21453  23.293  -58.171  -28.096 0.6000000238
21454  21.519  -58.532  -28.787 0.6999999881
21468  22.928  -58.222  -29.681 0.8000000119
21483  18.869  -57.975  -32.204 0.5000000000
21496  19.090  -57.361  -32.341 0.5000000000
21504  28.278  -57.442  -33.838 0.6000000238
21516  26.979  -57.066  -34.651 0.6999999881
21520  28.068  -57.880  -35.153 0.8000000119
22337  15.855  -56.408  -18.918 0.4000000060
22354  18.130  -56.062  -21.813 0.3000000119
22421  23.397  -56.492  -26.204 0.6999999881
22439  23.421  -57.036  -26.591 0.6999999881
22454  23.541  -57.558  -27.379 0.6999999881
22467  21.476  -57.689  -28.623 0.6999999881
22483  20.800  -57.302  -30.752 0.5000000000
22495  23.005  -56.230  -30.832 0.8000000119
22496  22.770  -56.561  -31.355 0.8000000119
22513  22.796  -56.498  -32.336 0.8000000119
22514  18.883  -56.753  -32.557 0.5000000000
22519  28.152  -56.586  -34.013 0.6000000238
22522  23.393  -56.508  -33.556 0.8000000119
22523  22.835  -56.881  -33.238 0.8000000119
22530  28.010  -56.389  -34.467 0.6000000238
22532  26.746  -56.190  -34.367 0.6999999881
23366  17.564  -55.647  -21.177 0.4000000060
23367  16.829  -55.307  -20.609 0.5000000000
23405  18.481  -55.419  -24.421 0.5000000000
23420  23.488  -55.446  -25.653 0.5000000000
23422  18.448  -55.236  -25.156 0.5000000000
23437  24.279  -55.476  -25.916 0.5000000000
23438  23.709  -55.918  -25.871 0.6999999881
23451  24.538  -55.804  -26.695 0.6999999881
23452  22.688  -55.921  -26.418 0.6999999881
23453  22.174  -56.537  -27.224 0.6000000238
23463  22.198  -55.355  -28.417 0.6999999881
23464  18.041  -55.013  -27.843 0.5000000000
23475  24.170  -55.779  -28.818 0.6999999881
23476  23.689  -55.700  -29.742 0.6999999881
23490  23.336  -55.698  -30.615 0.8000000119
23491  21.380  -55.924  -30.176 0.6000000238
23504  22.976  -55.809  -31.732 0.8000000119
23505  19.945  -56.237  -31.780 0.5000000000
23515  23.669  -55.092  -32.754 0.8000000119
23517  19.097  -55.878  -32.341 0.4000000060
23524  23.531  -55.782  -33.217 0.8000000119
23529  27.957  -55.592  -34.304 0.6999999881
23530  27.407  -55.568  -34.309 0.6999999881
23532  25.949  -55.159  -33.783 0.6999999881
24328  16.040  -54.600  -20.692 0.5000000000
24367  17.973  -54.941  -23.924 0.4000000060
24368  17.085  -54.555  -23.530 0.4000000060
24383  16.293  -54.119  -24.066 0.4000000060
24396  24.207  -54.835  -25.475 0.5000000000
24397  23.737  -54.902  -25.350 0.5000000000
24398  23.285  -54.903  -25.513 0.5000000000
24399  18.485  -55.406  -25.785 0.5000000000
24401  17.169  -54.304  -25.438 0.5000000000
24409  24.659  -54.587  -25.930 0.5000000000
24419  22.645  -54.865  -26.476 0.6000000238
24430  18.044  -54.343  -28.305 0.5000000000
24444  21.115  -53.911  -30.282 0.6000000238
24458  23.859  -54.248  -29.834 0.6999999881
24460  21.361  -54.838  -30.237 0.6999999881
24461  20.705  -54.414  -30.647 0.6000000238
24462  19.989  -54.336  -31.109 0.6000000238
24476  23.498  -54.607  -31.715 0.6999999881
24485  24.041  -54.444  -32.446 0.8000000119
24494  25.436  -54.688  -33.201 0.6999999881
24495  24.552  -54.886  -32.916 0.6999999881
24500  27.786  -54.928  -34.113 0.6000000238
24501  26.916  -54.980  -33.989 0.6999999881
25332  13.798  -53.342  -22.685 0.3000000119
25345  14.877  -53.734  -23.461 0.3000000119
25366  24.460  -54.153  -25.522 0.5000000000
25367  24.012  -54.254  -25.181 0.5000000000
25371  14.323  -53.116  -25.663 0.3000000119
25383  22.853  -54.376  -25.684 0.6000000238
25384  17.265  -53.679  -27.449 0.4000000060
25400  24.694  -53.164  -27.879 0.5000000000
25401  22.533  -53.854  -26.630 0.6000000238
25402  17.873  -53.849  -28.037 0.5000000000
25404  16.348  -53.085  -27.831 0.5000000000
25413  24.224  -53.147  -28.917 0.6000000238
25414  22.375  -53.403  -27.836 0.6999999881
25415  22.100  -53.274  -28.922 0.6999999881
25416  18.457  -53.605  -28.780 0.6000000238
25429  20.398  -53.298  -30.037 0.6000000238
25459  24.263  -53.761  -32.187 0.6999999881
25466  28.092  -53.528  -33.307 0.6000000238
25469  25.780  -53.937  -33.045 0.6999999881
26350  22.526  -53.370  -25.707 0.6000000238
26351  22.012  -52.587  -25.644 0.5000000000
26365  24.653  -52.499  -27.323 0.4000000060
26368  21.148  -51.755  -28.107 0.5000000000
26381  24.210  -52.436  -28.421 0.4000000060
26383  20.413  -51.967  -28.906 0.5000000000
26386  17.304  -52.348  -28.555 0.4000000060
26387  15.917  -51.908  -28.522 0.3000000119
26402  21.546  -52.680  -29.116 0.6000000238
26427  28.822  -52.147  -32.647 0.5000000000
26432  23.820  -53.364  -31.794 0.5000000000
26440  27.062  -52.903  -33.249 0.5000000000
27252  21.964  -50.745  -24.344 0.3000000119
27253  21.232  -50.669  -24.157 0.4000000060
27259  24.204  -52.232  -25.204 0.4000000060
27260  23.412  -51.829  -24.824 0.6000000238
27262  21.551  -51.384  -24.479 0.4000000060
27286  24.378  -51.828  -26.815 0.4000000060
27287  23.990  -51.216  -26.269 0.4000000060
27289  18.783  -50.891  -27.977 0.4000000060
27306  17.344  -51.608  -28.622 0.4000000060
27335  29.244  -51.514  -31.541 0.4000000060
27336  29.088  -51.635  -32.252 0.4000000060
27338  23.912  -51.712  -31.604 0.3000000119
27342  28.613  -51.421  -32.628 0.4000000060
27345  25.665  -51.816  -32.280 0.4000000060
28124  21.562  -50.300  -24.154 0.3000000119
28125  20.944  -50.128  -23.938 0.3000000119
28133  22.776  -50.268  -25.047 0.3000000119
28135  20.456  -50.493  -24.128 0.3000000119
28136  19.615  -50.220  -24.377 0.3000000119
28147  23.463  -50.748  -25.624 0.3000000119
28151  17.772  -49.700  -26.969 0.3000000119
28178  17.382  -50.815  -28.476 0.3000000119
28221  28.324  -50.784  -32.477 0.4000000060
29051  17.485  -49.949  -28.031 0.3000000119
29052  16.655  -49.594  -27.778 0.3000000119
29099  24.976  -49.481  -31.699 0.3000000119
29994  27.439  -48.004  -31.360 0.3000000119
118167  26.385  -71.861  -33.993 0.6999999881
118168  25.967  -71.750  -34.944 0.6999999881
118170  27.017  -72.493  -37.731 0.6999999881
118764  26.956  -72.508  -38.982 0.6999999881
118782  26.443  -71.754  -36.979 0.6999999881
118928  25.156  -56.885  -34.031 0.6999999881
118931  18.091  -67.070  -37.496 0.5000000000
119139  14.889  -53.518  -25.009 0.3000000119
119480  31.482  -76.590  -33.088 0.4000000060
119528  19.789  -50.867  -26.169 0.3000000119
119570  16.810  -68.618  -36.049 0.6999999881
119705  25.966  -67.986  -36.450 0.8000000119
119987  31.066  -68.158  -37.769 0.6000000238
120257  34.134  -79.966  -33.881 0.3000000119
120316  22.554  -61.512  -31.757 0.6000000238
120349  15.391  -73.905  -30.127 0.6000000238
120379  28.390  -58.138  -34.370 0.6000000238
120460  20.597  -62.444  -29.304 0.6000000238
120471  24.103  -66.361  -32.238 0.6000000238
120620  26.897  -68.423  -30.223 0.6000000238
120724  12.730  -74.966  -32.485 0.6000000238
120896  30.316  -82.578  -29.436 0.5000000000
121084  21.850  -72.012  -31.700 0.6999999881
121111  23.632  -53.040  -31.059 0.6000000238
121115  22.338  -58.049  -31.616 0.6000000238
121194  22.901  -62.637  -33.017 0.6999999881
121410  23.264  -55.119  -32.161 0.8000000119
121439  32.056  -76.952  -38.814 0.3000000119
121578  25.418  -66.349  -35.631 0.5000000000
121639  16.132  -73.912  -29.757 0.6000000238
121640  26.148  -73.263  -40.061 0.5000000000
121677  21.371  -62.457  -29.479 0.6000000238
121851  28.075  -68.110  -28.101 0.5000000000
122306  29.443  -67.854  -38.339 0.6999999881
122610  33.389  -80.452  -34.816 0.4000000060
123098  24.878  -89.412  -19.140 0.4000000060
123235  19.388  -68.663  -34.522 0.6000000238
123339  34.566  -77.060  -33.061 0.4000000060
123568  27.890  -74.693  -36.431 0.5000000000
123603  20.040  -63.261  -37.220 0.6000000238
123737  16.579  -69.453  -33.188 0.6000000238
123919  26.162  -72.410  -40.224 0.6000000238
124488  31.579  -79.346  -38.417 0.3000000119
124688  22.075  -69.726  -27.864 0.6999999881
124739  22.208  -60.489  -29.657 0.6000000238
125166  30.362  -82.353  -26.011 0.5000000000
125227  13.342  -72.967  -32.022 0.5000000000
125324  24.172  -66.847  -28.878 0.5000000000
125452  25.921  -49.856  -32.097 0.3000000119
125822  24.898  -69.526  -28.834 0.6000000238
125992  16.918  -73.619  -28.546 0.6000000238
126084  28.090  -82.125  -27.168 0.5000000000
126185  21.587  -66.627  -30.772 0.5000000000
126423  24.791  -68.777  -30.418 0.6000000238
126727  18.541  -60.334  -28.855 0.5000000000
126740  23.739  -66.412  -32.981 0.6999999881
126825  18.767  -68.630  -33.900 0.6999999881
126952  23.474  -51.093  -31.409 0.3000000119
127000  15.697  -66.833  -37.386 0.6000000238
127341  24.774  -55.019  -26.451 0.6000000238
127489  23.232  -70.429  -27.079 0.6000000238
127492  26.346  -54.421  -33.615 0.6000000238
127567  33.030  -81.441  -31.925 0.3000000119
128050  28.397  -88.035  -21.777 0.4000000060
128149  15.912  -66.023  -37.534 0.5000000000
129294  22.213  -58.585  -31.696 0.6000000238
129741  15.979  -73.895  -30.830 0.6000000238
130024  29.264  -87.337  -23.713 0.3000000119
130177  28.305  -55.794  -31.164 0.4000000060
130300  22.883  -63.739  -37.409 0.6000000238
130364  19.726  -69.961  -25.595 0.6000000238
130603  19.457  -68.424  -32.701 0.6000000238
130618  10.932  -72.958  -34.207 0.6000000238
130750  23.634  -53.691  -25.031 0.6000000238
131068  22.134  -69.267  -31.738 0.8000000119
131176  28.182  -55.213  -33.551 0.5000000000
131282  32.080  -76.770  -38.698 0.3000000119
131389  22.456  -66.553  -32.290 0.6999999881
131489  14.958  -53.318  -21.124 0.3000000119
132183  25.208  -68.883  -38.993 0.6999999881
132328  30.144  -84.856  -28.802 0.4000000060
132337  28.482  -54.279  -32.340 0.4000000060
132466  23.937  -66.650  -34.325 0.6000000238
132762  26.362  -52.348  -32.765 0.5000000000
132767  18.062  -68.660  -33.929 0.6999999881
132788  24.170  -53.859  -29.194 0.6000000238
132905  28.797  -52.801  -32.486 0.5000000000
133019  23.554  -61.478  -34.714 0.6999999881
133230  21.433  -49.575  -27.776 0.3000000119
133287  23.687  -57.731  -34.226 0.8000000119
133596  30.888  -70.363  -38.427 0.6000000238
133620  24.853  -66.662  -30.141 0.5000000000
133954  31.891  -80.742  -28.045 0.3000000119
133963  23.430  -71.764  -38.383 0.4000000060
134168  31.220  -80.196  -31.447 0.3000000119
134672  28.208  -56.728  -32.479 0.5000000000
135387  30.876  -76.490  -34.707 0.4000000060
135484  24.573  -66.649  -37.173 0.6000000238
135524  22.394  -59.289  -30.344 0.6000000238
135867  27.847  -88.533  -20.129 0.5000000000
136310  23.499  -51.687  -28.889 0.4000000060
136497  18.877  -53.558  -29.322 0.6000000238
136721  33.608  -76.736  -35.815 0.3000000119
136790  28.463  -55.075  -31.849 0.5000000000
136858  17.568  -70.118  -27.334 0.6000000238
137145  19.665  -72.693  -26.239 0.8000000119
137471  19.898  -61.948  -32.817 0.5000000000
137868  23.538  -72.640  -33.480 0.5000000000
138112  12.591  -75.169  -33.577 0.6000000238
138170  20.839  -68.312  -35.630 0.5000000000
138189  22.591  -50.703  -24.568 0.3000000119
138301  16.654  -51.934  -28.637 0.3000000119
138310  18.849  -51.959  -28.785 0.5000000000
138400  25.594  -68.582  -34.583 0.6999999881
138617  23.928  -71.981  -39.816 0.6000000238
138666  15.238  -70.027  -35.439 0.5000000000
138686  15.608  -53.067  -27.503 0.3000000119
139001  24.907  -53.864  -27.415 0.6000000238
139392  22.127  -67.541  -34.303 0.6000000238
139458  26.172  -69.996  -38.934 0.6999999881
139766  23.476  -65.152  -38.342 0.6000000238
139944  23.937  -68.863  -29.547 0.6999999881
140051  15.465  -70.852  -30.594 0.5000000000
140078  25.306  -66.663  -28.188 0.5000000000
140254  21.981  -66.151  -38.522 0.6000000238
140298  19.111  -50.707  -27.063 0.3000000119
140346  22.740  -67.211  -27.471 0.6000000238
140426  18.715  -63.515  -37.002 0.5000000000
140437  28.485  -55.104  -31.190 0.5000000000
140598  19.393  -67.412  -37.441 0.5000000000
140772  21.302  -57.881  -29.291 0.6000000238
140819  22.642  -66.443  -29.445 0.6000000238
140938  33.094  -80.760  -34.378 0.4000000060
141038  19.540  -62.091  -34.407 0.6000000238
141168  17.810  -68.626  -34.624 0.6999999881
141349  32.209  -70.799  -38.069 0.4000000060
141806  16.383  -69.959  -30.832 0.6000000238
141846  19.441  -61.975  -31.480 0.5000000000
141958  26.449  -85.768  -19.739 0.3000000119
142111  26.887  -72.741  -39.371 0.6000000238
142114  28.495  -58.832  -33.132 0.5000000000
142134  19.820  -63.768  -37.710 0.6000000238
142151  15.596  -70.330  -33.246 0.4000000060
142281  26.186  -68.544  -34.049 0.6999999881
142371  33.958  -76.819  -35.369 0.3000000119
142401  22.822  -66.875  -24.754 0.5000000000
142539  23.076  -55.708  -31.140 0.8000000119
142658  17.270  -72.819  -30.005 0.6999999881
142880  28.589  -60.141  -34.911 0.5000000000
143330  18.725  -68.103  -36.788 0.5000000000
143380  19.852  -51.745  -28.675 0.4000000060
143676  28.737  -76.181  -39.324 0.4000000060
143839  20.390  -66.475  -38.303 0.6000000238
