#!ascii label  , from subject sub-v1s0x0050642_ses-1 vox2ras=TkReg
273
137264  45.688  -53.985  -10.778 0.0000000000
21332  45.947  -57.974  -20.817 0.0000000000
23252  52.703  -55.923  -12.182 0.0000000000
140052  46.348  -56.916  -15.551 0.0000000000
18422  51.067  -59.716  -18.044 0.0000000000
22278  52.123  -57.175  -15.596 0.0000000000
18389  50.555  -60.937  -15.143 0.0000000000
21314  46.775  -57.102  -18.564 0.0000000000
22316  43.197  -55.957  -17.006 0.0000000000
23229  48.970  -55.148  -11.871 0.0000000000
22256  48.935  -56.784  -14.290 0.0000000000
21299  49.617  -57.039  -17.276 0.0000000000
20350  49.621  -58.539  -19.796 0.0000000000
17528  49.456  -61.297  -19.487 0.0000000000
26124  45.148  -51.321  -9.758 0.0000000000
26131  49.680  -52.253  -9.596 0.0000000000
25170  52.516  -53.750  -9.695 0.0000000000
22259  42.287  -56.694  -14.554 0.0000000000
19347  51.610  -59.411  -14.378 0.0000000000
21324  46.251  -57.394  -19.316 0.0000000000
22335  44.966  -56.561  -19.133 0.0000000000
23227  51.227  -55.251  -11.855 0.0000000000
23273  51.519  -56.214  -13.390 0.0000000000
20324  51.735  -58.242  -17.144 0.0000000000
22298  51.407  -57.284  -16.805 0.0000000000
21309  51.180  -57.920  -18.139 0.0000000000
21311  49.764  -57.384  -18.699 0.0000000000
19390  50.924  -58.977  -18.911 0.0000000000
17546  48.737  -61.624  -21.025 0.0000000000
26108  50.633  -52.532  -8.881 0.0000000000
25165  51.232  -52.937  -9.393 0.0000000000
24193  52.362  -53.805  -8.743 0.0000000000
21224  46.274  -57.036  -14.081 0.0000000000
21275  44.325  -56.830  -15.067 0.0000000000
24312  41.725  -54.234  -18.489 0.0000000000
23322  41.132  -55.198  -17.108 0.0000000000
22232  52.862  -56.753  -12.601 0.0000000000
126889  52.025  -56.657  -13.973 0.0000000000
120259  52.471  -57.692  -13.994 0.0000000000
19359  51.614  -59.511  -15.381 0.0000000000
18400  51.362  -59.943  -16.579 0.0000000000
124057  46.734  -56.788  -16.966 0.0000000000
22300  44.498  -56.486  -16.425 0.0000000000
22314  44.656  -56.273  -17.357 0.0000000000
23332  43.323  -55.070  -18.651 0.0000000000
20377  46.641  -58.342  -22.032 0.0000000000
24223  47.754  -54.728  -11.120 0.0000000000
22237  47.574  -56.645  -13.432 0.0000000000
21244  47.445  -56.957  -14.714 0.0000000000
22254  51.090  -56.649  -14.790 0.0000000000
21269  49.666  -56.971  -15.887 0.0000000000
21288  48.113  -56.978  -16.289 0.0000000000
21301  48.194  -57.065  -17.919 0.0000000000
21322  48.145  -57.707  -19.305 0.0000000000
20360  47.932  -59.126  -20.509 0.0000000000
17527  49.977  -60.850  -18.925 0.0000000000
18441  49.795  -60.489  -19.998 0.0000000000
19398  48.497  -60.029  -20.901 0.0000000000
19400  46.917  -59.135  -21.365 0.0000000000
127643  43.826  -52.585  -10.151 0.0000000000
134020  45.414  -52.839  -10.294 0.0000000000
26122  47.075  -51.478  -9.730 0.0000000000
25175  48.052  -53.030  -10.326 0.0000000000
24206  49.294  -53.835  -10.747 0.0000000000
24204  51.295  -53.901  -10.579 0.0000000000
24218  52.704  -54.776  -10.971 0.0000000000
23207  53.764  -55.598  -9.703 0.0000000000
22197  53.570  -56.340  -11.096 0.0000000000
22302  42.769  -56.239  -16.352 0.0000000000
134912  45.030  -54.392  -10.911 0.0000000000
24227  43.810  -54.654  -11.028 0.0000000000
24226  44.401  -54.705  -11.073 0.0000000000
20353  46.557  -58.066  -20.126 0.0000000000
21325  45.443  -57.073  -19.613 0.0000000000
23253  51.901  -55.796  -12.463 0.0000000000
23254  50.834  -55.767  -12.587 0.0000000000
19381  51.523  -59.012  -17.623 0.0000000000
21297  51.497  -57.802  -17.380 0.0000000000
20336  51.450  -58.364  -17.862 0.0000000000
20343  50.865  -58.203  -18.835 0.0000000000
19386  51.262  -59.043  -18.318 0.0000000000
130476  47.972  -62.538  -20.909 0.0000000000
25156  51.241  -52.920  -8.664 0.0000000000
130911  46.032  -57.117  -14.873 0.0000000000
21246  45.119  -56.968  -14.955 0.0000000000
138572  41.063  -53.912  -18.354 0.0000000000
20283  52.623  -57.251  -13.126 0.0000000000
19334  52.061  -58.604  -13.853 0.0000000000
18377  51.133  -60.274  -14.715 0.0000000000
128036  51.623  -59.505  -16.141 0.0000000000
18388  51.214  -60.165  -15.722 0.0000000000
21303  46.341  -56.818  -17.762 0.0000000000
22299  45.883  -56.697  -16.944 0.0000000000
22313  45.495  -56.590  -17.626 0.0000000000
22328  44.453  -56.068  -18.706 0.0000000000
23331  44.029  -55.549  -19.097 0.0000000000
24319  43.052  -54.368  -19.264 0.0000000000
24222  48.658  -54.612  -11.221 0.0000000000
134913  47.364  -55.354  -11.507 0.0000000000
23230  48.101  -55.286  -11.648 0.0000000000
22257  47.985  -56.861  -14.125 0.0000000000
22252  52.249  -57.080  -14.637 0.0000000000
22233  51.612  -56.519  -14.258 0.0000000000
22253  51.909  -56.794  -15.038 0.0000000000
21285  50.596  -57.161  -17.172 0.0000000000
21268  50.823  -56.952  -16.259 0.0000000000
21286  49.954  -57.005  -16.628 0.0000000000
21270  48.665  -56.968  -15.654 0.0000000000
127478  48.621  -57.005  -17.165 0.0000000000
126257  47.655  -56.932  -17.033 0.0000000000
21300  49.207  -57.129  -18.018 0.0000000000
21321  49.218  -57.754  -19.337 0.0000000000
20351  48.569  -58.399  -19.931 0.0000000000
20352  47.509  -58.280  -19.989 0.0000000000
136677  46.835  -62.937  -16.902 0.0000000000
16600  48.378  -61.993  -19.291 0.0000000000
16586  48.658  -61.722  -18.392 0.0000000000
16599  49.105  -61.595  -18.982 0.0000000000
130325  49.803  -60.933  -19.425 0.0000000000
18434  50.141  -60.481  -19.276 0.0000000000
18435  49.616  -61.037  -19.860 0.0000000000
18443  48.942  -60.959  -20.980 0.0000000000
19408  48.242  -60.533  -21.560 0.0000000000
19399  47.614  -59.585  -21.176 0.0000000000
27066  43.605  -51.839  -9.958 0.0000000000
26136  44.460  -51.975  -9.927 0.0000000000
25178  44.548  -52.944  -10.313 0.0000000000
126625  45.274  -52.099  -10.023 0.0000000000
26120  49.234  -51.635  -9.194 0.0000000000
131509  48.439  -51.391  -9.377 0.0000000000
26132  48.781  -52.087  -9.788 0.0000000000
26133  47.749  -52.071  -9.952 0.0000000000
24207  48.340  -53.893  -10.729 0.0000000000
25174  49.039  -52.984  -10.238 0.0000000000
25171  51.775  -53.408  -9.848 0.0000000000
25172  50.889  -53.194  -10.020 0.0000000000
124184  52.272  -54.040  -10.412 0.0000000000
24219  51.754  -54.618  -11.157 0.0000000000
24203  53.005  -54.375  -10.237 0.0000000000
21189  53.192  -57.901  -9.272 0.0000000000
21194  53.597  -57.277  -9.874 0.0000000000
23211  53.612  -55.621  -10.568 0.0000000000
128642  43.977  -56.152  -16.899 0.0000000000
22301  43.573  -56.374  -16.355 0.0000000000
22317  42.460  -55.896  -16.808 0.0000000000
23308  41.287  -55.727  -16.452 0.0000000000
21315  45.764  -56.872  -18.573 0.0000000000
23228  50.031  -55.274  -11.999 0.0000000000
128418  49.931  -55.810  -12.660 0.0000000000
22235  49.621  -56.451  -13.767 0.0000000000
21267  52.228  -57.537  -15.931 0.0000000000
22296  51.984  -57.321  -16.190 0.0000000000
20335  51.851  -57.631  -16.643 0.0000000000
21298  51.081  -57.491  -17.597 0.0000000000
125106  50.220  -57.250  -17.977 0.0000000000
21310  50.619  -57.632  -18.465 0.0000000000
20344  50.189  -57.921  -19.193 0.0000000000
20349  50.428  -58.775  -19.430 0.0000000000
17535  48.990  -61.602  -20.371 0.0000000000
16619  48.485  -62.186  -20.601 0.0000000000
17536  48.612  -62.028  -21.044 0.0000000000
26119  50.038  -52.112  -9.083 0.0000000000
26130  50.483  -52.613  -9.475 0.0000000000
26118  50.752  -52.605  -9.137 0.0000000000
25164  51.936  -53.264  -9.281 0.0000000000
25154  52.521  -53.690  -9.179 0.0000000000
21247  43.933  -56.843  -14.474 0.0000000000
22282  43.517  -56.730  -15.104 0.0000000000
23333  42.561  -55.091  -18.003 0.0000000000
23320  42.513  -55.561  -17.364 0.0000000000
24300  41.166  -54.569  -17.852 0.0000000000
24313  40.429  -53.834  -17.849 0.0000000000
22211  52.794  -56.368  -12.451 0.0000000000
22212  52.316  -56.353  -12.947 0.0000000000
134765  52.382  -56.832  -13.357 0.0000000000
21222  52.403  -57.232  -14.020 0.0000000000
124144  52.413  -57.637  -15.335 0.0000000000
20297  52.420  -58.113  -14.816 0.0000000000
20311  52.343  -58.136  -15.678 0.0000000000
19368  51.999  -58.823  -16.003 0.0000000000
19369  51.748  -59.032  -16.803 0.0000000000
124800  46.167  -56.775  -16.198 0.0000000000
21273  45.634  -56.881  -15.552 0.0000000000
21289  45.360  -56.663  -16.249 0.0000000000
139572  45.188  -56.516  -16.895 0.0000000000
22315  43.920  -55.890  -17.536 0.0000000000
22327  44.982  -56.387  -18.225 0.0000000000
124112  44.422  -56.014  -18.013 0.0000000000
23319  43.239  -55.534  -17.801 0.0000000000
24311  42.482  -54.564  -18.592 0.0000000000
24320  42.275  -53.914  -19.047 0.0000000000
20368  46.511  -58.526  -21.471 0.0000000000
24224  46.756  -54.892  -11.181 0.0000000000
24225  45.788  -54.683  -11.090 0.0000000000
21245  46.732  -57.000  -14.595 0.0000000000
21272  46.879  -56.959  -15.202 0.0000000000
22255  49.989  -56.759  -14.518 0.0000000000
122953  51.343  -56.805  -15.542 0.0000000000
22280  50.364  -56.865  -15.335 0.0000000000
21242  49.286  -56.926  -15.071 0.0000000000
21243  48.320  -56.955  -14.868 0.0000000000
21271  47.731  -56.967  -15.456 0.0000000000
130710  47.082  -56.871  -16.083 0.0000000000
21302  47.244  -56.953  -17.823 0.0000000000
21312  48.733  -57.302  -18.688 0.0000000000
21313  47.723  -57.237  -18.609 0.0000000000
21323  47.158  -57.586  -19.302 0.0000000000
20361  47.081  -58.816  -20.694 0.0000000000
142217  50.997  -60.336  -16.997 0.0000000000
121200  47.192  -62.442  -17.262 0.0000000000
17515  50.180  -60.763  -18.051 0.0000000000
18423  50.484  -60.327  -18.469 0.0000000000
19387  50.731  -59.721  -18.738 0.0000000000
19391  50.406  -59.700  -19.415 0.0000000000
19392  49.874  -59.527  -19.977 0.0000000000
18442  49.300  -61.156  -20.448 0.0000000000
19397  49.347  -60.258  -20.487 0.0000000000
20359  48.999  -59.318  -20.332 0.0000000000
19417  47.085  -59.134  -22.090 0.0000000000
26138  42.052  -52.768  -10.256 0.0000000000
26137  43.029  -52.668  -10.253 0.0000000000
25179  43.559  -53.351  -10.448 0.0000000000
24210  45.155  -53.583  -10.582 0.0000000000
26121  47.878  -50.867  -9.152 0.0000000000
26123  46.055  -51.185  -9.663 0.0000000000
26135  46.100  -52.221  -10.090 0.0000000000
25177  46.074  -53.208  -10.430 0.0000000000
24209  46.441  -54.000  -10.790 0.0000000000
24208  47.379  -53.985  -10.750 0.0000000000
25173  49.959  -53.084  -10.117 0.0000000000
24205  50.270  -53.863  -10.685 0.0000000000
24221  49.617  -54.568  -11.316 0.0000000000
24220  50.671  -54.576  -11.291 0.0000000000
23226  52.268  -55.320  -11.689 0.0000000000
23212  53.291  -55.114  -10.777 0.0000000000
23224  53.333  -55.830  -11.312 0.0000000000
138929  53.075  -56.021  -11.889 0.0000000000
21274  44.811  -56.746  -15.646 0.0000000000
125417  43.128  -56.552  -15.755 0.0000000000
126206  42.317  -56.413  -15.778 0.0000000000
122264  41.852  -55.639  -16.970 0.0000000000
22284  41.533  -56.175  -15.807 0.0000000000
16629  48.231  -62.323  -21.377 0.0000000000
19358  52.046  -58.775  -15.177 0.0000000000
20323  52.104  -58.155  -16.435 0.0000000000
20342  51.206  -58.461  -18.449 0.0000000000
20362  46.504  -58.583  -20.873 0.0000000000
21241  52.436  -57.446  -14.738 0.0000000000
21284  51.546  -57.516  -16.947 0.0000000000
21287  49.071  -56.984  -16.469 0.0000000000
21340  46.216  -57.815  -21.583 0.0000000000
22187  53.837  -56.348  -10.221 0.0000000000
22279  51.806  -57.078  -16.064 0.0000000000
22281  43.965  -56.647  -15.727 0.0000000000
22283  42.688  -56.657  -15.136 0.0000000000
22297  51.760  -57.374  -16.517 0.0000000000
22303  42.017  -56.049  -16.376 0.0000000000
22329  43.919  -55.666  -18.289 0.0000000000
23225  52.985  -55.512  -11.474 0.0000000000
23309  40.577  -55.223  -16.456 0.0000000000
23321  41.844  -55.161  -17.587 0.0000000000
23334  41.946  -54.738  -18.115 0.0000000000
24199  53.072  -54.236  -9.542 0.0000000000
25132  51.750  -53.400  -8.556 0.0000000000
25155  51.923  -53.220  -8.930 0.0000000000
25176  47.060  -53.155  -10.392 0.0000000000
26107  51.326  -52.867  -9.032 0.0000000000
26134  46.795  -52.448  -10.138 0.0000000000
125900  45.830  -57.646  -20.009 0.0000000000
129079  52.310  -57.351  -15.299 0.0000000000
140749  49.397  -60.806  -20.456 0.0000000000
142498  44.619  -56.953  -14.502 0.0000000000
142563  47.827  -51.373  -9.564 0.0000000000
