#!ascii label  , from subject sub-v1s0x0050642_ses-1 vox2ras=TkReg
1973
121672  42.722  -59.604  -23.259 0.2000000030
18481  42.569  -60.375  -22.802 0.2000000030
142568  43.150  -59.180  -23.538 0.2000000030
19418  41.793  -60.301  -22.391 0.2000000030
21384  42.396  -57.198  -24.426 0.1000000015
17570  43.268  -60.957  -22.738 0.3000000119
18497  43.589  -59.810  -23.670 0.2000000030
20390  42.701  -58.506  -23.484 0.1000000015
119729  41.901  -58.791  -23.275 0.2000000030
20401  43.584  -58.763  -23.773 0.1000000015
137453  43.112  -57.864  -23.666 0.1000000015
131593  43.793  -56.773  -24.222 0.1000000015
21382  44.681  -56.536  -24.381 0.1000000015
140093  43.080  -56.508  -24.711 0.1000000015
23397  47.405  -55.017  -24.581 0.1000000015
22388  44.017  -56.040  -24.701 0.1000000015
23399  45.780  -55.055  -25.005 0.1000000015
24376  47.927  -54.341  -24.746 0.2000000030
24377  47.102  -54.445  -24.872 0.1000000015
140626  46.299  -59.041  -24.930 0.1000000015
21399  47.149  -57.742  -24.977 0.1000000015
20400  44.448  -58.663  -24.184 0.2000000030
143466  45.872  -56.682  -24.452 0.1000000015
20399  45.404  -58.601  -24.540 0.1000000015
123179  44.568  -57.569  -24.182 0.1000000015
21381  46.892  -56.450  -24.640 0.1000000015
22384  48.423  -55.274  -24.689 0.1000000015
24388  51.170  -54.188  -25.379 0.2000000030
23412  50.105  -54.767  -25.112 0.2000000030
25373  51.834  -53.405  -25.606 0.1000000015
24390  49.470  -53.773  -25.248 0.2000000030
26343  52.462  -52.291  -26.062 0.2000000030
26342  52.578  -51.586  -26.579 0.1000000015
27280  52.641  -51.241  -27.077 0.1000000015
21380  47.741  -57.116  -24.940 0.1000000015
22400  48.604  -57.168  -25.272 0.1000000015
22386  46.898  -55.569  -24.584 0.1000000015
26334  52.911  -52.444  -25.352 0.2000000030
129924  53.288  -51.701  -25.132 0.2000000030
28128  53.098  -50.362  -24.914 0.2000000030
131006  53.149  -50.838  -25.627 0.2000000030
29000  52.704  -50.163  -25.662 0.1000000015
29022  52.092  -49.799  -26.764 0.2000000030
136820  48.816  -56.288  -25.034 0.1000000015
22399  49.628  -57.137  -25.500 0.1000000015
120967  49.632  -55.800  -25.137 0.1000000015
23411  50.936  -54.971  -25.212 0.2000000030
25350  52.752  -53.826  -24.118 0.2000000030
25358  52.358  -53.809  -24.941 0.3000000119
135001  52.044  -49.587  -25.141 0.3000000119
29002  51.659  -49.639  -25.862 0.2000000030
29023  51.670  -49.597  -26.790 0.2000000030
29055  51.092  -49.403  -28.236 0.2000000030
25357  52.819  -53.177  -24.766 0.3000000119
24387  51.761  -54.289  -25.098 0.2000000030
28988  52.633  -49.531  -23.982 0.3000000119
29907  51.760  -48.795  -23.889 0.3000000119
29901  50.359  -48.377  -23.703 0.3000000119
28990  51.532  -49.347  -24.850 0.3000000119
29003  50.973  -49.538  -25.835 0.2000000030
29041  51.078  -49.265  -27.594 0.2000000030
130808  50.605  -48.900  -28.179 0.2000000030
30963  51.546  -47.632  -22.722 0.4000000060
28982  52.706  -49.367  -23.202 0.3000000119
29899  51.928  -48.285  -23.152 0.3000000119
128349  53.409  -51.672  -24.294 0.2000000030
28987  53.000  -50.015  -24.294 0.2000000030
29909  49.741  -49.138  -24.813 0.3000000119
29025  50.441  -49.376  -26.666 0.2000000030
29004  50.020  -49.438  -25.913 0.2000000030
29950  50.353  -49.019  -27.618 0.2000000030
30953  51.256  -46.952  -22.303 0.3000000119
29900  51.329  -48.191  -23.415 0.3000000119
29902  49.107  -48.506  -24.073 0.2000000030
29925  48.336  -48.105  -26.344 0.2000000030
29910  48.545  -48.650  -25.253 0.2000000030
31003  48.369  -47.131  -27.348 0.1000000015
29924  49.001  -48.991  -26.133 0.2000000030
29952  48.824  -47.556  -28.021 0.2000000030
29940  48.840  -48.244  -27.177 0.2000000030
120960  49.898  -48.535  -28.458 0.2000000030
31883  50.029  -46.385  -21.878 0.3000000119
30955  49.296  -47.174  -22.568 0.3000000119
30954  50.523  -46.942  -22.443 0.3000000119
31885  47.595  -46.649  -22.267 0.2000000030
30966  48.393  -47.899  -23.492 0.3000000119
132323  47.042  -46.944  -23.162 0.2000000030
30965  49.826  -47.765  -23.141 0.3000000119
30976  48.110  -48.257  -24.582 0.1000000015
30977  47.441  -47.465  -24.694 0.1000000015
31004  47.818  -46.322  -26.953 0.1000000015
30993  47.585  -46.834  -25.922 0.1000000015
31911  47.204  -46.230  -25.348 0.1000000015
31870  49.527  -45.744  -21.374 0.3000000119
31884  48.815  -46.537  -22.050 0.2000000030
31872  47.087  -46.142  -21.730 0.2000000030
32801  46.665  -45.522  -21.235 0.2000000030
32802  45.703  -45.248  -21.693 0.1000000015
32818  46.182  -45.736  -22.248 0.1000000015
31886  46.623  -46.336  -22.714 0.1000000015
31896  46.959  -46.730  -24.236 0.1000000015
31929  47.498  -45.656  -26.414 0.1000000015
32800  47.809  -45.375  -21.041 0.2000000030
33698  45.163  -44.453  -22.210 0.1000000015
33716  45.519  -43.619  -23.327 0.1000000015
32830  46.119  -45.442  -23.370 0.1000000015
120961  46.464  -44.906  -24.426 0.1000000015
31897  46.522  -46.117  -23.785 0.1000000015
33727  46.483  -43.941  -24.998 0.1000000015
32840  46.729  -44.468  -25.399 0.1000000015
31912  46.796  -45.604  -24.843 0.1000000015
33738  46.468  -43.752  -25.680 0.1000000015
32853  46.826  -44.267  -26.237 0.1000000015
33717  45.017  -43.486  -22.564 0.1000000015
139436  46.084  -55.599  -24.646 0.1000000015
138324  46.188  -58.065  -24.721 0.1000000015
25388  51.354  -52.914  -26.352 0.1000000015
134913  47.364  -55.354  -11.507 0.5000000000
24207  48.340  -53.893  -10.729 0.5000000000
24223  47.754  -54.728  -11.120 0.5000000000
24224  46.756  -54.892  -11.181 0.5000000000
23232  45.910  -55.503  -11.505 0.5000000000
26119  50.038  -52.112  -9.083 0.2000000030
26130  50.483  -52.613  -9.475 0.2000000030
26131  49.680  -52.253  -9.596 0.3000000119
25174  49.039  -52.984  -10.238 0.3000000119
24208  47.379  -53.985  -10.750 0.5000000000
24209  46.441  -54.000  -10.790 0.5000000000
137264  45.688  -53.985  -10.778 0.5000000000
24225  45.788  -54.683  -11.090 0.5000000000
23258  46.067  -56.169  -12.043 0.5000000000
23259  45.201  -55.982  -11.989 0.5000000000
22217  46.330  -56.552  -12.703 0.5000000000
21245  46.732  -57.000  -14.595 0.5000000000
26120  49.234  -51.635  -9.194 0.3000000119
26132  48.781  -52.087  -9.788 0.3000000119
25175  48.052  -53.030  -10.326 0.5000000000
24226  44.401  -54.705  -11.073 0.5000000000
23233  44.941  -55.207  -11.390 0.5000000000
22219  44.567  -56.431  -12.588 0.5000000000
22240  44.927  -56.904  -13.273 0.5000000000
21300  49.207  -57.129  -18.018 0.4000000060
126257  47.655  -56.932  -17.033 0.5000000000
21288  48.113  -56.978  -16.289 0.5000000000
21272  46.879  -56.959  -15.202 0.5000000000
21224  46.274  -57.036  -14.081 0.5000000000
21312  48.733  -57.302  -18.688 0.4000000060
26109  49.896  -52.125  -8.638 0.3000000119
131509  48.439  -51.391  -9.377 0.4000000060
26122  47.075  -51.478  -9.730 0.4000000060
25177  46.074  -53.208  -10.430 0.5000000000
134020  45.414  -52.839  -10.294 0.5000000000
24210  45.155  -53.583  -10.582 0.5000000000
134912  45.030  -54.392  -10.911 0.5000000000
24211  44.235  -54.012  -10.710 0.5000000000
24227  43.810  -54.654  -11.028 0.5000000000
23234  44.005  -55.137  -11.462 0.5000000000
22220  43.522  -56.224  -12.550 0.5000000000
21225  45.308  -57.077  -14.133 0.6000000238
130710  47.082  -56.871  -16.083 0.5000000000
130911  46.032  -57.117  -14.873 0.5000000000
21246  45.119  -56.968  -14.955 0.5000000000
21321  49.218  -57.754  -19.337 0.4000000060
21311  49.764  -57.384  -18.699 0.4000000060
21301  48.194  -57.065  -17.919 0.5000000000
22160  47.528  -56.199  -7.577 0.1000000015
24174  47.312  -54.597  -7.334 0.1000000015
129733  45.949  -54.037  -6.977 0.1000000015
140708  47.887  -54.535  -7.403 0.1000000015
130160  46.927  -53.676  -7.048 0.1000000015
25137  46.215  -53.065  -6.772 0.1000000015
25136  47.730  -52.718  -7.048 0.1000000015
125943  47.012  -52.640  -6.845 0.1000000015
136507  46.599  -51.944  -6.700 0.1000000015
27029  49.354  -51.756  -8.311 0.2000000030
26095  49.029  -51.854  -7.760 0.1000000015
27049  48.682  -51.189  -8.833 0.3000000119
26135  46.100  -52.221  -10.090 0.5000000000
26121  47.878  -50.867  -9.152 0.4000000060
126625  45.274  -52.099  -10.023 0.4000000060
25178  44.548  -52.944  -10.313 0.5000000000
25179  43.559  -53.351  -10.448 0.5000000000
24212  43.160  -54.275  -10.770 0.5000000000
123331  44.040  -56.707  -13.246 0.5000000000
140052  46.348  -56.916  -15.551 0.5000000000
19392  49.874  -59.527  -19.977 0.5000000000
20206  44.852  -58.859  -6.735 0.1000000015
20222  46.098  -58.064  -7.323 0.1000000015
21169  46.397  -57.268  -7.562 0.1000000015
22161  46.638  -56.396  -7.587 0.1000000015
23184  46.943  -55.489  -7.478 0.1000000015
24175  46.426  -54.739  -7.272 0.1000000015
142010  45.471  -53.493  -6.789 0.1000000015
139341  45.790  -56.623  -7.615 0.1000000015
23185  45.948  -55.685  -7.496 0.1000000015
28770  44.621  -49.311  -8.202 0.2000000030
28771  43.930  -48.913  -8.309 0.2000000030
25135  48.541  -52.698  -7.312 0.1000000015
26096  48.305  -51.844  -7.369 0.1000000015
26097  47.539  -51.756  -7.045 0.1000000015
133031  46.286  -50.307  -7.402 0.1000000015
28769  45.361  -49.708  -8.248 0.2000000030
27031  48.098  -51.079  -7.694 0.2000000030
27915  46.955  -50.196  -8.060 0.1000000015
27940  46.618  -50.164  -8.706 0.2000000030
27942  44.945  -49.909  -9.065 0.2000000030
28786  44.426  -49.387  -8.690 0.2000000030
27926  47.367  -50.488  -8.619 0.2000000030
27050  46.946  -50.609  -9.224 0.2000000030
26123  46.055  -51.185  -9.663 0.3000000119
27052  44.449  -50.873  -9.645 0.3000000119
27066  43.605  -51.839  -9.958 0.4000000060
127643  43.826  -52.585  -10.151 0.5000000000
21247  43.933  -56.843  -14.474 0.5000000000
26137  43.029  -52.668  -10.253 0.4000000060
22301  43.573  -56.374  -16.355 0.5000000000
125417  43.128  -56.552  -15.755 0.5000000000
22282  43.517  -56.730  -15.104 0.5000000000
22300  44.498  -56.486  -16.425 0.5000000000
21274  44.811  -56.746  -15.646 0.5000000000
21275  44.325  -56.830  -15.067 0.5000000000
23235  42.484  -55.479  -11.488 0.5000000000
136675  42.552  -54.890  -10.953 0.5000000000
124057  46.734  -56.788  -16.966 0.5000000000
21289  45.360  -56.663  -16.249 0.5000000000
21273  45.634  -56.881  -15.552 0.5000000000
22258  43.077  -56.739  -14.403 0.5000000000
21313  47.723  -57.237  -18.609 0.5000000000
21302  47.244  -56.953  -17.823 0.5000000000
21226  44.407  -56.953  -13.902 0.6000000238
124800  46.167  -56.775  -16.198 0.5000000000
20350  49.621  -58.539  -19.796 0.4000000060
20223  45.168  -58.142  -7.211 0.1000000015
21171  44.637  -57.486  -7.461 0.1000000015
124222  44.203  -56.841  -7.627 0.1000000015
124221  42.954  -56.488  -7.532 0.1000000015
21170  45.511  -57.408  -7.527 0.1000000015
124223  44.994  -56.783  -7.624 0.1000000015
23186  45.055  -55.510  -7.468 0.1000000015
24177  44.366  -54.402  -7.117 0.1000000015
25138  44.723  -53.559  -6.815 0.1000000015
26073  45.357  -52.432  -6.580 0.1000000015
131921  44.822  -50.492  -6.599 0.1000000015
27032  46.060  -51.123  -6.724 0.1000000015
28746  44.115  -49.362  -7.050 0.2000000030
28761  44.035  -48.848  -7.752 0.2000000030
27916  45.580  -49.886  -7.584 0.1000000015
27917  44.915  -49.777  -7.059 0.2000000030
27943  44.023  -49.933  -9.326 0.3000000119
138795  42.866  -48.776  -8.837 0.2000000030
27944  43.039  -49.990  -9.586 0.2000000030
27054  42.185  -50.902  -10.027 0.3000000119
26138  42.052  -52.768  -10.256 0.4000000060
27067  42.605  -51.870  -10.098 0.4000000060
22284  41.533  -56.175  -15.807 0.5000000000
22285  41.105  -56.181  -15.126 0.5000000000
22259  42.287  -56.694  -14.554 0.5000000000
25180  42.587  -53.517  -10.455 0.5000000000
133580  40.180  -55.130  -15.732 0.5000000000
134973  39.897  -54.813  -14.871 0.5000000000
23286  40.250  -55.463  -14.273 0.5000000000
22260  41.496  -56.489  -14.285 0.5000000000
22241  42.428  -56.667  -13.774 0.6000000238
24213  42.135  -54.334  -10.640 0.5000000000
25181  41.604  -53.613  -10.409 0.5000000000
24265  39.711  -54.161  -14.287 0.5000000000
134617  40.218  -55.306  -13.582 0.5000000000
22242  40.774  -55.956  -13.647 0.6000000238
137972  43.188  -56.589  -13.347 0.5000000000
134786  42.769  -55.936  -12.139 0.5000000000
22222  41.603  -56.401  -13.268 0.5000000000
22221  42.447  -56.351  -12.785 0.5000000000
18442  49.300  -61.156  -20.448 0.4000000060
19397  49.347  -60.258  -20.487 0.4000000060
20349  50.428  -58.775  -19.430 0.4000000060
24181  40.934  -54.858  -7.248 0.1000000015
23189  42.107  -55.430  -7.373 0.1000000015
24157  41.247  -54.097  -7.109 0.1000000015
22163  44.566  -56.147  -7.606 0.1000000015
22164  43.737  -56.216  -7.601 0.1000000015
24178  43.489  -54.621  -7.217 0.1000000015
24156  42.111  -54.022  -7.148 0.1000000015
23187  44.157  -55.335  -7.409 0.1000000015
25140  42.971  -53.935  -7.067 0.1000000015
25115  42.498  -53.297  -6.943 0.1000000015
25113  44.201  -52.869  -6.694 0.1000000015
26074  43.555  -52.199  -6.565 0.1000000015
27013  43.453  -50.614  -6.333 0.1000000015
28747  43.269  -49.171  -6.788 0.2000000030
29677  43.376  -48.546  -7.450 0.2000000030
29691  42.814  -48.077  -7.681 0.2000000030
29690  43.408  -48.454  -8.006 0.2000000030
29703  43.214  -48.591  -8.390 0.2000000030
28854  43.798  -49.560  -13.586 0.2000000030
28788  42.674  -49.298  -9.337 0.2000000030
130148  43.398  -51.341  -13.505 0.2000000030
28001  42.725  -50.667  -13.509 0.2000000030
28003  41.214  -50.710  -13.410 0.2000000030
28004  40.389  -50.573  -13.182 0.2000000030
27945  42.279  -49.962  -9.790 0.2000000030
127700  43.208  -52.109  -13.599 0.2000000030
27111  42.477  -51.702  -13.517 0.2000000030
131040  40.730  -51.411  -13.289 0.2000000030
128248  40.050  -51.329  -12.978 0.2000000030
27085  39.722  -51.323  -12.478 0.3000000119
27081  39.619  -52.081  -11.408 0.4000000060
25216  41.857  -52.693  -14.005 0.2000000030
26175  40.915  -52.526  -13.765 0.3000000119
26161  40.384  -52.088  -13.302 0.3000000119
27113  39.899  -52.159  -12.873 0.4000000060
26162  39.644  -52.241  -12.280 0.3000000119
26152  39.614  -52.714  -11.756 0.4000000060
26141  39.810  -52.781  -11.120 0.5000000000
128619  40.610  -52.079  -10.346 0.4000000060
26221  39.979  -53.120  -14.906 0.5000000000
26204  39.982  -53.278  -13.934 0.4000000060
123280  39.686  -53.675  -12.987 0.4000000060
25204  39.700  -53.820  -12.295 0.5000000000
24229  39.973  -54.104  -11.579 0.5000000000
25191  39.720  -53.366  -11.645 0.5000000000
25238  39.757  -53.619  -14.575 0.5000000000
24252  39.732  -54.191  -13.503 0.5000000000
24251  40.002  -54.760  -13.095 0.5000000000
23274  41.071  -55.947  -12.766 0.5000000000
143285  41.689  -56.152  -12.570 0.5000000000
23236  41.671  -55.521  -11.562 0.5000000000
23213  41.756  -55.038  -11.020 0.5000000000
24159  39.475  -54.724  -7.036 0.1000000015
130660  39.527  -55.388  -7.227 0.1000000015
24158  40.277  -54.226  -7.001 0.1000000015
26078  39.481  -52.565  -6.379 0.1000000015
25117  40.791  -53.402  -6.827 0.1000000015
26077  40.410  -52.663  -6.526 0.1000000015
26076  41.286  -52.673  -6.642 0.1000000015
126532  40.937  -51.948  -6.384 0.1000000015
126533  41.829  -51.957  -6.413 0.1000000015
27015  41.474  -51.167  -6.242 0.1000000015
27014  42.504  -51.097  -6.279 0.1000000015
28748  42.345  -49.372  -6.319 0.2000000030
28749  41.699  -48.804  -6.334 0.2000000030
29678  42.578  -48.404  -6.890 0.2000000030
29704  42.721  -48.136  -8.171 0.2000000030
132864  42.247  -48.707  -9.216 0.2000000030
123775  43.255  -48.947  -13.621 0.1000000015
28855  42.942  -49.745  -13.586 0.2000000030
28856  41.911  -49.980  -13.550 0.2000000030
28857  40.839  -49.824  -13.422 0.2000000030
28789  41.893  -49.397  -9.737 0.2000000030
29776  43.676  -48.287  -13.526 0.1000000015
29777  42.761  -48.223  -13.639 0.1000000015
123844  42.317  -49.026  -13.670 0.1000000015
124433  41.345  -49.079  -13.601 0.1000000015
28005  39.882  -50.530  -12.763 0.1000000015
129082  39.558  -51.342  -11.770 0.2000000030
27958  41.500  -50.278  -10.051 0.2000000030
28824  39.730  -49.797  -12.540 0.1000000015
27971  39.599  -50.540  -12.131 0.1000000015
27070  39.729  -51.355  -11.006 0.3000000119
27068  41.068  -51.206  -10.194 0.2000000030
24215  40.477  -54.320  -10.969 0.5000000000
25182  40.719  -53.644  -10.529 0.5000000000
24214  41.226  -54.385  -10.663 0.5000000000
24241  40.272  -55.021  -12.452 0.5000000000
23237  41.068  -55.357  -11.620 0.5000000000
23214  40.987  -54.957  -11.102 0.5000000000
23264  40.732  -55.462  -12.235 0.5000000000
24160  38.635  -54.383  -6.711 0.1000000015
25120  38.106  -53.584  -6.345 0.1000000015
131367  38.513  -52.724  -6.262 0.1000000015
25119  39.013  -53.447  -6.532 0.1000000015
26079  38.920  -51.828  -6.153 0.1000000015
126531  40.094  -51.939  -6.306 0.1000000015
27904  40.202  -50.408  -6.149 0.1000000015
27905  39.377  -50.425  -6.097 0.1000000015
27903  41.085  -50.379  -6.134 0.1000000015
130159  40.775  -49.424  -6.176 0.2000000030
29679  41.765  -47.934  -6.836 0.2000000030
30749  41.716  -47.378  -7.442 0.2000000030
30748  42.247  -47.667  -7.893 0.2000000030
122408  41.612  -47.270  -8.135 0.2000000030
29705  42.087  -47.765  -8.433 0.2000000030
29714  42.521  -48.293  -8.627 0.2000000030
29715  41.827  -48.085  -9.027 0.2000000030
30835  43.314  -47.525  -13.500 0.1000000015
142234  41.000  -48.546  -13.579 0.1000000015
29779  40.456  -48.922  -13.385 0.1000000015
28858  40.110  -49.769  -13.093 0.1000000015
28796  41.052  -49.612  -10.094 0.1000000015
28790  41.449  -48.742  -9.654 0.2000000030
127971  39.860  -49.069  -12.902 0.1000000015
27964  39.666  -50.604  -11.326 0.1000000015
27960  39.978  -50.624  -10.744 0.2000000030
27959  40.633  -50.508  -10.351 0.2000000030
26063  36.692  -53.047  -5.516 0.1000000015
132110  37.612  -52.880  -5.994 0.1000000015
129234  36.575  -50.914  -4.890 0.1000000015
26080  37.986  -52.027  -6.005 0.1000000015
27888  37.155  -50.726  -5.288 0.1000000015
27887  37.875  -50.492  -5.687 0.1000000015
136010  39.039  -49.757  -6.091 0.1000000015
27886  38.625  -50.384  -5.968 0.1000000015
130397  39.792  -49.625  -6.157 0.1000000015
29681  39.629  -48.097  -6.538 0.1000000015
140445  40.382  -47.958  -6.605 0.1000000015
30737  40.067  -47.372  -7.059 0.1000000015
30736  41.011  -47.540  -6.936 0.1000000015
30750  40.868  -46.992  -7.632 0.2000000030
30770  41.384  -47.488  -8.791 0.2000000030
29716  40.886  -48.060  -9.549 0.2000000030
32689  43.659  -45.746  -12.926 0.1000000015
31778  42.457  -46.484  -13.495 0.1000000015
31779  41.508  -46.678  -13.589 0.1000000015
123642  40.653  -47.984  -13.515 0.1000000015
28797  40.635  -48.941  -10.174 0.2000000030
140568  40.781  -47.176  -13.540 0.1000000015
29780  39.912  -48.248  -13.119 0.1000000015
138453  39.613  -49.187  -12.274 0.1000000015
28802  39.603  -49.722  -11.629 0.1000000015
130667  40.297  -49.822  -10.532 0.2000000030
28724  36.265  -49.437  -4.320 0.1000000015
29670  36.957  -48.486  -5.327 0.1000000015
140506  37.341  -49.153  -5.570 0.1000000015
29682  38.628  -48.275  -6.400 0.1000000015
119952  39.153  -47.603  -6.827 0.1000000015
125636  39.969  -46.926  -7.652 0.1000000015
31706  39.389  -46.630  -8.675 0.1000000015
31696  40.167  -46.769  -8.147 0.1000000015
135473  40.064  -46.929  -8.841 0.2000000030
30761  40.876  -47.012  -8.463 0.2000000030
30772  39.571  -47.104  -9.755 0.1000000015
30771  40.522  -47.345  -9.183 0.2000000030
33584  41.049  -44.612  -12.871 0.1000000015
32692  40.505  -45.518  -13.135 0.1000000015
32693  39.590  -45.549  -12.553 0.1000000015
31761  39.254  -46.353  -12.195 0.1000000015
30801  39.294  -47.128  -11.692 0.1000000015
30782  39.447  -47.546  -10.807 0.1000000015
32706  42.750  -45.796  -13.285 0.1000000015
32690  42.255  -45.320  -13.221 0.1000000015
32708  41.191  -45.941  -13.485 0.1000000015
31760  39.834  -46.347  -12.941 0.1000000015
132821  39.514  -46.972  -12.567 0.1000000015
29738  39.475  -48.025  -11.685 0.1000000015
29725  39.681  -48.315  -10.844 0.1000000015
29724  40.168  -48.459  -10.217 0.1000000015
31780  40.595  -46.474  -13.411 0.1000000015
30816  40.026  -47.274  -13.193 0.1000000015
30817  39.573  -47.703  -12.526 0.1000000015
29760  39.609  -48.514  -12.433 0.1000000015
28798  39.879  -49.155  -10.777 0.1000000015
124892  36.567  -47.883  -4.738 0.1000000015
30738  37.323  -47.267  -6.505 0.1000000015
123291  38.282  -47.495  -6.794 0.1000000015
30751  39.015  -47.009  -7.377 0.1000000015
31697  39.265  -46.622  -8.023 0.1000000015
135585  40.023  -42.935  -10.728 0.1000000015
130346  39.183  -43.394  -10.528 0.1000000015
33559  38.400  -44.362  -10.315 0.1000000015
32664  38.382  -45.249  -10.338 0.1000000015
31707  38.427  -46.173  -8.721 0.1000000015
34506  40.940  -42.885  -11.158 0.1000000015
33572  39.058  -44.332  -11.516 0.1000000015
33558  38.816  -43.978  -10.869 0.1000000015
31728  38.642  -46.051  -10.437 0.1000000015
31714  38.881  -46.464  -9.613 0.1000000015
34518  41.225  -43.405  -11.836 0.1000000015
33570  40.655  -43.976  -12.270 0.1000000015
33571  39.764  -44.081  -11.964 0.1000000015
133972  38.850  -45.038  -11.529 0.1000000015
31746  38.645  -45.587  -11.064 0.1000000015
31745  38.904  -46.314  -11.310 0.1000000015
31727  39.072  -46.776  -10.648 0.1000000015
31698  37.370  -46.087  -7.555 0.1000000015
33543  37.340  -44.671  -7.960 0.1000000015
32642  37.665  -45.779  -8.234 0.1000000015
32650  37.463  -45.103  -8.345 0.1000000015
35412  40.219  -42.319  -9.826 0.1000000015
124993  38.837  -43.347  -9.968 0.1000000015
34496  38.254  -43.784  -9.637 0.1000000015
33549  37.630  -44.283  -8.711 0.1000000015
32654  38.322  -45.707  -9.604 0.1000000015
35426  40.753  -42.500  -10.500 0.1000000015
34507  38.647  -43.750  -10.290 0.1000000015
23261  43.383  -55.614  -11.799 0.5000000000
26133  47.749  -52.071  -9.952 0.4000000060
23183  47.887  -55.253  -7.496 0.1000000015
27030  48.796  -51.288  -8.249 0.2000000030
26124  45.148  -51.321  -9.758 0.4000000060
26136  44.460  -51.975  -9.927 0.4000000060
20224  44.174  -58.222  -7.050 0.1000000015
135447  45.556  -54.851  -7.266 0.1000000015
28785  45.026  -49.654  -8.609 0.3000000119
27927  46.151  -49.945  -8.194 0.2000000030
27941  45.743  -49.956  -8.807 0.2000000030
130083  46.222  -50.376  -9.165 0.2000000030
27051  45.467  -50.540  -9.362 0.3000000119
28787  43.540  -49.176  -8.884 0.2000000030
27053  43.322  -50.904  -9.816 0.3000000119
126206  42.317  -56.413  -15.778 0.5000000000
21172  43.785  -57.475  -7.416 0.1000000015
142027  43.515  -56.882  -7.566 0.1000000015
23188  43.047  -55.552  -7.469 0.1000000015
142337  44.853  -54.870  -7.264 0.1000000015
25139  43.841  -53.762  -6.967 0.1000000015
135704  44.473  -51.991  -6.521 0.1000000015
27011  45.091  -51.245  -6.535 0.1000000015
27899  45.514  -50.402  -6.891 0.1000000015
27900  43.612  -49.856  -6.529 0.1000000015
141339  43.770  -48.875  -7.265 0.2000000030
123150  41.556  -51.977  -10.188 0.4000000060
23299  40.791  -55.760  -15.817 0.5000000000
23300  40.420  -55.631  -15.078 0.5000000000
24289  40.076  -54.663  -16.289 0.5000000000
134692  39.701  -54.071  -14.991 0.5000000000
24180  41.731  -54.749  -7.266 0.1000000015
24179  42.573  -54.720  -7.265 0.1000000015
25116  41.668  -53.358  -6.924 0.1000000015
25114  43.312  -53.128  -6.859 0.1000000015
26075  42.678  -52.022  -6.510 0.1000000015
129831  42.125  -52.676  -6.686 0.1000000015
27901  42.873  -50.057  -6.288 0.1000000015
29692  42.287  -47.768  -7.358 0.2000000030
28000  43.595  -50.389  -13.539 0.2000000030
28002  41.980  -50.926  -13.494 0.2000000030
27112  41.751  -52.271  -13.665 0.2000000030
141898  41.059  -52.042  -13.473 0.2000000030
132226  39.913  -52.088  -10.736 0.4000000060
26203  40.415  -52.990  -14.096 0.5000000000
26174  42.699  -52.548  -13.841 0.2000000030
26177  39.840  -53.051  -13.067 0.4000000060
129786  39.651  -53.140  -12.360 0.5000000000
26140  40.323  -52.851  -10.606 0.5000000000
27069  40.239  -51.336  -10.534 0.3000000119
26220  40.580  -52.878  -14.899 0.5000000000
26202  41.142  -52.825  -14.297 0.5000000000
25217  39.769  -53.673  -13.742 0.5000000000
143156  39.747  -54.175  -12.854 0.5000000000
126299  39.463  -54.038  -6.763 0.1000000015
25118  39.902  -53.396  -6.661 0.1000000015
140653  39.663  -51.265  -6.164 0.1000000015
27016  40.568  -51.203  -6.207 0.1000000015
27902  41.973  -50.298  -6.159 0.1000000015
129130  41.573  -49.658  -6.152 0.2000000030
29680  40.975  -48.356  -6.460 0.2000000030
29778  41.665  -48.237  -13.660 0.1000000015
24161  37.651  -54.412  -6.382 0.1000000015
25100  37.236  -53.706  -6.019 0.1000000015
27017  38.310  -51.195  -5.949 0.1000000015
28750  40.138  -48.712  -6.305 0.2000000030
141351  43.841  -46.769  -13.203 0.1000000015
137925  43.030  -46.883  -13.469 0.1000000015
30836  42.302  -47.355  -13.607 0.1000000015
131698  39.834  -49.994  -10.942 0.1000000015
26062  37.183  -52.175  -5.627 0.1000000015
127005  36.441  -52.199  -5.153 0.1000000015
27880  36.048  -50.630  -4.320 0.1000000015
27879  36.618  -50.144  -4.832 0.1000000015
27000  36.841  -51.491  -5.250 0.1000000015
26999  37.564  -51.363  -5.638 0.1000000015
28737  36.822  -49.307  -5.030 0.1000000015
132462  37.341  -49.875  -5.399 0.1000000015
28735  38.171  -49.362  -5.990 0.1000000015
28751  39.241  -48.954  -6.242 0.1000000015
30781  39.965  -47.824  -9.991 0.2000000030
31777  43.159  -46.329  -13.311 0.1000000015
32707  41.945  -45.904  -13.452 0.1000000015
30837  41.362  -47.483  -13.629 0.1000000015
126605  39.578  -48.828  -11.612 0.1000000015
29661  36.493  -48.663  -4.574 0.1000000015
29669  37.196  -47.911  -5.897 0.1000000015
140595  38.030  -48.579  -6.202 0.1000000015
119858  37.823  -48.022  -6.299 0.1000000015
33585  40.098  -44.708  -12.578 0.1000000015
34531  41.567  -43.962  -12.423 0.1000000015
33583  42.097  -44.609  -12.908 0.1000000015
32691  41.500  -45.289  -13.250 0.1000000015
32677  38.988  -45.645  -11.833 0.1000000015
33586  39.312  -44.853  -12.079 0.1000000015
140984  36.807  -47.752  -5.388 0.1000000015
30739  36.800  -47.236  -5.819 0.1000000015
31690  36.757  -46.665  -6.215 0.1000000015
31689  36.991  -46.405  -6.868 0.1000000015
143947  37.801  -46.856  -7.256 0.1000000015
129046  38.199  -46.468  -7.898 0.1000000015
34519  39.488  -43.636  -11.243 0.1000000015
35413  39.439  -42.902  -9.938 0.1000000015
33548  38.019  -44.801  -9.629 0.1000000015
122507  40.330  -43.428  -11.577 0.1000000015
32637  36.860  -45.518  -7.036 0.1000000015
32643  37.224  -45.307  -7.749 0.1000000015
32649  37.798  -45.356  -8.925 0.1000000015
127689  37.832  -43.403  -8.139 0.1000000015
35411  41.053  -41.993  -10.076 0.1000000015
34495  38.805  -43.010  -9.403 0.1000000015
24198  53.474  -54.881  -10.040 0.1000000015
23212  53.291  -55.114  -10.777 0.1000000015
24203  53.005  -54.375  -10.237 0.1000000015
124184  52.272  -54.040  -10.412 0.1000000015
25172  50.889  -53.194  -10.020 0.1000000015
25154  52.521  -53.690  -9.179 0.1000000015
25164  51.936  -53.264  -9.281 0.1000000015
23207  53.764  -55.598  -9.703 0.2000000030
26118  50.752  -52.605  -9.137 0.1000000015
23224  53.333  -55.830  -11.312 0.2000000030
24218  52.704  -54.776  -10.971 0.1000000015
138929  53.075  -56.021  -11.889 0.2000000030
24219  51.754  -54.618  -11.157 0.1000000015
25173  49.959  -53.084  -10.117 0.1000000015
21214  53.101  -57.080  -12.299 0.2000000030
23226  52.268  -55.320  -11.689 0.2000000030
24204  51.295  -53.901  -10.579 0.2000000030
24220  50.671  -54.576  -11.291 0.2000000030
24205  50.270  -53.863  -10.685 0.3000000119
24206  49.294  -53.835  -10.747 0.3000000119
24221  49.617  -54.568  -11.316 0.3000000119
24222  48.658  -54.612  -11.221 0.3000000119
23253  51.901  -55.796  -12.463 0.2000000030
23227  51.227  -55.251  -11.855 0.2000000030
134765  52.382  -56.832  -13.357 0.2000000030
23228  50.031  -55.274  -11.999 0.2000000030
22212  52.316  -56.353  -12.947 0.2000000030
18377  51.133  -60.274  -14.715 0.1000000015
22232  52.862  -56.753  -12.601 0.2000000030
23252  52.703  -55.923  -12.182 0.2000000030
22211  52.794  -56.368  -12.451 0.2000000030
23229  48.970  -55.148  -11.871 0.3000000119
141381  52.039  -58.713  -14.577 0.1000000015
20283  52.623  -57.251  -13.126 0.1000000015
23254  50.834  -55.767  -12.587 0.2000000030
128418  49.931  -55.810  -12.660 0.2000000030
19347  51.610  -59.411  -14.378 0.1000000015
23230  48.101  -55.286  -11.648 0.4000000060
120259  52.471  -57.692  -13.994 0.2000000030
21222  52.403  -57.232  -14.020 0.2000000030
19359  51.614  -59.511  -15.381 0.1000000015
128036  51.623  -59.505  -16.141 0.2000000030
126889  52.025  -56.657  -13.973 0.2000000030
23273  51.519  -56.214  -13.390 0.2000000030
22213  50.330  -56.128  -13.243 0.2000000030
23255  49.204  -55.662  -12.468 0.4000000060
20297  52.420  -58.113  -14.816 0.1000000015
22214  49.368  -56.106  -13.068 0.4000000060
23257  47.509  -55.940  -12.045 0.4000000060
22252  52.249  -57.080  -14.637 0.3000000119
22233  51.612  -56.519  -14.258 0.3000000119
124144  52.413  -57.637  -15.335 0.2000000030
22278  52.123  -57.175  -15.596 0.4000000060
22215  48.685  -56.037  -12.813 0.4000000060
134914  46.759  -56.213  -12.197 0.4000000060
22234  50.727  -56.425  -13.998 0.3000000119
122953  51.343  -56.805  -15.542 0.4000000060
22253  51.909  -56.794  -15.038 0.3000000119
29774  45.350  -48.760  -13.209 0.1000000015
28853  44.662  -49.363  -13.511 0.1000000015
134789  47.972  -56.224  -12.787 0.4000000060
22256  48.935  -56.784  -14.290 0.4000000060
22237  47.574  -56.645  -13.432 0.5000000000
22280  50.364  -56.865  -15.335 0.4000000060
22254  51.090  -56.649  -14.790 0.3000000119
22255  49.989  -56.759  -14.518 0.4000000060
21242  49.286  -56.926  -15.071 0.4000000060
28852  45.601  -49.607  -13.376 0.1000000015
136218  44.295  -50.101  -13.560 0.1000000015
22238  46.707  -56.787  -13.394 0.4000000060
21223  47.109  -56.900  -14.061 0.5000000000
22257  47.985  -56.861  -14.125 0.5000000000
22239  45.833  -56.910  -13.351 0.5000000000
27999  45.028  -50.252  -13.535 0.1000000015
130149  44.375  -51.028  -13.521 0.1000000015
27108  45.796  -51.908  -13.534 0.1000000015
133334  45.349  -51.104  -13.519 0.1000000015
27110  43.990  -52.134  -13.533 0.1000000015
23200  53.701  -55.746  -8.879 0.1000000015
25170  52.516  -53.750  -9.695 0.1000000015
25165  51.232  -52.937  -9.393 0.1000000015
25171  51.775  -53.408  -9.848 0.1000000015
24191  53.472  -54.919  -9.267 0.1000000015
24193  52.362  -53.805  -8.743 0.1000000015
26108  50.633  -52.532  -8.881 0.1000000015
23231  46.729  -55.740  -11.688 0.4000000060
21194  53.597  -57.277  -9.874 0.1000000015
23256  48.394  -55.732  -12.262 0.4000000060
22235  49.621  -56.451  -13.767 0.3000000119
22236  48.571  -56.456  -13.473 0.4000000060
27109  44.936  -51.966  -13.492 0.1000000015
24170  52.674  -54.643  -8.354 0.1000000015
13364  39.206  -66.445  -17.667 0.1000000015
12520  39.445  -67.260  -17.894 0.1000000015
12518  41.873  -67.591  -17.644 0.1000000015
12521  38.761  -66.932  -18.014 0.1000000015
13362  41.658  -66.742  -17.206 0.1000000015
12531  38.121  -67.050  -18.255 0.1000000015
11655  36.289  -67.915  -18.952 0.1000000015
11653  38.229  -68.229  -18.782 0.1000000015
127836  38.289  -75.231  -14.280 0.1000000015
9338  36.031  -71.543  -17.286 0.1000000015
124964  35.342  -70.671  -17.547 0.1000000015
13353  41.507  -65.968  -16.743 0.1000000015
132060  35.402  -69.723  -17.351 0.1000000015
13363  40.779  -66.347  -17.186 0.1000000015
12523  36.117  -67.461  -17.651 0.1000000015
133356  42.219  -66.395  -16.815 0.1000000015
12534  35.773  -67.938  -18.402 0.1000000015
13361  42.585  -67.042  -17.160 0.1000000015
6564  38.090  -74.918  -13.182 0.1000000015
127856  39.366  -76.252  -14.787 0.1000000015
5946  39.712  -76.636  -15.151 0.1000000015
5323  37.256  -77.030  -11.497 0.1000000015
6551  37.631  -75.506  -12.501 0.1000000015
7175  38.520  -75.123  -13.751 0.1000000015
6563  39.138  -75.576  -14.153 0.1000000015
5959  40.433  -76.552  -16.246 0.1000000015
7929  37.949  -73.297  -17.084 0.1000000015
8625  37.326  -71.825  -16.561 0.1000000015
141872  40.592  -65.481  -16.782 0.1000000015
14196  39.855  -65.938  -17.232 0.1000000015
130964  38.255  -66.367  -17.792 0.1000000015
14184  42.422  -65.740  -16.349 0.1000000015
12511  43.325  -66.994  -16.845 0.1000000015
12517  43.359  -67.497  -17.245 0.1000000015
5933  39.714  -76.036  -14.357 0.1000000015
5322  38.235  -76.989  -11.562 0.1000000015
5907  37.996  -76.349  -12.057 0.1000000015
6550  38.426  -75.575  -12.625 0.1000000015
5931  40.777  -76.268  -14.963 0.1000000015
139962  40.815  -76.288  -15.658 0.1000000015
7209  40.830  -75.004  -16.518 0.1000000015
124815  40.274  -74.566  -16.545 0.1000000015
7921  39.570  -74.102  -16.593 0.1000000015
8623  39.389  -73.218  -16.179 0.1000000015
7922  38.818  -73.676  -16.754 0.1000000015
9332  38.139  -71.829  -16.051 0.1000000015
9326  37.308  -70.953  -16.006 0.1000000015
10081  36.528  -70.458  -16.335 0.1000000015
13354  37.021  -66.751  -16.755 0.1000000015
14185  41.418  -65.008  -16.279 0.1000000015
14186  39.640  -65.137  -16.761 0.1000000015
14197  38.817  -65.655  -17.201 0.1000000015
14188  37.552  -66.154  -16.699 0.1000000015
13355  36.717  -66.971  -17.299 0.1000000015
128907  42.952  -66.478  -16.638 0.1000000015
128764  41.390  -75.780  -15.570 0.1000000015
5305  37.746  -77.498  -11.048 0.1000000015
5321  38.892  -76.831  -11.620 0.1000000015
5906  38.944  -76.093  -12.285 0.1000000015
5923  39.566  -75.753  -13.379 0.1000000015
5921  40.587  -76.131  -14.150 0.1000000015
6574  41.401  -75.879  -14.587 0.1000000015
133531  41.216  -75.374  -16.247 0.1000000015
7920  40.933  -74.199  -16.126 0.1000000015
143060  39.939  -73.258  -15.896 0.1000000015
9325  39.603  -71.863  -15.144 0.1000000015
5304  38.367  -77.362  -11.164 0.1000000015
5905  39.548  -76.139  -12.423 0.1000000015
5904  40.041  -76.205  -12.653 0.1000000015
122871  40.456  -76.051  -13.405 0.1000000015
8618  39.036  -72.311  -15.820 0.1000000015
129415  38.141  -70.981  -15.416 0.1000000015
10816  37.560  -69.639  -15.172 0.1000000015
133415  37.699  -68.860  -14.924 0.1000000015
10080  36.852  -69.867  -15.763 0.1000000015
12502  36.746  -67.703  -15.941 0.1000000015
129777  36.994  -68.980  -15.369 0.1000000015
14174  38.307  -65.303  -15.740 0.1000000015
12512  36.939  -67.122  -16.242 0.1000000015
10817  36.367  -68.960  -15.949 0.1000000015
14980  40.345  -64.678  -16.308 0.1000000015
14187  38.810  -65.006  -16.465 0.1000000015
134752  38.137  -65.550  -16.603 0.1000000015
14172  42.359  -64.911  -15.821 0.1000000015
14966  43.094  -64.714  -15.331 0.1000000015
13352  43.881  -66.712  -16.361 0.1000000015
14183  43.294  -66.053  -16.220 0.1000000015
14170  44.773  -65.872  -15.240 0.1000000015
13346  44.001  -65.993  -15.804 0.1000000015
6573  42.109  -75.161  -15.099 0.1000000015
6583  41.744  -74.986  -15.835 0.1000000015
139928  38.191  -77.769  -10.624 0.1000000015
5288  39.500  -77.340  -10.273 0.1000000015
5302  39.381  -77.154  -10.971 0.1000000015
127062  40.205  -76.344  -11.981 0.1000000015
5903  40.793  -75.991  -12.783 0.1000000015
6562  41.155  -75.939  -13.686 0.1000000015
7198  41.689  -74.296  -15.849 0.1000000015
7911  40.553  -73.301  -15.736 0.1000000015
9324  40.524  -71.774  -14.776 0.1000000015
5303  38.822  -77.307  -11.104 0.1000000015
5890  39.464  -76.658  -11.662 0.1000000015
9321  39.880  -71.153  -14.655 0.1000000015
10072  38.999  -70.854  -14.861 0.1000000015
10070  38.876  -69.764  -14.494 0.1000000015
10073  38.181  -70.209  -14.957 0.1000000015
10814  38.451  -68.862  -14.554 0.1000000015
139678  38.139  -69.483  -14.781 0.1000000015
13333  38.101  -66.552  -14.918 0.1000000015
12491  38.327  -67.286  -14.550 0.1000000015
14968  40.925  -64.237  -15.779 0.1000000015
15756  40.604  -63.661  -15.168 0.1000000015
14969  40.037  -64.086  -15.707 0.1000000015
14970  39.289  -64.288  -15.422 0.1000000015
14163  38.386  -65.688  -14.798 0.1000000015
13347  37.667  -66.585  -15.508 0.1000000015
15755  42.116  -63.475  -14.868 0.1000000015
14982  38.834  -64.674  -15.809 0.1000000015
14173  41.699  -64.426  -15.714 0.1000000015
14954  42.956  -63.959  -14.840 0.1000000015
123163  43.939  -65.238  -15.358 0.1000000015
14160  45.522  -65.703  -14.699 0.1000000015
5266  39.578  -77.536  -8.574 0.1000000015
5280  38.856  -77.993  -9.104 0.1000000015
5281  38.442  -78.018  -9.919 0.1000000015
5875  40.584  -76.261  -10.254 0.1000000015
5888  40.557  -76.237  -11.240 0.1000000015
7197  42.230  -74.450  -15.485 0.1000000015
5279  39.568  -77.425  -9.453 0.1000000015
5889  39.869  -76.712  -11.333 0.1000000015
6549  42.182  -75.091  -12.933 0.1000000015
133870  42.713  -74.618  -14.638 0.1000000015
7909  42.266  -73.784  -15.559 0.1000000015
8615  41.992  -73.085  -15.406 0.1000000015
126749  42.898  -73.185  -15.336 0.1000000015
9320  41.442  -71.645  -14.590 0.1000000015
10069  39.771  -70.289  -14.309 0.1000000015
135927  39.473  -69.614  -14.209 0.1000000015
10812  40.014  -69.459  -13.984 0.1000000015
10813  39.282  -68.911  -14.163 0.1000000015
11615  39.429  -67.984  -13.904 0.1000000015
12490  38.940  -67.252  -14.057 0.1000000015
138646  38.751  -65.850  -14.121 0.1000000015
13332  38.570  -66.515  -14.331 0.1000000015
15757  39.776  -63.829  -14.952 0.1000000015
14162  38.821  -65.084  -14.283 0.1000000015
130308  42.007  -62.886  -14.412 0.1000000015
15742  41.240  -63.126  -14.612 0.1000000015
15741  42.750  -63.115  -14.471 0.1000000015
15740  43.744  -63.553  -14.422 0.1000000015
133747  43.834  -64.475  -14.881 0.1000000015
14161  44.681  -65.069  -14.851 0.1000000015
7161  42.854  -74.399  -12.605 0.1000000015
7160  43.552  -73.884  -13.328 0.1000000015
138848  40.096  -77.072  -8.129 0.1000000015
5857  40.158  -76.913  -8.887 0.1000000015
6522  41.111  -75.628  -10.657 0.1000000015
135854  41.487  -75.555  -12.393 0.1000000015
7174  42.869  -74.599  -13.663 0.1000000015
7892  44.100  -73.170  -14.031 0.1000000015
8612  43.994  -72.541  -14.549 0.1000000015
5869  40.120  -76.875  -9.815 0.1000000015
127919  43.396  -72.547  -14.938 0.1000000015
9316  42.754  -71.079  -14.200 0.1000000015
10808  41.479  -69.921  -13.866 0.1000000015
120045  42.418  -72.346  -14.984 0.1000000015
129722  42.267  -71.549  -14.489 0.1000000015
10809  40.900  -69.163  -13.722 0.1000000015
11612  40.000  -67.857  -13.546 0.1000000015
12487  39.590  -67.199  -13.600 0.1000000015
13319  39.089  -66.467  -13.773 0.1000000015
14939  39.915  -64.506  -12.983 0.1000000015
14153  39.171  -65.611  -13.614 0.1000000015
16546  40.832  -62.880  -13.795 0.1000000015
15743  40.305  -63.438  -14.312 0.1000000015
15744  39.634  -63.919  -14.249 0.1000000015
16545  41.601  -62.576  -13.900 0.1000000015
16544  42.416  -62.444  -13.980 0.1000000015
7127  41.824  -74.319  -10.300 0.1000000015
6497  41.099  -75.689  -8.409 0.1000000015
142042  41.562  -74.494  -9.586 0.1000000015
7140  42.289  -74.268  -11.097 0.1000000015
134979  42.738  -74.163  -11.781 0.1000000015
128561  44.055  -73.157  -12.970 0.1000000015
5848  40.216  -76.972  -7.362 0.1000000015
5847  40.642  -76.370  -8.087 0.1000000015
6510  41.017  -75.654  -9.862 0.1000000015
7128  41.428  -75.032  -10.081 0.1000000015
6536  42.066  -74.828  -11.892 0.1000000015
7891  44.417  -72.280  -13.974 0.1000000015
9315  43.787  -71.480  -14.210 0.1000000015
120292  43.760  -72.105  -14.572 0.1000000015
130428  41.879  -69.428  -13.517 0.1000000015
11611  40.641  -68.200  -13.382 0.1000000015
12486  40.310  -67.268  -13.138 0.1000000015
143610  40.293  -66.617  -12.861 0.1000000015
13318  39.745  -66.363  -13.177 0.1000000015
14926  40.443  -64.412  -12.396 0.1000000015
16528  41.298  -62.541  -13.176 0.1000000015
134712  40.372  -63.377  -13.537 0.1000000015
16526  42.958  -61.941  -13.519 0.1000000015
16525  43.837  -62.027  -13.651 0.1000000015
126319  41.300  -75.196  -9.145 0.1000000015
7856  42.334  -73.681  -10.553 0.1000000015
123485  43.953  -72.953  -12.160 0.1000000015
121859  42.895  -73.658  -11.278 0.1000000015
9314  44.473  -71.620  -13.862 0.1000000015
10063  44.332  -70.945  -13.675 0.1000000015
10806  43.925  -70.117  -13.306 0.1000000015
11609  42.378  -68.935  -12.999 0.1000000015
11610  41.471  -68.589  -13.198 0.1000000015
12481  41.631  -67.198  -12.357 0.1000000015
12485  41.130  -67.713  -12.874 0.1000000015
14138  41.507  -65.259  -11.685 0.1000000015
12482  40.832  -66.831  -12.643 0.1000000015
14144  40.764  -65.204  -12.127 0.1000000015
16496  41.681  -62.699  -11.924 0.1000000015
15728  40.279  -63.775  -12.937 0.1000000015
17442  42.762  -61.622  -12.160 0.1000000015
16506  41.721  -62.275  -12.549 0.1000000015
16529  40.684  -63.063  -13.016 0.1000000015
17456  43.558  -61.445  -13.094 0.1000000015
138065  45.321  -61.312  -13.090 0.1000000015
16523  46.951  -62.587  -12.921 0.1000000015
8597  44.213  -72.462  -11.780 0.1000000015
8607  44.812  -71.852  -13.193 0.1000000015
143808  45.135  -71.350  -13.050 0.1000000015
7822  41.581  -74.356  -8.764 0.1000000015
8608  44.426  -72.495  -12.621 0.1000000015
11606  42.906  -68.410  -12.526 0.1000000015
11607  41.976  -68.087  -12.656 0.1000000015
13309  42.157  -66.721  -11.852 0.1000000015
16495  42.248  -62.668  -11.479 0.1000000015
14925  41.084  -64.316  -11.774 0.1000000015
15711  41.295  -63.382  -11.822 0.1000000015
17441  43.416  -61.275  -12.429 0.1000000015
17440  44.115  -60.948  -12.618 0.1000000015
18364  44.948  -60.771  -12.720 0.1000000015
126586  47.919  -61.250  -12.366 0.1000000015
18347  50.149  -61.116  -12.234 0.1000000015
124250  41.952  -72.809  -9.239 0.1000000015
7839  41.821  -73.711  -9.608 0.1000000015
8580  43.248  -72.677  -10.710 0.1000000015
131300  43.899  -72.424  -11.139 0.1000000015
9310  45.711  -70.834  -12.086 0.1000000015
133655  45.382  -70.992  -12.866 0.1000000015
8596  44.788  -71.933  -12.194 0.1000000015
10803  44.426  -69.609  -12.757 0.1000000015
11605  43.913  -68.729  -12.432 0.1000000015
14137  42.363  -65.265  -11.333 0.1000000015
127296  41.773  -64.605  -11.433 0.1000000015
19284  49.635  -58.990  -9.295 0.1000000015
119930  47.760  -59.292  -10.110 0.1000000015
19294  46.985  -59.530  -10.582 0.1000000015
17414  45.050  -60.848  -10.506 0.1000000015
17415  44.329  -61.081  -10.952 0.1000000015
15695  42.391  -63.451  -11.137 0.1000000015
14915  41.726  -63.867  -11.401 0.1000000015
126402  49.347  -58.856  -10.027 0.1000000015
141636  47.630  -59.301  -10.594 0.1000000015
19295  46.206  -59.719  -10.799 0.1000000015
16485  42.780  -62.747  -11.062 0.1000000015
20252  50.264  -58.743  -9.598 0.1000000015
19292  50.194  -58.843  -10.329 0.1000000015
19293  48.354  -59.126  -10.514 0.1000000015
131617  47.471  -59.467  -11.154 0.1000000015
18337  45.244  -60.201  -11.500 0.1000000015
17427  43.375  -61.332  -11.772 0.1000000015
20251  51.121  -58.612  -10.024 0.1000000015
127686  49.398  -59.105  -10.738 0.1000000015
18350  45.452  -60.296  -12.208 0.1000000015
19312  48.668  -59.598  -11.327 0.1000000015
136046  46.158  -60.204  -12.188 0.1000000015
19309  51.346  -59.462  -11.748 0.1000000015
136905  48.771  -60.696  -11.923 0.1000000015
18346  50.646  -60.660  -12.411 0.1000000015
130374  42.189  -72.041  -9.475 0.1000000015
8563  42.722  -72.332  -10.112 0.1000000015
118817  43.814  -71.969  -10.645 0.1000000015
8579  44.504  -71.950  -11.348 0.1000000015
9286  44.831  -71.428  -10.889 0.1000000015
10059  45.975  -70.144  -12.149 0.1000000015
10802  45.359  -69.895  -12.519 0.1000000015
11604  44.968  -69.054  -12.329 0.1000000015
12479  43.442  -67.883  -12.079 0.1000000015
12474  43.033  -67.057  -11.735 0.1000000015
14136  43.279  -65.675  -11.137 0.1000000015
15693  44.049  -63.371  -10.362 0.1000000015
14914  42.338  -64.333  -11.151 0.1000000015
19286  47.150  -59.811  -9.865 0.1000000015
18317  45.760  -60.652  -10.055 0.1000000015
128155  44.642  -61.621  -10.416 0.1000000015
16484  43.474  -62.410  -10.748 0.1000000015
18314  48.042  -59.614  -9.406 0.1000000015
20240  52.595  -58.319  -9.758 0.1000000015
20250  52.051  -58.653  -10.313 0.1000000015
9268  42.073  -71.426  -9.175 0.1000000015
9287  44.179  -71.231  -10.422 0.1000000015
9267  42.981  -71.467  -9.993 0.1000000015
10039  45.047  -70.904  -10.497 0.1000000015
10783  46.508  -70.148  -10.816 0.1000000015
9285  45.688  -70.821  -11.063 0.1000000015
10052  46.151  -70.370  -11.546 0.1000000015
11603  45.898  -69.400  -12.089 0.1000000015
11597  45.535  -68.540  -11.877 0.1000000015
12473  43.988  -67.346  -11.666 0.1000000015
14135  44.072  -66.039  -11.074 0.1000000015
13301  43.589  -66.512  -11.402 0.1000000015
14896  44.917  -63.751  -10.010 0.1000000015
14900  44.442  -64.403  -10.327 0.1000000015
14126  44.016  -65.204  -10.713 0.1000000015
18315  47.445  -60.431  -9.230 0.1000000015
17409  46.953  -61.400  -9.189 0.1000000015
15691  44.698  -62.997  -10.084 0.1000000015
14913  43.049  -64.792  -10.932 0.1000000015
19278  50.190  -59.359  -8.659 0.1000000015
18307  48.452  -60.442  -8.800 0.1000000015
16483  44.296  -62.407  -10.381 0.1000000015
20236  51.518  -58.966  -8.434 0.1000000015
20237  50.609  -58.914  -8.850 0.1000000015
10019  43.695  -70.598  -10.070 0.1000000015
143309  44.465  -70.809  -10.299 0.1000000015
10017  45.769  -70.402  -10.332 0.1000000015
10796  46.458  -69.786  -11.609 0.1000000015
11596  46.527  -68.950  -11.556 0.1000000015
12471  46.120  -68.028  -11.433 0.1000000015
13299  45.663  -67.102  -11.141 0.1000000015
13300  44.541  -66.777  -11.284 0.1000000015
128981  44.910  -65.183  -10.422 0.1000000015
15690  45.348  -63.092  -9.793 0.1000000015
16479  45.715  -62.315  -9.659 0.1000000015
19279  49.189  -59.579  -8.840 0.1000000015
20235  52.171  -58.662  -8.407 0.1000000015
21189  53.192  -57.901  -9.272 0.1000000015
10018  44.787  -70.413  -10.138 0.1000000015
10765  46.468  -69.827  -9.986 0.1000000015
11571  47.036  -69.055  -9.630 0.1000000015
10764  47.005  -69.442  -10.442 0.1000000015
12470  46.849  -68.377  -11.182 0.1000000015
11595  47.141  -68.939  -10.974 0.1000000015
13292  45.023  -66.073  -10.765 0.1000000015
14895  45.817  -63.949  -9.766 0.1000000015
16478  46.555  -62.335  -9.345 0.1000000015
15689  46.178  -63.179  -9.524 0.1000000015
21188  53.644  -57.242  -8.807 0.1000000015
22182  53.862  -56.457  -9.258 0.1000000015
11582  47.478  -68.498  -9.711 0.1000000015
11583  47.384  -68.769  -10.311 0.1000000015
12456  47.572  -67.966  -10.249 0.1000000015
13290  47.330  -67.090  -10.228 0.1000000015
12458  46.838  -67.612  -10.913 0.1000000015
13291  46.323  -66.591  -10.593 0.1000000015
14125  45.833  -65.602  -10.263 0.1000000015
14899  45.380  -64.641  -10.089 0.1000000015
129896  52.891  -58.347  -7.969 0.1000000015
19277  51.304  -59.645  -8.009 0.1000000015
17403  47.926  -61.456  -8.858 0.1000000015
21183  53.467  -57.264  -8.033 0.1000000015
12442  47.599  -67.977  -9.442 0.1000000015
13282  47.657  -66.733  -9.432 0.1000000015
14893  47.566  -64.263  -9.070 0.1000000015
128328  47.829  -65.233  -8.851 0.1000000015
14124  46.923  -66.150  -9.942 0.1000000015
15686  48.078  -63.482  -8.821 0.1000000015
14119  46.509  -64.994  -9.775 0.1000000015
14894  46.729  -64.088  -9.459 0.1000000015
19275  52.523  -58.835  -7.409 0.1000000015
19268  52.047  -60.092  -7.027 0.1000000015
18306  50.391  -60.155  -8.094 0.1000000015
16477  47.497  -62.412  -9.047 0.1000000015
22155  53.352  -56.549  -7.803 0.1000000015
124430  49.573  -60.755  -8.289 0.1000000015
131611  48.791  -63.220  -8.445 0.1000000015
135989  47.272  -64.862  -9.344 0.1000000015
14118  47.467  -65.722  -9.363 0.1000000015
16472  48.447  -62.519  -8.674 0.1000000015
17401  50.612  -61.130  -7.591 0.1000000015
15688  47.104  -63.291  -9.270 0.1000000015
17402  48.952  -61.637  -8.498 0.1000000015
8633  36.539  -72.421  -17.457 0.1000000015
125510  36.649  -71.229  -16.658 0.1000000015
129511  35.988  -69.586  -16.515 0.1000000015
10086  35.945  -70.567  -16.889 0.1000000015
11638  40.244  -67.624  -17.814 0.1000000015
125976  35.907  -68.698  -16.543 0.1000000015
13365  37.383  -66.481  -17.426 0.1000000015
11639  35.817  -68.039  -16.981 0.1000000015
12532  37.374  -67.242  -18.413 0.1000000015
11654  37.221  -67.857  -18.943 0.1000000015
12522  36.883  -66.975  -17.912 0.1000000015
7191  37.976  -74.780  -13.850 0.1000000015
141244  36.745  -71.936  -16.971 0.1000000015
11640  35.593  -68.152  -17.718 0.1000000015
5944  40.982  -75.993  -16.158 0.1000000015
8624  38.533  -72.772  -16.437 0.1000000015
126881  37.852  -72.433  -16.661 0.1000000015
14198  37.973  -65.894  -17.253 0.1000000015
5932  40.109  -76.315  -14.603 0.1000000015
5922  39.957  -76.066  -13.620 0.1000000015
6591  40.243  -75.340  -16.905 0.1000000015
7208  41.308  -74.753  -16.153 0.1000000015
137755  40.102  -73.782  -16.159 0.1000000015
125084  38.769  -71.570  -15.439 0.1000000015
10074  37.601  -70.344  -15.445 0.1000000015
13348  37.337  -66.611  -16.135 0.1000000015
11629  36.271  -68.185  -16.275 0.1000000015
14981  39.470  -64.553  -16.144 0.1000000015
7910  41.468  -73.630  -15.700 0.1000000015
8616  40.471  -72.515  -15.255 0.1000000015
11619  37.263  -68.072  -15.299 0.1000000015
11618  37.992  -68.070  -14.730 0.1000000015
12500  37.757  -67.297  -15.098 0.1000000015
14956  38.676  -64.781  -15.098 0.1000000015
6561  42.064  -75.355  -13.975 0.1000000015
133877  39.044  -77.736  -9.913 0.1000000015
141550  41.553  -75.638  -13.150 0.1000000015
8613  41.328  -72.405  -15.052 0.1000000015
10068  40.633  -70.964  -14.370 0.1000000015
11616  38.729  -68.061  -14.317 0.1000000015
14955  39.187  -64.344  -14.606 0.1000000015
6537  41.303  -75.545  -11.546 0.1000000015
7902  42.939  -73.998  -15.229 0.1000000015
7190  43.441  -73.983  -14.400 0.1000000015
7901  43.615  -73.253  -14.913 0.1000000015
10067  41.635  -70.778  -14.175 0.1000000015
10811  40.723  -70.094  -14.042 0.1000000015
11614  40.031  -68.608  -13.749 0.1000000015
14940  39.374  -64.620  -13.706 0.1000000015
16543  43.310  -62.598  -14.064 0.1000000015
15739  44.603  -63.580  -14.153 0.1000000015
14953  44.589  -64.289  -14.446 0.1000000015
7871  43.436  -73.651  -12.177 0.1000000015
5856  40.705  -76.135  -9.206 0.1000000015
7141  41.652  -74.915  -10.931 0.1000000015
9319  43.139  -71.871  -14.623 0.1000000015
10064  43.352  -70.599  -13.804 0.1000000015
10065  42.313  -70.237  -13.847 0.1000000015
14152  39.697  -65.356  -13.014 0.1000000015
16542  44.214  -62.831  -14.008 0.1000000015
7885  44.407  -72.570  -13.402 0.1000000015
10807  42.855  -69.754  -13.402 0.1000000015
14145  40.173  -65.091  -12.554 0.1000000015
13311  40.363  -65.956  -12.595 0.1000000015
17457  42.816  -61.648  -12.866 0.1000000015
17455  44.487  -61.450  -13.241 0.1000000015
118919  45.288  -62.106  -13.418 0.1000000015
7870  43.546  -73.017  -11.387 0.1000000015
139495  42.925  -73.223  -10.803 0.1000000015
10062  44.935  -70.513  -13.045 0.1000000015
10804  43.374  -69.269  -12.877 0.1000000015
13310  41.284  -66.181  -12.073 0.1000000015
13303  41.979  -65.946  -11.643 0.1000000015
16507  41.141  -62.833  -12.423 0.1000000015
16494  42.843  -61.984  -11.420 0.1000000015
17439  45.934  -60.803  -12.713 0.1000000015
17454  46.060  -61.832  -13.046 0.1000000015
16505  46.881  -61.462  -12.730 0.1000000015
8581  42.421  -73.037  -10.229 0.1000000015
9311  45.248  -71.388  -12.557 0.1000000015
12480  42.501  -67.568  -12.180 0.1000000015
13302  42.717  -66.204  -11.497 0.1000000015
18352  43.933  -60.851  -12.009 0.1000000015
18348  49.575  -61.303  -12.040 0.1000000015
18349  46.849  -60.524  -12.321 0.1000000015
18336  47.675  -60.091  -11.848 0.1000000015
9300  45.224  -71.435  -11.654 0.1000000015
11598  44.454  -68.205  -11.973 0.1000000015
18322  46.315  -59.959  -10.250 0.1000000015
18324  44.893  -60.520  -11.010 0.1000000015
17426  44.469  -60.653  -11.517 0.1000000015
17416  43.629  -61.566  -11.176 0.1000000015
139863  44.044  -61.785  -10.734 0.1000000015
15694  43.159  -63.365  -10.755 0.1000000015
19314  45.874  -59.820  -11.191 0.1000000015
20242  51.220  -58.649  -9.119 0.1000000015
19325  45.967  -59.919  -11.696 0.1000000015
19324  46.726  -59.888  -11.754 0.1000000015
20241  51.999  -58.505  -9.386 0.1000000015
130470  49.736  -59.671  -11.294 0.1000000015
18335  49.653  -60.442  -11.721 0.1000000015
18333  51.026  -60.073  -12.256 0.1000000015
18334  50.958  -60.072  -11.983 0.1000000015
14901  43.566  -64.206  -10.605 0.1000000015
18316  46.561  -60.534  -9.633 0.1000000015
17410  46.092  -61.431  -9.568 0.1000000015
17411  45.343  -61.514  -10.004 0.1000000015
20234  52.682  -58.268  -8.867 0.1000000015
12472  45.026  -67.670  -11.550 0.1000000015
21184  53.255  -57.855  -8.396 0.1000000015
22298  51.407  -57.284  -16.805 0.3000000119
21268  50.823  -56.952  -16.259 0.3000000119
21269  49.666  -56.971  -15.887 0.3000000119
21243  48.320  -56.955  -14.868 0.4000000060
21244  47.445  -56.957  -14.714 0.4000000060
21286  49.954  -57.005  -16.628 0.3000000119
21271  47.731  -56.967  -15.456 0.4000000060
17529  44.386  -62.162  -19.761 0.1000000015
17537  45.153  -62.075  -20.209 0.1000000015
16621  47.142  -62.592  -20.714 0.2000000030
17546  48.737  -61.624  -21.025 0.3000000119
22299  45.883  -56.697  -16.944 0.4000000060
22296  51.984  -57.321  -16.190 0.3000000119
20359  48.999  -59.318  -20.332 0.4000000060
20351  48.569  -58.399  -19.931 0.4000000060
16619  48.485  -62.186  -20.601 0.2000000030
18443  48.942  -60.959  -20.980 0.3000000119
21322  48.145  -57.707  -19.305 0.4000000060
21303  46.341  -56.818  -17.762 0.4000000060
16604  44.290  -62.539  -19.080 0.1000000015
130476  47.972  -62.538  -20.909 0.3000000119
20352  47.509  -58.280  -19.989 0.4000000060
21314  46.775  -57.102  -18.564 0.4000000060
139572  45.188  -56.516  -16.895 0.5000000000
16630  47.670  -62.581  -21.593 0.2000000030
17536  48.612  -62.028  -21.044 0.3000000119
19398  48.497  -60.029  -20.901 0.3000000119
21323  47.158  -57.586  -19.302 0.4000000060
128642  43.977  -56.152  -16.899 0.4000000060
22302  42.769  -56.239  -16.352 0.4000000060
20360  47.932  -59.126  -20.509 0.4000000060
21324  46.251  -57.394  -19.316 0.4000000060
21315  45.764  -56.872  -18.573 0.4000000060
22313  45.495  -56.590  -17.626 0.5000000000
17538  44.259  -61.878  -20.571 0.2000000030
16622  46.025  -62.286  -20.962 0.2000000030
19408  48.242  -60.533  -21.560 0.3000000119
19399  47.614  -59.585  -21.176 0.3000000119
143140  43.676  -61.977  -20.131 0.1000000015
20353  46.557  -58.066  -20.126 0.4000000060
22314  44.656  -56.273  -17.357 0.5000000000
22315  43.920  -55.890  -17.536 0.5000000000
22317  42.460  -55.896  -16.808 0.4000000060
20361  47.081  -58.816  -20.694 0.4000000060
21325  45.443  -57.073  -19.613 0.4000000060
22327  44.982  -56.387  -18.225 0.5000000000
124112  44.422  -56.014  -18.013 0.5000000000
22316  43.197  -55.957  -17.006 0.4000000060
17548  44.993  -61.915  -21.256 0.2000000030
16631  46.815  -62.601  -21.765 0.2000000030
133346  47.422  -62.659  -22.386 0.2000000030
17547  48.376  -62.069  -21.678 0.4000000060
121797  48.059  -62.437  -22.311 0.2000000030
18453  48.456  -61.543  -21.861 0.3000000119
124847  48.373  -62.127  -22.441 0.4000000060
22335  44.966  -56.561  -19.133 0.5000000000
23319  43.239  -55.534  -17.801 0.5000000000
23320  42.513  -55.561  -17.364 0.4000000060
122264  41.852  -55.639  -16.970 0.4000000060
18454  48.325  -60.792  -22.304 0.4000000060
19400  46.917  -59.135  -21.365 0.4000000060
22328  44.453  -56.068  -18.706 0.5000000000
16632  45.809  -62.203  -22.030 0.2000000030
17549  43.952  -61.589  -21.583 0.2000000030
16648  46.608  -62.585  -22.866 0.2000000030
23322  41.132  -55.198  -17.108 0.4000000060
16647  47.687  -62.709  -23.291 0.2000000030
21332  45.947  -57.974  -20.817 0.4000000060
126737  43.553  -61.694  -20.748 0.2000000030
16646  48.344  -62.414  -23.146 0.3000000119
17568  48.578  -61.746  -22.958 0.4000000060
23308  41.287  -55.727  -16.452 0.4000000060
19409  47.563  -59.885  -21.864 0.3000000119
23332  43.323  -55.070  -18.651 0.5000000000
25256  39.731  -53.540  -15.496 0.4000000060
17587  44.008  -61.402  -22.688 0.2000000030
16649  45.539  -62.138  -22.977 0.2000000030
20368  46.511  -58.526  -21.471 0.4000000060
21333  45.530  -57.274  -20.406 0.4000000060
24311  42.482  -54.564  -18.592 0.5000000000
24300  41.166  -54.569  -17.852 0.4000000060
25237  41.986  -52.910  -14.497 0.4000000060
132824  43.297  -61.225  -22.116 0.2000000030
16665  46.081  -62.332  -23.545 0.2000000030
16662  48.277  -62.527  -23.928 0.2000000030
19417  47.085  -59.134  -22.090 0.4000000060
22342  44.550  -55.791  -20.129 0.5000000000
23331  44.029  -55.549  -19.097 0.5000000000
17551  41.990  -61.309  -21.288 0.2000000030
19416  47.928  -60.018  -22.526 0.4000000060
22341  45.069  -56.430  -20.335 0.5000000000
22336  44.468  -56.039  -19.559 0.5000000000
23333  42.561  -55.091  -18.003 0.5000000000
17571  42.427  -60.904  -22.081 0.2000000030
26237  40.923  -52.285  -15.718 0.4000000060
26219  41.432  -52.834  -14.961 0.2000000030
24290  39.774  -53.936  -16.346 0.4000000060
24301  40.314  -54.496  -17.073 0.4000000060
17569  44.791  -61.708  -23.053 0.2000000030
142305  48.562  -62.123  -23.709 0.4000000060
24312  41.725  -54.234  -18.489 0.4000000060
24313  40.429  -53.834  -17.849 0.4000000060
17586  44.367  -61.272  -23.370 0.2000000030
16664  46.847  -62.624  -23.826 0.2000000030
137861  48.202  -62.347  -24.543 0.2000000030
17585  45.330  -61.817  -23.642 0.2000000030
25267  39.792  -53.000  -16.268 0.4000000060
25278  39.956  -52.999  -17.761 0.4000000060
21341  45.664  -57.183  -21.060 0.3000000119
23341  43.827  -54.898  -19.603 0.5000000000
24319  43.052  -54.368  -19.264 0.5000000000
138572  41.063  -53.912  -18.354 0.4000000060
137014  48.416  -60.145  -23.111 0.4000000060
20377  46.641  -58.342  -22.032 0.4000000060
132158  46.117  -57.073  -21.685 0.3000000119
142992  45.213  -55.934  -20.899 0.4000000060
19433  47.853  -59.366  -22.749 0.4000000060
23349  44.398  -55.186  -20.216 0.5000000000
17584  46.163  -62.166  -24.164 0.2000000030
27167  39.952  -52.245  -16.664 0.4000000060
24320  42.275  -53.914  -19.047 0.5000000000
22349  45.718  -56.282  -21.289 0.4000000060
23348  44.870  -55.608  -20.636 0.5000000000
24325  44.831  -54.811  -20.754 0.5000000000
23361  45.491  -55.325  -21.148 0.5000000000
21270  48.665  -56.968  -15.654 0.4000000060
143284  39.824  -52.992  -15.615 0.4000000060
24302  39.896  -53.522  -17.103 0.4000000060
24327  43.552  -54.152  -19.865 0.5000000000
20336  51.450  -58.364  -17.862 0.3000000119
21309  51.180  -57.920  -18.139 0.3000000119
125106  50.220  -57.250  -17.977 0.2000000030
21299  49.617  -57.039  -17.276 0.2000000030
18411  50.755  -60.301  -17.668 0.2000000030
19386  51.262  -59.043  -18.318 0.3000000119
19390  50.924  -58.977  -18.911 0.3000000119
20344  50.189  -57.921  -19.193 0.3000000119
17527  49.977  -60.850  -18.925 0.2000000030
18434  50.141  -60.481  -19.276 0.2000000030
19391  50.406  -59.700  -19.415 0.2000000030
16620  47.917  -62.420  -20.096 0.2000000030
17553  40.668  -61.105  -21.608 0.1000000015
18456  40.466  -60.495  -22.276 0.1000000015
20412  51.000  -58.432  -25.158 0.1000000015
19368  51.999  -58.823  -16.003 0.1000000015
20335  51.851  -57.631  -16.643 0.2000000030
21298  51.081  -57.491  -17.597 0.2000000030
19381  51.523  -59.012  -17.623 0.2000000030
21297  51.497  -57.802  -17.380 0.2000000030
18388  51.214  -60.165  -15.722 0.1000000015
142217  50.997  -60.336  -16.997 0.1000000015
18410  51.324  -59.763  -17.322 0.2000000030
18401  50.783  -60.564  -16.237 0.1000000015
17492  49.709  -61.496  -16.366 0.1000000015
17550  42.937  -61.427  -21.262 0.1000000015
18455  41.333  -60.708  -21.801 0.1000000015
18495  46.599  -60.798  -25.160 0.1000000015
18509  47.638  -60.888  -25.429 0.1000000015
18493  49.549  -60.649  -25.122 0.1000000015
19448  50.029  -60.224  -24.890 0.1000000015
19449  45.972  -59.790  -24.851 0.1000000015
19459  49.315  -60.213  -25.565 0.1000000015
19458  50.086  -59.827  -25.357 0.1000000015
20388  50.332  -58.944  -23.751 0.1000000015
20415  49.571  -59.390  -25.823 0.1000000015
21365  51.025  -57.612  -23.269 0.1000000015
22361  50.215  -56.772  -22.450 0.1000000015
22360  51.083  -56.782  -22.641 0.1000000015
24335  50.262  -54.718  -21.547 0.1000000015
19369  51.748  -59.032  -16.803 0.2000000030
18400  51.362  -59.943  -16.579 0.1000000015
19432  49.137  -60.605  -23.799 0.1000000015
21352  46.776  -57.559  -22.205 0.3000000119
17596  44.927  -61.281  -23.884 0.1000000015
17595  45.542  -61.526  -24.295 0.1000000015
17593  47.609  -62.161  -24.917 0.1000000015
18477  49.475  -60.730  -24.616 0.1000000015
20376  48.295  -58.604  -22.969 0.2000000030
21351  47.571  -57.810  -22.592 0.3000000119
23360  46.370  -55.500  -21.536 0.3000000119
24339  46.167  -54.708  -21.370 0.3000000119
19419  41.122  -59.971  -22.536 0.1000000015
18479  44.349  -60.633  -23.877 0.1000000015
130755  49.411  -59.158  -23.450 0.1000000015
21350  48.381  -57.551  -22.709 0.2000000030
23359  47.403  -55.430  -21.702 0.3000000119
19450  45.078  -59.648  -24.489 0.1000000015
21349  50.381  -57.482  -22.916 0.1000000015
142850  48.566  -55.636  -21.808 0.2000000030
24338  47.483  -54.602  -21.515 0.3000000119
23358  49.800  -55.463  -21.755 0.1000000015
24336  48.993  -54.634  -21.550 0.2000000030
26301  47.511  -52.973  -21.747 0.4000000060
23357  50.911  -55.398  -21.765 0.1000000015
25311  49.690  -53.816  -21.576 0.1000000015
128714  48.304  -52.468  -21.992 0.3000000119
124740  53.647  -56.945  -10.749 0.1000000015
20275  52.809  -57.658  -12.526 0.1000000015
25293  42.873  -53.547  -19.727 0.4000000060
24326  44.199  -54.410  -20.282 0.4000000060
24340  45.421  -54.373  -21.134 0.4000000060
25300  44.700  -53.937  -20.790 0.4000000060
25314  46.096  -53.883  -21.353 0.4000000060
26303  45.302  -52.622  -21.363 0.4000000060
25313  46.774  -53.436  -21.562 0.4000000060
26302  46.659  -52.594  -21.741 0.5000000000
119582  47.346  -51.941  -22.110 0.5000000000
25310  50.863  -54.073  -21.569 0.2000000030
24351  52.246  -54.903  -21.933 0.1000000015
24334  51.883  -54.383  -21.633 0.1000000015
26299  50.405  -53.032  -21.750 0.2000000030
26300  49.261  -52.850  -21.834 0.2000000030
23395  52.105  -55.625  -23.877 0.1000000015
23373  52.382  -55.145  -22.384 0.1000000015
26298  51.237  -52.627  -21.760 0.2000000030
133337  51.256  -55.836  -24.930 0.1000000015
23386  52.518  -55.102  -23.165 0.1000000015
25294  41.995  -53.209  -19.397 0.4000000060
24321  41.482  -53.565  -18.847 0.3000000119
26275  42.413  -52.828  -19.822 0.4000000060
26286  43.817  -52.485  -20.742 0.4000000060
25301  43.832  -53.478  -20.362 0.4000000060
26285  44.577  -53.035  -20.971 0.4000000060
132391  43.085  -51.873  -20.578 0.4000000060
140786  45.954  -52.340  -21.603 0.4000000060
27227  45.410  -51.639  -21.614 0.4000000060
27226  46.101  -50.915  -21.941 0.5000000000
124117  46.846  -51.171  -22.145 0.4000000060
27224  49.074  -51.964  -22.193 0.3000000119
137394  48.272  -51.532  -22.281 0.4000000060
27225  47.594  -50.946  -22.277 0.4000000060
26315  52.863  -51.961  -22.061 0.2000000030
26296  52.627  -52.811  -21.851 0.2000000030
27223  49.838  -51.544  -22.106 0.2000000030
24349  53.026  -53.781  -22.736 0.1000000015
25326  52.779  -53.943  -22.156 0.2000000030
24391  48.440  -53.696  -25.137 0.1000000015
26276  41.762  -52.448  -19.649 0.4000000060
25295  41.237  -52.813  -19.128 0.4000000060
27215  42.304  -51.164  -20.391 0.4000000060
27229  43.788  -50.893  -21.237 0.4000000060
27228  44.470  -51.189  -21.429 0.4000000060
28105  45.169  -50.488  -21.696 0.4000000060
28104  45.991  -50.143  -21.920 0.3000000119
28963  47.341  -49.474  -21.838 0.4000000060
135402  46.874  -50.291  -22.148 0.4000000060
28101  49.939  -50.707  -21.903 0.3000000119
28102  49.046  -50.164  -21.997 0.3000000119
143762  48.376  -50.731  -22.302 0.4000000060
27236  53.249  -51.798  -22.611 0.2000000030
27237  52.934  -51.007  -22.393 0.2000000030
132162  51.480  -51.009  -21.677 0.2000000030
130415  50.714  -51.239  -21.865 0.2000000030
25338  53.010  -53.658  -23.437 0.2000000030
24404  47.525  -53.647  -26.244 0.1000000015
25361  48.100  -53.392  -25.723 0.1000000015
25360  48.928  -53.225  -25.720 0.1000000015
26258  39.894  -52.333  -17.399 0.3000000119
27208  40.614  -51.097  -18.880 0.4000000060
141692  40.499  -51.775  -18.687 0.3000000119
27216  41.603  -50.856  -19.978 0.4000000060
28955  42.067  -49.399  -20.351 0.4000000060
28097  41.835  -50.227  -20.223 0.4000000060
28095  43.393  -50.251  -21.118 0.4000000060
28096  42.591  -50.256  -20.683 0.4000000060
28966  44.617  -49.632  -21.547 0.4000000060
28967  43.789  -49.526  -21.283 0.4000000060
29885  45.803  -48.859  -21.551 0.4000000060
28965  45.470  -49.580  -21.724 0.3000000119
28953  50.105  -48.866  -20.560 0.3000000119
29882  48.991  -48.765  -20.770 0.3000000119
29883  47.772  -48.811  -21.248 0.3000000119
29884  46.750  -48.804  -21.504 0.3000000119
28974  52.542  -49.389  -22.438 0.2000000030
28958  52.239  -49.494  -21.729 0.2000000030
28959  51.714  -49.513  -21.211 0.3000000119
28960  50.810  -49.310  -20.921 0.2000000030
28961  49.552  -49.466  -21.228 0.3000000119
28962  48.411  -49.457  -21.622 0.3000000119
28112  53.278  -50.845  -23.073 0.2000000030
128707  51.027  -50.314  -21.499 0.2000000030
27243  53.423  -51.639  -23.411 0.2000000030
27166  40.484  -51.810  -16.496 0.3000000119
28047  41.385  -50.782  -16.916 0.3000000119
27191  40.224  -51.595  -17.295 0.3000000119
28072  40.592  -50.685  -17.636 0.4000000060
26269  40.110  -52.199  -18.155 0.3000000119
28951  40.955  -49.298  -19.119 0.3000000119
28943  40.983  -49.120  -18.345 0.4000000060
136384  42.250  -48.070  -19.707 0.4000000060
138805  41.638  -48.670  -19.619 0.4000000060
28956  41.473  -49.516  -19.839 0.4000000060
29872  42.497  -48.593  -20.314 0.4000000060
28954  42.950  -49.434  -20.816 0.4000000060
30934  43.847  -47.972  -20.615 0.3000000119
29887  44.214  -49.003  -21.364 0.4000000060
29871  43.493  -48.647  -20.870 0.4000000060
131522  48.069  -47.029  -19.254 0.3000000119
30930  47.549  -47.662  -20.078 0.2000000030
30931  46.520  -47.644  -20.416 0.2000000030
30932  45.532  -47.679  -20.602 0.2000000030
29869  45.219  -48.304  -21.155 0.3000000119
29870  44.367  -48.442  -21.094 0.3000000119
30928  49.885  -47.498  -19.430 0.3000000119
29866  48.164  -48.227  -20.473 0.3000000119
29867  47.132  -48.201  -20.888 0.2000000030
29868  46.151  -48.211  -21.113 0.2000000030
123920  51.903  -48.066  -22.383 0.2000000030
29864  51.557  -47.699  -20.727 0.3000000119
129102  51.221  -47.258  -20.070 0.3000000119
28952  51.010  -48.312  -20.211 0.3000000119
121007  41.834  -52.042  -16.141 0.3000000119
30917  42.556  -47.567  -19.272 0.3000000119
31857  45.250  -46.488  -19.336 0.2000000030
31848  44.621  -45.923  -18.713 0.2000000030
30916  43.921  -47.342  -20.099 0.2000000030
124655  43.309  -47.044  -19.388 0.2000000030
31846  46.984  -45.618  -18.290 0.2000000030
30914  45.897  -47.078  -19.895 0.2000000030
30915  44.868  -47.134  -20.063 0.2000000030
23410  51.744  -55.239  -24.608 0.1000000015
24375  52.371  -54.661  -24.210 0.1000000015
30952  51.651  -47.339  -22.003 0.3000000119
28981  53.067  -50.031  -23.558 0.2000000030
127478  48.621  -57.005  -17.165 0.3000000119
21310  50.619  -57.632  -18.465 0.3000000119
18441  49.795  -60.489  -19.998 0.2000000030
22197  53.570  -56.340  -11.096 0.1000000015
21267  52.228  -57.537  -15.931 0.2000000030
21285  50.596  -57.161  -17.172 0.2000000030
17583  48.603  -62.022  -24.371 0.1000000015
121862  47.244  -58.470  -22.462 0.3000000119
18494  48.991  -61.363  -24.798 0.1000000015
25287  40.636  -53.151  -18.496 0.3000000119
20389  48.831  -59.710  -23.358 0.3000000119
22348  46.739  -56.401  -21.956 0.2000000030
141282  47.258  -61.509  -25.233 0.1000000015
18422  51.067  -59.716  -18.044 0.2000000030
20343  50.865  -58.203  -18.835 0.3000000119
18423  50.484  -60.327  -18.469 0.1000000015
19387  50.731  -59.721  -18.738 0.2000000030
20398  50.934  -58.962  -24.631 0.1000000015
20324  51.735  -58.242  -17.144 0.2000000030
18496  45.617  -60.724  -24.654 0.1000000015
19461  46.934  -59.899  -25.224 0.1000000015
17607  48.016  -61.599  -25.250 0.1000000015
19431  49.993  -59.915  -24.175 0.1000000015
19430  50.637  -59.251  -24.260 0.1000000015
21366  50.551  -58.182  -23.419 0.1000000015
23376  49.490  -56.276  -22.148 0.1000000015
119176  49.388  -57.143  -22.605 0.2000000030
22347  47.731  -56.195  -22.032 0.3000000119
131090  46.822  -54.230  -21.488 0.4000000060
25315  45.340  -53.494  -21.197 0.4000000060
22362  48.478  -56.614  -22.298 0.3000000119
141328  48.114  -54.922  -21.547 0.3000000119
24337  48.117  -54.313  -21.504 0.3000000119
25302  43.070  -52.734  -20.216 0.4000000060
26304  44.553  -52.110  -21.225 0.4000000060
24333  52.456  -54.186  -21.872 0.2000000030
26297  52.052  -52.718  -21.674 0.2000000030
26288  41.668  -51.613  -19.872 0.4000000060
143931  52.041  -51.262  -21.695 0.2000000030
27207  41.106  -50.998  -19.499 0.4000000060
28100  52.021  -50.423  -21.587 0.2000000030
28090  40.755  -50.256  -19.037 0.4000000060
28082  40.559  -50.431  -18.342 0.4000000060
28089  41.247  -50.184  -19.647 0.4000000060
123484  49.121  -48.132  -20.045 0.3000000119
29879  52.202  -48.709  -22.021 0.2000000030
132540  52.012  -48.855  -21.382 0.2000000030
28071  40.966  -50.189  -17.320 0.4000000060
137989  43.025  -47.772  -20.141 0.4000000060
30933  44.610  -47.795  -20.652 0.2000000030
31854  48.660  -46.240  -18.533 0.2000000030
31855  47.523  -46.366  -18.767 0.2000000030
31856  46.374  -46.434  -19.090 0.2000000030
28081  40.786  -49.833  -17.929 0.3000000119
131075  42.411  -49.457  -17.742 0.3000000119
27165  41.116  -51.500  -16.490 0.2000000030
135874  41.823  -51.376  -16.632 0.2000000030
130325  49.803  -60.933  -19.425 0.1000000015
16599  49.105  -61.595  -18.982 0.1000000015
17528  49.456  -61.297  -19.487 0.1000000015
20311  52.343  -58.136  -15.678 0.1000000015
18435  49.616  -61.037  -19.860 0.1000000015
16601  47.427  -62.211  -19.022 0.1000000015
17535  48.990  -61.602  -20.371 0.1000000015
143763  48.454  -62.153  -20.059 0.1000000015
25236  42.585  -52.972  -14.674 0.1000000015
25266  42.819  -53.033  -15.459 0.1000000015
25252  44.097  -53.565  -15.359 0.1000000015
25265  43.501  -53.259  -15.876 0.1000000015
26235  42.750  -52.728  -16.118 0.1000000015
26234  43.713  -52.812  -16.713 0.1000000015
27164  42.752  -51.900  -16.792 0.1000000015
26257  43.661  -52.028  -17.304 0.1000000015
27189  42.283  -50.912  -17.085 0.1000000015
28070  41.797  -50.089  -17.304 0.2000000030
27188  43.274  -51.222  -17.481 0.1000000015
28067  44.813  -50.960  -18.251 0.2000000030
28942  41.504  -48.626  -18.276 0.2000000030
28068  43.869  -50.608  -18.005 0.2000000030
28069  42.862  -50.297  -17.595 0.2000000030
28935  41.360  -49.337  -17.757 0.2000000030
133754  45.482  -50.403  -18.308 0.2000000030
130135  44.471  -49.976  -18.194 0.2000000030
28933  43.292  -48.832  -17.887 0.2000000030
141428  41.754  -48.233  -18.633 0.2000000030
136035  41.863  -48.063  -19.101 0.2000000030
30906  42.907  -47.026  -18.521 0.1000000015
142942  42.706  -48.234  -17.972 0.2000000030
29852  42.164  -48.217  -18.298 0.2000000030
30904  42.761  -47.691  -18.121 0.1000000015
30903  43.185  -47.154  -17.666 0.1000000015
25235  43.145  -53.066  -14.632 0.1000000015
25253  43.392  -53.272  -15.194 0.1000000015
25233  44.617  -53.608  -14.688 0.1000000015
25264  44.324  -53.529  -16.171 0.1000000015
26233  44.691  -53.193  -16.905 0.1000000015
141482  43.916  -49.432  -17.994 0.2000000030
30926  51.404  -46.796  -20.826 0.2000000030
30927  50.798  -46.919  -19.437 0.2000000030
31868  51.374  -46.696  -21.603 0.2000000030
32797  50.636  -45.434  -20.452 0.2000000030
30911  50.209  -46.595  -18.926 0.2000000030
32789  50.490  -45.481  -19.635 0.2000000030
30910  50.681  -46.173  -19.319 0.2000000030
128099  50.499  -45.764  -21.199 0.2000000030
30912  49.230  -46.902  -18.938 0.2000000030
32782  50.056  -44.925  -19.089 0.1000000015
32790  50.104  -44.651  -19.851 0.2000000030
31843  49.819  -45.325  -18.574 0.2000000030
31844  49.162  -45.332  -18.266 0.2000000030
33690  48.915  -43.944  -19.734 0.1000000015
33672  49.692  -44.163  -19.123 0.1000000015
32771  49.488  -44.606  -18.573 0.1000000015
32793  47.369  -44.772  -20.489 0.1000000015
128533  45.734  -51.339  -18.300 0.1000000015
31845  48.167  -45.433  -18.114 0.1000000015
34605  48.503  -43.475  -18.743 0.1000000015
32772  48.640  -44.367  -18.100 0.1000000015
33691  48.062  -43.910  -19.841 0.1000000015
33674  48.448  -43.481  -19.251 0.1000000015
33693  45.799  -44.285  -20.042 0.1000000015
33676  46.756  -43.326  -19.248 0.1000000015
33694  44.687  -44.120  -20.423 0.1000000015
28065  47.462  -51.260  -18.103 0.1000000015
28066  46.397  -50.781  -18.301 0.1000000015
31847  45.771  -45.764  -18.548 0.1000000015
122930  48.420  -43.650  -18.329 0.1000000015
33664  47.862  -43.669  -17.934 0.1000000015
33675  47.705  -43.334  -19.270 0.1000000015
33677  45.496  -43.533  -19.358 0.1000000015
136028  46.918  -50.270  -18.102 0.1000000015
28932  45.246  -49.548  -18.070 0.1000000015
33657  45.826  -43.707  -17.084 0.1000000015
33666  45.850  -44.399  -17.426 0.1000000015
33656  46.429  -42.834  -17.355 0.1000000015
33665  46.903  -43.727  -17.467 0.1000000015
32773  47.590  -44.565  -17.813 0.1000000015
32774  46.410  -44.894  -17.765 0.1000000015
35518  45.913  -42.180  -17.386 0.1000000015
33655  47.323  -43.094  -17.799 0.1000000015
35527  45.484  -41.609  -17.320 0.1000000015
34607  46.883  -42.665  -18.007 0.1000000015
34616  48.010  -43.235  -18.833 0.1000000015
34606  47.809  -43.217  -18.355 0.1000000015
36480  44.718  -40.804  -17.730 0.1000000015
34608  45.784  -42.120  -17.961 0.1000000015
127057  45.323  -42.857  -18.695 0.1000000015
133718  46.141  -49.906  -18.128 0.1000000015
32775  45.160  -45.126  -18.034 0.1000000015
36479  45.259  -40.903  -16.842 0.1000000015
124753  45.398  -41.339  -16.904 0.1000000015
36488  45.008  -41.220  -17.498 0.1000000015
32776  44.238  -45.434  -18.007 0.1000000015
32798  49.971  -45.114  -20.645 0.1000000015
32792  48.505  -44.498  -20.393 0.1000000015
34618  46.472  -42.749  -18.550 0.1000000015
34609  44.448  -42.496  -18.638 0.1000000015
124549  50.115  -51.700  -30.102 0.1000000015
27318  50.326  -50.787  -30.162 0.1000000015
26405  49.500  -52.167  -30.652 0.1000000015
25419  49.341  -53.364  -29.354 0.1000000015
23480  48.115  -55.017  -29.644 0.1000000015
22461  47.880  -56.530  -29.462 0.1000000015
132787  47.189  -57.994  -29.821 0.1000000015
138430  50.858  -51.736  -28.904 0.1000000015
27317  50.676  -50.479  -29.528 0.1000000015
25420  48.587  -53.652  -30.179 0.1000000015
24433  48.668  -54.242  -29.305 0.1000000015
29079  50.383  -49.479  -29.440 0.1000000015
127503  50.756  -49.497  -28.915 0.1000000015
28168  51.850  -50.275  -27.927 0.1000000015
27295  51.373  -51.391  -28.376 0.1000000015
25406  49.980  -52.873  -28.808 0.1000000015
27319  49.796  -51.157  -30.867 0.1000000015
28155  52.142  -49.961  -27.307 0.1000000015
27293  52.324  -50.662  -27.407 0.1000000015
28203  50.032  -49.665  -30.401 0.1000000015
29962  50.254  -48.768  -28.590 0.1000000015
29963  49.591  -48.233  -28.980 0.1000000015
29989  49.319  -48.429  -29.930 0.1000000015
29988  49.801  -48.746  -29.583 0.1000000015
31024  48.965  -47.639  -29.323 0.1000000015
27309  51.068  -50.975  -29.021 0.1000000015
20467  46.292  -58.412  -30.185 0.1000000015
5289  38.864  -77.614  -10.524 0.1000000015
5876  40.001  -76.839  -10.684 0.1000000015
5924  38.897  -75.422  -13.237 0.1000000015
5945  40.301  -76.583  -15.362 0.1000000015
8611  44.144  -72.003  -14.290 0.1000000015
8617  39.810  -72.737  -15.642 0.1000000015
10060  45.538  -70.496  -12.558 0.1000000015
10795  46.894  -69.522  -11.121 0.1000000015
10831  35.541  -68.792  -17.216 0.1000000015
11620  36.690  -68.387  -15.721 0.1000000015
12457  47.235  -68.332  -10.787 0.1000000015
12501  37.260  -67.224  -15.681 0.1000000015
12513  36.435  -67.399  -16.722 0.1000000015
12519  40.949  -67.181  -17.546 0.1000000015
12530  38.745  -67.660  -18.302 0.1000000015
12533  36.533  -67.457  -18.444 0.1000000015
13289  47.647  -67.464  -9.711 0.1000000015
13372  37.593  -66.755  -18.036 0.1000000015
14171  43.188  -65.433  -15.825 0.1000000015
14175  37.739  -65.958  -15.982 0.1000000015
14902  42.878  -64.033  -10.882 0.1000000015
14967  42.289  -64.210  -15.322 0.1000000015
15704  41.832  -63.200  -11.516 0.1000000015
15712  40.731  -63.584  -12.323 0.1000000015
15729  39.896  -63.866  -13.603 0.1000000015
16480  44.990  -62.326  -10.035 0.1000000015
16527  42.092  -62.064  -13.258 0.1000000015
16618  48.836  -61.814  -19.886 0.1000000015
16623  43.117  -62.271  -19.821 0.1000000015
16629  48.231  -62.323  -21.377 0.3000000119
16663  47.647  -62.632  -24.240 0.2000000030
16670  46.927  -62.398  -24.489 0.2000000030
17592  48.495  -61.908  -24.968 0.1000000015
17594  46.462  -61.733  -24.859 0.1000000015
18323  45.573  -60.135  -10.737 0.1000000015
18351  44.643  -60.526  -12.117 0.1000000015
18478  48.818  -61.445  -24.008 0.1000000015
18480  43.488  -60.637  -23.313 0.3000000119
18508  48.769  -61.125  -25.350 0.1000000015
19276  52.111  -59.332  -7.638 0.1000000015
19285  48.654  -59.106  -9.701 0.1000000015
19311  50.372  -59.383  -11.094 0.1000000015
19313  46.500  -59.640  -11.215 0.1000000015
19358  52.046  -58.775  -15.177 0.1000000015
19415  48.591  -60.867  -23.111 0.4000000060
19434  41.805  -59.623  -22.847 0.2000000030
19447  50.467  -59.608  -24.798 0.1000000015
19451  44.304  -59.675  -24.091 0.1000000015
19460  48.112  -59.981  -25.596 0.1000000015
20323  52.104  -58.155  -16.435 0.1000000015
20342  51.206  -58.461  -18.449 0.3000000119
20362  46.504  -58.583  -20.873 0.4000000060
20375  49.493  -58.179  -23.173 0.1000000015
20387  50.908  -58.458  -23.895 0.1000000015
20413  50.606  -59.093  -25.291 0.1000000015
20414  50.293  -58.975  -25.784 0.1000000015
20466  47.250  -58.832  -29.664 0.1000000015
21227  43.623  -56.782  -13.872 0.6000000238
21241  52.436  -57.446  -14.738 0.2000000030
21284  51.546  -57.516  -16.947 0.2000000030
21287  49.071  -56.984  -16.469 0.3000000119
21340  46.216  -57.815  -21.583 0.4000000060
21383  43.056  -57.126  -23.968 0.1000000015
22162  45.268  -56.154  -7.593 0.1000000015
22165  42.360  -56.076  -7.481 0.1000000015
22187  53.837  -56.348  -10.221 0.1000000015
22210  53.211  -56.447  -11.913 0.2000000030
22216  47.140  -56.414  -12.749 0.4000000060
22218  45.480  -56.567  -12.620 0.5000000000
22261  40.763  -56.009  -14.490 0.5000000000
22279  51.806  -57.078  -16.064 0.3000000119
22281  43.965  -56.647  -15.727 0.5000000000
22283  42.688  -56.657  -15.136 0.5000000000
22297  51.760  -57.374  -16.517 0.2000000030
22303  42.017  -56.049  -16.376 0.4000000060
22329  43.919  -55.666  -18.289 0.5000000000
22363  47.550  -56.996  -22.388 0.3000000119
22385  47.808  -56.109  -24.721 0.1000000015
22387  45.052  -55.668  -24.749 0.1000000015
23165  40.163  -55.109  -7.236 0.1000000015
23225  52.985  -55.512  -11.474 0.2000000030
23260  44.268  -55.770  -11.977 0.5000000000
23262  42.055  -55.937  -12.071 0.5000000000
23263  41.364  -55.780  -12.108 0.5000000000
23275  40.459  -55.449  -12.950 0.5000000000
23309  40.577  -55.223  -16.456 0.4000000060
23321  41.844  -55.161  -17.587 0.4000000060
23334  41.946  -54.738  -18.115 0.4000000060
23340  44.224  -55.509  -19.746 0.5000000000
23374  52.006  -55.615  -22.241 0.1000000015
23375  50.551  -56.126  -22.104 0.1000000015
23396  51.699  -56.016  -24.448 0.1000000015
23398  46.554  -54.934  -24.780 0.1000000015
23413  49.006  -54.481  -24.825 0.2000000030
23468  48.284  -55.929  -29.196 0.1000000015
24176  45.147  -54.216  -7.031 0.1000000015
24192  53.016  -54.309  -8.919 0.1000000015
24199  53.072  -54.236  -9.542 0.1000000015
24228  40.437  -54.869  -11.699 0.5000000000
24242  39.995  -54.453  -12.328 0.5000000000
24264  39.920  -54.772  -13.945 0.5000000000
24280  39.815  -54.354  -15.647 0.5000000000
24350  52.711  -54.507  -22.549 0.2000000030
24363  52.794  -54.299  -23.348 0.1000000015
24389  50.478  -54.011  -25.406 0.2000000030
24392  47.391  -53.859  -25.339 0.1000000015
24405  46.724  -54.138  -25.965 0.1000000015
24447  48.161  -54.288  -30.129 0.1000000015
25155  51.923  -53.220  -8.930 0.1000000015
25176  47.060  -53.155  -10.392 0.5000000000
25183  40.064  -53.556  -10.966 0.5000000000
25234  43.841  -53.321  -14.657 0.1000000015
25254  42.862  -53.087  -15.025 0.1000000015
25255  42.272  -52.973  -15.028 0.1000000015
25308  52.297  -53.552  -21.711 0.2000000030
25309  51.533  -53.434  -21.622 0.1000000015
25312  48.473  -53.549  -21.617 0.2000000030
25325  52.682  -53.531  -21.939 0.2000000030
25337  53.262  -53.095  -23.128 0.2000000030
25349  53.132  -53.151  -23.960 0.3000000119
25359  49.870  -53.294  -25.847 0.1000000015
25418  49.871  -52.551  -29.645 0.1000000015
25432  49.115  -52.946  -30.359 0.1000000015
26107  51.326  -52.867  -9.032 0.1000000015
26134  46.795  -52.448  -10.138 0.5000000000
26139  41.082  -52.856  -10.263 0.5000000000
26176  40.123  -52.716  -13.527 0.4000000060
26236  41.949  -52.667  -15.499 0.3000000119
26238  40.170  -52.603  -15.821 0.4000000060
26259  39.799  -52.788  -17.054 0.4000000060
26277  41.037  -51.904  -19.276 0.4000000060
26287  42.362  -52.139  -20.132 0.4000000060
26305  43.802  -51.611  -21.049 0.4000000060
26314  53.086  -52.943  -22.293 0.2000000030
26323  53.367  -52.431  -23.709 0.2000000030
26329  53.222  -52.469  -24.560 0.2000000030
26335  52.364  -53.026  -25.489 0.1000000015
26372  51.050  -52.042  -28.171 0.1000000015
26388  50.591  -51.306  -29.538 0.1000000015
26389  50.417  -51.995  -29.415 0.1000000015
27012  44.148  -51.152  -6.396 0.1000000015
27041  49.321  -51.638  -8.735 0.3000000119
27042  48.094  -50.854  -8.443 0.2000000030
27190  40.713  -51.006  -16.963 0.3000000119
27201  40.326  -51.256  -18.151 0.4000000060
27214  43.148  -51.026  -20.885 0.4000000060
27221  52.496  -51.140  -21.912 0.2000000030
27222  51.524  -51.832  -21.777 0.2000000030
27238  49.089  -51.063  -22.274 0.3000000119
27266  52.890  -50.955  -26.395 0.1000000015
27294  51.931  -51.038  -27.915 0.1000000015
27308  51.464  -50.620  -28.468 0.1000000015
27914  47.570  -50.598  -8.024 0.2000000030
28099  52.567  -50.241  -22.105 0.2000000030
28103  47.941  -50.113  -22.195 0.4000000060
28106  44.187  -50.330  -21.452 0.4000000060
28113  52.924  -50.106  -22.770 0.2000000030
28117  53.334  -50.746  -24.051 0.2000000030
28140  52.714  -50.358  -26.255 0.1000000015
28154  52.580  -50.431  -26.839 0.1000000015
28169  51.323  -49.902  -28.415 0.2000000030
28179  51.027  -50.179  -28.994 0.1000000015
28191  50.629  -49.856  -29.377 0.1000000015
28192  50.380  -49.909  -29.951 0.1000000015
28193  50.133  -50.292  -30.570 0.1000000015
28204  49.748  -50.278  -30.920 0.1000000015
28736  37.560  -48.609  -5.926 0.1000000015
28759  45.050  -49.523  -7.731 0.2000000030
28760  44.606  -49.288  -7.563 0.2000000030
28934  42.167  -48.741  -17.995 0.2000000030
28944  40.760  -49.744  -18.531 0.4000000060
28964  46.368  -49.509  -21.823 0.4000000060
28989  52.158  -49.308  -24.359 0.3000000119
28991  50.674  -49.378  -25.071 0.2000000030
29001  52.163  -49.843  -25.923 0.2000000030
29021  52.433  -50.038  -26.693 0.2000000030
29024  51.136  -49.457  -26.800 0.2000000030
29040  51.505  -49.511  -27.512 0.1000000015
29054  51.596  -49.749  -27.869 0.2000000030
29056  50.859  -49.086  -28.132 0.2000000030
29068  50.235  -49.076  -29.219 0.1000000015
29080  50.128  -49.266  -29.805 0.1000000015
29859  41.331  -48.572  -18.806 0.2000000030
29865  50.010  -48.238  -20.069 0.3000000119
29880  51.838  -48.049  -21.494 0.2000000030
29881  51.642  -48.646  -20.829 0.2000000030
29886  44.923  -48.936  -21.508 0.3000000119
29893  52.349  -48.697  -22.815 0.2000000030
29898  52.296  -48.923  -23.575 0.3000000119
29908  50.969  -48.892  -24.220 0.3000000119
29939  49.607  -49.010  -26.965 0.2000000030
29951  49.410  -48.344  -27.902 0.2000000030
29961  50.524  -49.032  -28.666 0.1000000015
29974  49.944  -48.670  -29.034 0.1000000015
29975  49.400  -48.209  -29.429 0.1000000015
30907  42.334  -47.812  -18.680 0.1000000015
30913  46.961  -47.072  -19.601 0.2000000030
30929  48.643  -47.633  -19.675 0.3000000119
30941  51.618  -47.252  -21.340 0.3000000119
30956  48.032  -47.245  -22.772 0.2000000030
30964  50.923  -47.524  -22.981 0.3000000119
30967  47.484  -47.389  -23.622 0.2000000030
30992  47.861  -47.869  -25.568 0.1000000015
31014  49.066  -47.684  -28.726 0.1000000015
31852  50.305  -45.740  -18.878 0.2000000030
31853  49.642  -46.061  -18.534 0.2000000030
31867  50.967  -46.255  -20.113 0.2000000030
31869  51.095  -46.081  -21.052 0.2000000030
31871  48.304  -45.958  -21.552 0.2000000030
31882  50.954  -46.328  -21.803 0.2000000030
32791  49.439  -44.455  -20.199 0.1000000015
32799  48.999  -45.120  -20.886 0.3000000119
32819  45.632  -44.880  -22.874 0.1000000015
32839  47.119  -45.036  -25.890 0.1000000015
33573  38.627  -44.752  -10.966 0.1000000015
33663  49.064  -43.885  -18.617 0.1000000015
33673  49.085  -43.758  -19.165 0.1000000015
33689  49.498  -44.151  -19.601 0.1000000015
33692  46.988  -44.117  -19.877 0.1000000015
34617  47.409  -42.959  -18.675 0.1000000015
35425  41.477  -42.438  -10.690 0.1000000015
35528  44.805  -41.733  -17.967 0.1000000015
119298  50.074  -50.010  -21.490 0.3000000119
119997  53.374  -52.400  -22.960 0.2000000030
120169  41.169  -72.997  -15.431 0.1000000015
120586  41.863  -56.551  -15.137 0.5000000000
120969  43.764  -57.721  -23.896 0.1000000015
122174  52.989  -51.667  -25.903 0.2000000030
123040  45.042  -60.947  -24.221 0.1000000015
123515  45.322  -57.437  -24.393 0.1000000015
123517  50.630  -58.527  -25.552 0.1000000015
123668  41.543  -51.569  -13.449 0.2000000030
124067  37.947  -67.590  -18.580 0.1000000015
124293  44.861  -60.358  -24.300 0.1000000015
124452  43.239  -55.061  -11.194 0.5000000000
125657  47.975  -47.287  -26.433 0.1000000015
125837  47.098  -50.863  -7.308 0.1000000015
125900  45.830  -57.646  -20.009 0.4000000060
126276  46.030  -53.059  -21.439 0.4000000060
126381  46.380  -51.770  -21.873 0.5000000000
127081  49.796  -52.291  -22.003 0.2000000030
127143  50.490  -60.200  -11.805 0.1000000015
127279  47.533  -53.850  -21.545 0.3000000119
127408  50.562  -52.088  -21.931 0.2000000030
127447  40.873  -75.982  -12.023 0.1000000015
127658  52.373  -49.784  -26.119 0.2000000030
128146  49.758  -49.037  -30.159 0.1000000015
128602  44.830  -61.791  -22.333 0.2000000030
128771  50.688  -47.673  -19.733 0.2000000030
129079  52.310  -57.351  -15.299 0.4000000060
129776  51.374  -54.918  -25.019 0.1000000015
130161  47.931  -53.758  -7.265 0.1000000015
130319  40.080  -66.810  -17.532 0.1000000015
130854  52.533  -49.816  -24.887 0.2000000030
130875  52.356  -51.956  -21.787 0.2000000030
132142  45.194  -44.759  -21.057 0.1000000015
132520  41.479  -63.807  -15.293 0.1000000015
133400  37.993  -65.984  -15.363 0.1000000015
133563  43.482  -49.743  -17.960 0.2000000030
133745  44.227  -50.156  -6.563 0.1000000015
133781  45.699  -43.123  -16.819 0.1000000015
133853  51.217  -54.803  -21.601 0.1000000015
134350  42.189  -62.115  -11.977 0.1000000015
135274  44.936  -71.217  -13.366 0.1000000015
136165  46.858  -54.889  -21.507 0.4000000060
136383  44.595  -62.278  -13.654 0.1000000015
136490  43.921  -61.050  -11.489 0.1000000015
136580  44.351  -49.166  -17.926 0.2000000030
137237  42.016  -58.105  -23.599 0.1000000015
137255  38.972  -51.031  -6.072 0.1000000015
137709  53.358  -51.031  -24.829 0.2000000030
138443  40.666  -52.396  -18.802 0.3000000119
139746  42.275  -61.870  -12.575 0.1000000015
140260  51.874  -52.696  -26.220 0.1000000015
140668  43.789  -61.100  -23.058 0.3000000119
140671  52.526  -54.556  -22.111 0.1000000015
140749  49.397  -60.806  -20.456 0.4000000060
140754  42.524  -74.542  -15.149 0.1000000015
141009  53.175  -57.841  -7.711 0.1000000015
141779  42.829  -52.671  -6.742 0.1000000015
142179  43.075  -56.711  -13.857 0.5000000000
142325  36.200  -50.038  -4.345 0.1000000015
142498  44.619  -56.953  -14.502 0.5000000000
142563  47.827  -51.373  -9.564 0.4000000060
142592  39.536  -51.911  -6.238 0.1000000015
142659  43.267  -51.426  -6.404 0.1000000015
142734  39.476  -46.779  -9.201 0.2000000030
143227  43.783  -62.322  -19.600 0.1000000015
143726  41.362  -55.234  -11.307 0.5000000000
143929  48.590  -51.440  -7.779 0.1000000015
