#!ascii label  , from subject sub-v1s0x0050642_ses-1 vox2ras=TkReg
318
77884  27.592  1.788  -34.883 0.0000000000
70692  24.886  -7.036  -30.361 0.0000000000
82183  26.290  5.962  -35.525 0.0000000000
128889  21.586  14.741  -38.365 0.0000000000
67906  23.057  -9.343  -30.150 0.0000000000
84021  26.544  7.854  -38.433 0.0000000000
86532  26.489  10.808  -39.028 0.0000000000
76942  24.928  0.074  -30.661 0.0000000000
74455  26.378  -2.768  -31.344 0.0000000000
76140  27.990  -1.028  -33.428 0.0000000000
77905  27.754  1.877  -39.305 0.0000000000
77004  30.458  -0.097  -36.740 0.0000000000
79669  26.902  4.108  -34.950 0.0000000000
80508  27.329  4.825  -38.441 0.0000000000
88139  23.958  13.483  -38.170 0.0000000000
88154  24.925  13.344  -40.922 0.0000000000
72556  26.270  -4.935  -30.733 0.0000000000
123418  26.211  9.595  -37.240 0.0000000000
86524  26.156  11.219  -38.091 0.0000000000
127944  26.772  0.718  -33.287 0.0000000000
76142  26.958  -1.077  -33.272 0.0000000000
76981  28.191  0.289  -34.193 0.0000000000
68818  24.045  -8.081  -30.428 0.0000000000
81329  26.598  4.937  -35.180 0.0000000000
80504  27.086  4.074  -36.914 0.0000000000
81336  26.524  5.009  -37.039 0.0000000000
84931  27.648  8.978  -39.874 0.0000000000
83100  27.776  7.297  -38.581 0.0000000000
88993  20.707  15.339  -37.103 0.0000000000
88112  23.433  13.854  -35.535 0.0000000000
88141  22.356  14.151  -37.968 0.0000000000
90746  23.634  17.079  -40.801 0.0000000000
90754  23.252  16.669  -42.917 0.0000000000
89022  23.587  14.700  -41.813 0.0000000000
89032  24.102  15.317  -43.438 0.0000000000
89025  25.687  14.700  -42.599 0.0000000000
74453  27.280  -2.491  -32.012 0.0000000000
73543  26.310  -4.140  -30.950 0.0000000000
66898  22.466  -10.433  -29.827 0.0000000000
83096  26.208  6.964  -36.755 0.0000000000
84010  26.198  7.898  -36.952 0.0000000000
125176  26.456  9.388  -38.491 0.0000000000
85763  27.613  10.441  -40.437 0.0000000000
128859  24.586  -2.393  -30.635 0.0000000000
76129  26.381  -1.308  -31.613 0.0000000000
75297  27.206  -2.111  -32.334 0.0000000000
75295  28.025  -1.823  -32.303 0.0000000000
128939  28.054  1.649  -37.060 0.0000000000
77892  29.333  1.002  -36.263 0.0000000000
77006  28.487  0.501  -38.096 0.0000000000
78764  26.567  2.483  -33.170 0.0000000000
79661  26.485  3.304  -33.472 0.0000000000
78789  27.217  2.672  -34.949 0.0000000000
136025  27.101  2.996  -36.726 0.0000000000
79683  27.221  3.493  -38.161 0.0000000000
80507  28.625  4.447  -38.623 0.0000000000
82189  26.610  6.395  -38.197 0.0000000000
82187  28.317  6.096  -38.149 0.0000000000
87277  25.331  12.917  -36.644 0.0000000000
89015  21.767  14.525  -40.014 0.0000000000
88157  22.219  13.916  -40.262 0.0000000000
88147  23.917  13.453  -39.821 0.0000000000
132738  25.499  12.570  -39.026 0.0000000000
126204  26.324  12.171  -40.244 0.0000000000
87303  27.112  12.755  -41.540 0.0000000000
71606  24.501  -5.780  -30.516 0.0000000000
73545  24.472  -3.996  -30.486 0.0000000000
76979  30.027  0.904  -34.026 0.0000000000
76951  29.679  0.190  -32.525 0.0000000000
86516  26.102  10.933  -36.267 0.0000000000
86517  25.972  11.715  -36.172 0.0000000000
77874  27.375  1.194  -34.337 0.0000000000
76982  27.457  0.167  -34.104 0.0000000000
76993  27.853  0.950  -34.683 0.0000000000
65894  22.029  -11.844  -29.212 0.0000000000
65913  22.314  -11.057  -29.566 0.0000000000
69721  24.604  -7.784  -30.292 0.0000000000
81333  26.410  5.364  -35.302 0.0000000000
81332  26.754  4.988  -35.985 0.0000000000
134113  26.515  5.472  -36.245 0.0000000000
84934  28.616  10.013  -40.277 0.0000000000
84930  28.438  9.247  -39.964 0.0000000000
89000  21.082  15.040  -37.675 0.0000000000
88992  21.230  14.871  -36.849 0.0000000000
88132  22.555  14.128  -36.978 0.0000000000
138986  22.113  14.188  -38.762 0.0000000000
90759  23.542  16.424  -43.559 0.0000000000
89885  25.667  15.897  -43.865 0.0000000000
74439  27.827  -2.712  -31.445 0.0000000000
74440  27.201  -3.256  -31.475 0.0000000000
69738  22.757  -7.959  -30.514 0.0000000000
129877  26.218  7.663  -35.938 0.0000000000
84913  26.225  8.588  -36.217 0.0000000000
131604  26.351  10.217  -38.353 0.0000000000
142034  26.290  9.705  -37.864 0.0000000000
85755  26.669  9.894  -39.205 0.0000000000
85760  27.299  9.709  -39.888 0.0000000000
85764  27.245  11.057  -40.403 0.0000000000
90732  20.433  16.114  -38.027 0.0000000000
133810  23.903  -1.199  -30.680 0.0000000000
76115  25.474  -0.920  -30.799 0.0000000000
76141  27.374  -1.223  -33.430 0.0000000000
75312  26.908  -1.658  -32.571 0.0000000000
75311  27.231  -1.688  -32.947 0.0000000000
75296  27.367  -2.064  -32.555 0.0000000000
76128  28.356  -1.167  -32.733 0.0000000000
67889  22.272  -9.863  -30.053 0.0000000000
65912  23.110  -10.650  -29.561 0.0000000000
133788  27.638  1.630  -38.147 0.0000000000
77900  28.441  1.147  -37.343 0.0000000000
136186  27.898  1.121  -38.583 0.0000000000
77857  25.855  1.752  -31.824 0.0000000000
79662  26.374  4.114  -33.855 0.0000000000
123354  26.866  3.439  -34.472 0.0000000000
78796  27.189  2.925  -35.914 0.0000000000
78797  27.081  3.506  -35.384 0.0000000000
80509  27.055  4.149  -37.829 0.0000000000
78808  27.123  3.448  -37.249 0.0000000000
79682  27.889  3.688  -38.809 0.0000000000
128660  27.668  4.242  -38.543 0.0000000000
83098  26.327  7.217  -37.796 0.0000000000
82185  26.296  6.262  -37.435 0.0000000000
82192  26.718  7.173  -38.514 0.0000000000
82190  27.969  6.671  -38.333 0.0000000000
88131  23.350  13.713  -37.494 0.0000000000
88111  24.170  13.490  -35.203 0.0000000000
88121  24.185  13.539  -36.719 0.0000000000
88110  24.957  13.344  -35.951 0.0000000000
88120  24.908  13.303  -37.006 0.0000000000
90747  22.959  16.506  -41.257 0.0000000000
90740  23.158  16.391  -40.249 0.0000000000
141281  22.126  15.497  -40.981 0.0000000000
89875  22.135  15.127  -41.196 0.0000000000
88161  24.461  13.976  -41.380 0.0000000000
88162  23.394  14.096  -41.101 0.0000000000
88155  24.109  13.665  -40.610 0.0000000000
87295  24.786  13.086  -39.252 0.0000000000
87301  24.850  13.177  -40.186 0.0000000000
87294  25.555  12.642  -39.795 0.0000000000
87300  25.753  12.820  -40.769 0.0000000000
88169  26.025  14.811  -42.572 0.0000000000
88159  26.416  13.471  -41.834 0.0000000000
87305  27.005  13.597  -41.879 0.0000000000
87302  27.640  12.974  -41.445 0.0000000000
71607  23.526  -6.019  -30.722 0.0000000000
124709  25.440  -2.570  -30.766 0.0000000000
74443  23.807  -2.718  -30.903 0.0000000000
121330  24.788  -3.225  -30.563 0.0000000000
72557  25.748  -4.879  -30.710 0.0000000000
120214  25.296  -5.496  -30.563 0.0000000000
127541  30.011  0.673  -36.446 0.0000000000
77873  29.472  1.128  -34.698 0.0000000000
77001  30.218  1.007  -35.530 0.0000000000
131464  26.210  9.463  -36.452 0.0000000000
85740  26.127  10.286  -36.731 0.0000000000
85749  26.165  10.360  -37.533 0.0000000000
136562  26.431  0.104  -32.040 0.0000000000
76953  25.972  -0.189  -31.326 0.0000000000
76966  26.698  -0.131  -32.902 0.0000000000
76155  27.256  -0.702  -33.713 0.0000000000
76154  27.721  -0.572  -33.834 0.0000000000
68819  23.609  -8.609  -30.312 0.0000000000
68799  23.823  -9.083  -30.075 0.0000000000
121892  24.371  -8.822  -29.885 0.0000000000
67886  24.803  -9.001  -29.414 0.0000000000
77904  28.627  2.199  -40.186 0.0000000000
80496  26.527  4.621  -34.639 0.0000000000
80502  26.934  4.536  -35.602 0.0000000000
79675  27.109  4.036  -35.693 0.0000000000
80505  26.908  4.550  -36.516 0.0000000000
129427  26.697  4.881  -37.918 0.0000000000
84024  27.253  8.343  -39.311 0.0000000000
84020  26.917  7.780  -38.857 0.0000000000
84023  28.098  8.495  -39.455 0.0000000000
84019  28.565  8.057  -38.648 0.0000000000
88122  23.373  13.817  -36.462 0.0000000000
88140  22.857  13.595  -38.658 0.0000000000
91550  23.573  17.253  -41.817 0.0000000000
90755  22.925  16.082  -42.288 0.0000000000
89878  22.656  15.534  -41.797 0.0000000000
128003  24.245  14.899  -42.600 0.0000000000
89026  25.066  14.557  -42.352 0.0000000000
88166  25.752  14.065  -42.106 0.0000000000
89031  24.950  15.033  -43.063 0.0000000000
89030  25.703  15.316  -43.271 0.0000000000
74454  26.967  -2.734  -31.815 0.0000000000
74442  25.916  -3.402  -30.942 0.0000000000
74441  26.671  -3.373  -31.320 0.0000000000
123425  26.852  -3.842  -31.200 0.0000000000
66899  21.878  -10.525  -29.812 0.0000000000
68820  22.935  -8.642  -30.346 0.0000000000
123566  23.507  -8.028  -30.501 0.0000000000
69737  24.137  -7.499  -30.536 0.0000000000
83092  26.150  6.497  -34.784 0.0000000000
82182  26.330  6.129  -36.479 0.0000000000
83091  26.212  6.744  -35.717 0.0000000000
84016  26.341  8.225  -37.765 0.0000000000
142125  26.230  8.796  -37.080 0.0000000000
84920  26.346  9.044  -37.802 0.0000000000
84926  26.509  8.610  -38.463 0.0000000000
84932  26.852  8.972  -39.262 0.0000000000
84935  27.999  9.747  -40.320 0.0000000000
134355  28.256  10.564  -40.540 0.0000000000
89852  20.285  16.005  -37.420 0.0000000000
89001  20.658  15.572  -37.767 0.0000000000
89861  21.019  15.497  -38.251 0.0000000000
75285  24.836  -1.636  -30.602 0.0000000000
75284  25.969  -1.924  -31.053 0.0000000000
75298  26.765  -2.171  -31.846 0.0000000000
74452  27.612  -2.328  -32.112 0.0000000000
119779  28.126  -2.147  -31.662 0.0000000000
77894  28.022  1.871  -36.182 0.0000000000
77882  28.737  1.351  -35.402 0.0000000000
77893  28.680  1.367  -36.248 0.0000000000
140206  29.123  0.666  -37.023 0.0000000000
77005  29.501  0.182  -37.331 0.0000000000
124149  28.386  1.205  -39.400 0.0000000000
77008  29.069  0.026  -38.406 0.0000000000
76169  30.044  -0.548  -37.608 0.0000000000
77846  26.421  0.821  -32.372 0.0000000000
134287  26.507  1.653  -32.799 0.0000000000
77875  26.899  1.626  -33.785 0.0000000000
78781  26.911  2.620  -34.070 0.0000000000
77885  27.258  1.993  -34.421 0.0000000000
77895  27.615  2.259  -35.582 0.0000000000
77902  27.358  2.478  -36.557 0.0000000000
77906  27.200  2.161  -38.434 0.0000000000
79674  27.115  3.601  -36.307 0.0000000000
78803  27.153  2.710  -37.580 0.0000000000
78806  27.872  2.920  -39.111 0.0000000000
79681  29.080  3.902  -38.866 0.0000000000
139709  26.361  5.621  -37.061 0.0000000000
81339  26.457  5.574  -37.806 0.0000000000
82188  27.001  5.714  -38.589 0.0000000000
82191  26.976  6.696  -38.708 0.0000000000
81338  27.888  5.386  -38.462 0.0000000000
133893  25.620  12.558  -36.006 0.0000000000
89860  21.537  15.215  -38.859 0.0000000000
89869  21.695  15.134  -39.640 0.0000000000
89008  21.796  14.641  -39.232 0.0000000000
88149  22.169  13.931  -39.461 0.0000000000
88148  22.892  13.505  -39.625 0.0000000000
137529  22.983  14.453  -41.370 0.0000000000
88156  23.061  13.686  -40.439 0.0000000000
123066  23.811  13.422  -39.010 0.0000000000
138664  24.546  13.264  -38.537 0.0000000000
87283  25.381  12.707  -37.507 0.0000000000
123709  25.715  12.225  -36.817 0.0000000000
86533  25.786  12.155  -38.386 0.0000000000
86541  25.995  12.061  -39.351 0.0000000000
86540  26.600  11.396  -39.811 0.0000000000
87304  26.351  12.936  -41.426 0.0000000000
87299  26.729  12.407  -41.025 0.0000000000
86546  27.064  11.706  -40.695 0.0000000000
86549  27.403  12.089  -41.148 0.0000000000
132091  28.132  11.853  -41.052 0.0000000000
142382  23.525  -6.671  -30.760 0.0000000000
70704  24.197  -6.670  -30.602 0.0000000000
72559  23.628  -4.357  -30.704 0.0000000000
73544  25.414  -4.101  -30.650 0.0000000000
72558  24.743  -4.863  -30.483 0.0000000000
70703  25.249  -6.197  -30.462 0.0000000000
76992  28.613  1.030  -34.699 0.0000000000
76980  29.202  0.615  -33.983 0.0000000000
76964  29.270  0.182  -33.278 0.0000000000
76990  30.820  0.535  -34.801 0.0000000000
76963  30.111  0.543  -33.223 0.0000000000
76139  28.801  -0.432  -33.005 0.0000000000
76127  29.196  -0.432  -32.117 0.0000000000
67887  24.199  -9.450  -29.661 0.0000000000
68798  24.229  -8.430  -30.202 0.0000000000
71605  25.835  -5.550  -30.637 0.0000000000
75283  28.685  -1.483  -31.325 0.0000000000
75310  27.590  -1.626  -33.039 0.0000000000
76114  28.728  -1.097  -31.901 0.0000000000
76952  26.617  -0.798  -32.359 0.0000000000
76965  28.489  -0.233  -33.681 0.0000000000
76978  30.739  0.609  -33.800 0.0000000000
76983  26.963  -0.162  -33.653 0.0000000000
76991  30.199  1.031  -34.661 0.0000000000
77881  29.526  1.258  -35.408 0.0000000000
77883  28.119  1.596  -35.218 0.0000000000
77901  27.467  2.067  -37.376 0.0000000000
78807  27.363  2.950  -38.468 0.0000000000
80497  25.980  4.719  -33.743 0.0000000000
80501  27.107  4.188  -36.221 0.0000000000
80510  26.790  4.495  -37.283 0.0000000000
83101  27.045  7.303  -38.827 0.0000000000
83102  27.534  7.828  -38.997 0.0000000000
84025  26.749  8.279  -38.930 0.0000000000
85741  25.931  11.225  -37.024 0.0000000000
85761  26.957  10.515  -39.863 0.0000000000
86525  25.848  11.961  -37.553 0.0000000000
86545  27.838  11.388  -40.868 0.0000000000
86548  27.762  12.202  -41.262 0.0000000000
87289  25.177  12.865  -38.413 0.0000000000
88129  24.786  13.264  -37.843 0.0000000000
88130  24.289  13.479  -37.447 0.0000000000
88160  25.571  13.499  -41.496 0.0000000000
88163  22.495  14.291  -41.004 0.0000000000
88165  26.334  14.224  -42.174 0.0000000000
88167  25.101  14.109  -41.856 0.0000000000
89021  24.501  14.457  -41.978 0.0000000000
89023  22.741  14.890  -41.525 0.0000000000
89028  23.095  15.303  -41.992 0.0000000000
89881  24.906  15.468  -43.856 0.0000000000
89882  24.051  15.896  -44.018 0.0000000000
89883  23.557  15.807  -43.427 0.0000000000
89886  24.952  16.232  -44.151 0.0000000000
90721  19.953  16.752  -37.809 0.0000000000
90751  23.107  16.601  -42.140 0.0000000000
124128  24.023  13.542  -35.974 0.0000000000
129396  22.874  -10.057  -29.973 0.0000000000
131991  21.828  15.224  -40.503 0.0000000000
132780  27.065  0.661  -33.928 0.0000000000
139117  28.253  4.927  -38.510 0.0000000000
140035  26.203  11.540  -38.917 0.0000000000
143673  23.047  15.747  -42.321 0.0000000000
