#!ascii label  , from subject sub-v1s0x0050642_ses-1 vox2ras=TkReg
816
61118  20.888  -16.138  -25.258 0.1428571492
61108  19.539  -16.896  -24.966 0.1428571492
62070  20.224  -15.132  -26.181 0.1428571492
61107  21.347  -16.577  -24.631 0.1428571492
62048  21.253  -15.484  -25.660 0.2857142985
61119  20.003  -16.297  -25.426 0.1428571492
123808  21.002  -13.979  -27.493 0.5714285970
62965  22.368  -14.388  -26.081 0.1428571492
63950  23.726  -13.714  -26.005 0.2857142985
63951  23.027  -13.883  -26.285 0.2857142985
63958  24.152  -13.070  -26.321 0.1428571492
66866  25.265  -10.282  -27.642 0.2857142985
65877  24.725  -10.761  -27.734 0.1428571492
65878  24.079  -11.294  -27.941 0.2857142985
124441  26.274  -8.226  -28.699 0.2857142985
67870  25.952  -8.967  -28.311 0.2857142985
69719  26.003  -7.212  -29.782 0.2857142985
69711  25.791  -7.852  -29.450 0.2857142985
71593  26.272  -5.620  -30.447 0.2857142985
74440  27.201  -3.256  -31.475 0.8571428657
72555  26.764  -4.366  -30.791 0.4285714328
71584  26.727  -5.874  -29.709 0.2857142985
75295  28.025  -1.823  -32.303 0.7142857313
119779  28.126  -2.147  -31.662 0.7142857313
74439  27.827  -2.712  -31.445 0.7142857313
123425  26.852  -3.842  -31.200 0.7142857313
76951  29.679  0.190  -32.525 0.8571428657
76127  29.196  -0.432  -32.117 0.5714285970
76128  28.356  -1.167  -32.733 0.8571428657
74452  27.612  -2.328  -32.112 0.7142857313
74453  27.280  -2.491  -32.012 0.7142857313
77000  30.716  0.240  -35.791 0.4285714328
76963  30.111  0.543  -33.223 0.7142857313
76139  28.801  -0.432  -33.005 0.8571428657
75344  30.982  -1.000  -38.344 0.2857142985
77008  29.069  0.026  -38.406 0.5714285970
77001  30.218  1.007  -35.530 0.8571428657
77004  30.458  -0.097  -36.740 0.7142857313
76979  30.027  0.904  -34.026 0.8571428657
77016  31.765  1.266  -40.267 0.1428571492
76181  32.078  -0.247  -39.408 0.1428571492
76182  30.391  0.318  -39.598 0.4285714328
77005  29.501  0.182  -37.331 0.5714285970
127541  30.011  0.673  -36.446 0.8571428657
79679  30.287  3.725  -38.663 0.1428571492
125898  31.421  2.248  -39.222 0.1428571492
78809  30.041  2.588  -39.948 0.1428571492
125834  29.296  2.102  -40.609 0.4285714328
140206  29.123  0.666  -37.023 0.8571428657
80503  30.542  4.793  -37.126 0.1428571492
79680  30.471  4.243  -37.853 0.1428571492
80506  29.767  4.711  -38.174 0.1428571492
78805  29.097  3.076  -39.606 0.1428571492
77904  28.627  2.199  -40.186 0.5714285970
136186  27.898  1.121  -38.583 0.7142857313
77893  28.680  1.367  -36.248 0.8571428657
81337  30.119  5.313  -37.587 0.1428571492
82186  29.379  6.342  -37.617 0.1428571492
79681  29.080  3.902  -38.866 0.5714285970
77905  27.754  1.877  -39.305 0.8571428657
77900  28.441  1.147  -37.343 0.8571428657
133788  27.638  1.630  -38.147 0.8571428657
83095  29.459  7.129  -37.187 0.1428571492
83097  28.855  6.858  -37.773 0.2857142985
129890  29.232  5.114  -38.164 0.1428571492
81338  27.888  5.386  -38.462 0.8571428657
78806  27.872  2.920  -39.111 0.8571428657
79683  27.221  3.493  -38.161 0.8571428657
128131  29.289  8.809  -38.328 0.1428571492
84925  29.404  9.742  -38.797 0.1428571492
82188  27.001  5.714  -38.589 0.8571428657
80509  27.055  4.149  -37.829 0.8571428657
78808  27.123  3.448  -37.249 0.8571428657
83099  28.662  7.394  -38.097 0.4285714328
80508  27.329  4.825  -38.441 0.8571428657
129427  26.697  4.881  -37.918 0.8571428657
84022  28.935  8.889  -39.339 0.1428571492
84933  29.016  10.337  -40.133 0.2857142985
84019  28.565  8.057  -38.648 0.5714285970
84023  28.098  8.495  -39.455 0.8571428657
83100  27.776  7.297  -38.581 0.8571428657
82191  26.976  6.696  -38.708 0.8571428657
82189  26.610  6.395  -38.197 0.8571428657
82192  26.718  7.173  -38.514 0.8571428657
81339  26.457  5.574  -37.806 0.8571428657
85762  28.721  10.622  -40.433 0.2857142985
84934  28.616  10.013  -40.277 0.7142857313
84930  28.438  9.247  -39.964 0.5714285970
84931  27.648  8.978  -39.874 0.8571428657
84021  26.544  7.854  -38.433 0.8571428657
84016  26.341  8.225  -37.765 0.8571428657
82185  26.296  6.262  -37.435 0.8571428657
84935  27.999  9.747  -40.320 0.8571428657
85760  27.299  9.709  -39.888 0.8571428657
84926  26.509  8.610  -38.463 0.8571428657
142034  26.290  9.705  -37.864 0.7142857313
84920  26.346  9.044  -37.802 0.7142857313
85763  27.613  10.441  -40.437 0.8571428657
85764  27.245  11.057  -40.403 0.8571428657
125176  26.456  9.388  -38.491 0.8571428657
86532  26.489  10.808  -39.028 0.8571428657
86540  26.600  11.396  -39.811 0.8571428657
131604  26.351  10.217  -38.353 0.7142857313
88159  26.416  13.471  -41.834 0.7142857313
87299  26.729  12.407  -41.025 0.8571428657
87304  26.351  12.936  -41.426 0.8571428657
87300  25.753  12.820  -40.769 0.8571428657
88161  24.461  13.976  -41.380 0.7142857313
85755  26.669  9.894  -39.205 0.8571428657
126204  26.324  12.171  -40.244 0.8571428657
91555  25.288  18.171  -43.991 0.1428571492
88166  25.752  14.065  -42.106 0.8571428657
89026  25.066  14.557  -42.352 0.7142857313
128003  24.245  14.899  -42.600 0.7142857313
88154  24.925  13.344  -40.922 0.8571428657
92292  24.419  19.362  -42.660 0.1428571492
90759  23.542  16.424  -43.559 0.5714285970
90754  23.252  16.669  -42.917 0.5714285970
90747  22.959  16.506  -41.257 0.5714285970
91553  23.574  17.447  -42.709 0.1428571492
139980  24.818  19.814  -40.246 0.1428571492
90740  23.158  16.391  -40.249 0.5714285970
92263  24.939  17.930  -37.806 0.1428571492
92262  25.453  18.667  -37.446 0.1428571492
142690  24.117  17.581  -40.438 0.1428571492
92240  25.845  17.703  -35.752 0.1428571492
90746  23.634  17.079  -40.801 0.5714285970
91523  25.185  17.702  -37.053 0.1428571492
90706  25.090  17.097  -36.256 0.1428571492
134136  26.036  17.438  -34.793 0.1428571492
90683  24.789  16.703  -34.723 0.1428571492
123598  20.421  -16.794  -24.860 0.1428571492
60060  19.973  -17.495  -24.560 0.1428571492
62966  21.488  -14.858  -26.192 0.2857142985
62047  22.029  -15.089  -25.478 0.1428571492
62964  23.210  -14.250  -25.627 0.2857142985
66858  25.445  -10.873  -27.064 0.2857142985
65869  24.695  -11.483  -27.195 0.2857142985
131388  26.226  -6.206  -30.246 0.2857142985
70691  25.758  -6.700  -30.260 0.2857142985
73542  27.261  -3.873  -30.863 0.4285714328
72556  26.270  -4.935  -30.733 0.5714285970
76962  30.860  0.410  -32.931 0.2857142985
74441  26.671  -3.373  -31.320 0.7142857313
76168  31.103  -0.714  -37.084 0.1428571492
76980  29.202  0.615  -33.983 0.8571428657
77006  28.487  0.501  -38.096 0.7142857313
81334  30.175  6.028  -37.210 0.1428571492
80507  28.625  4.447  -38.623 0.8571428657
79682  27.889  3.688  -38.809 0.8571428657
78803  27.153  2.710  -37.580 0.8571428657
134355  28.256  10.564  -40.540 0.8571428657
87303  27.112  12.755  -41.540 0.8571428657
89025  25.687  14.700  -42.599 0.8571428657
89032  24.102  15.317  -43.438 0.7142857313
91557  23.882  17.413  -43.478 0.2857142985
91547  24.066  17.881  -41.290 0.1428571492
92284  24.601  18.897  -39.947 0.1428571492
92239  26.432  18.385  -35.297 0.1428571492
60061  19.237  -17.508  -24.561 0.1428571492
62973  21.646  -14.229  -26.854 0.4285714328
63959  23.295  -13.256  -26.803 0.2857142985
63960  22.440  -13.738  -26.861 0.4285714328
64911  23.958  -11.999  -27.385 0.1428571492
139772  26.398  -9.917  -26.854 0.2857142985
68781  26.603  -8.565  -27.867 0.2857142985
67871  25.211  -9.317  -28.710 0.2857142985
66880  24.815  -10.090  -28.395 0.2857142985
73543  26.310  -4.140  -30.950 0.7142857313
79678  31.107  3.561  -37.467 0.1428571492
127962  30.519  5.478  -36.685 0.1428571492
131111  29.180  7.473  -37.567 0.1428571492
84015  29.198  8.057  -37.844 0.2857142985
82187  28.317  6.096  -38.149 0.8571428657
77906  27.200  2.161  -38.434 0.8571428657
77902  27.358  2.478  -36.557 1.0000000000
85759  29.301  10.451  -39.496 0.1428571492
86538  29.044  11.027  -40.138 0.1428571492
87298  28.387  12.075  -40.925 0.2857142985
84010  26.198  7.898  -36.952 0.8571428657
132091  28.132  11.853  -41.052 0.5714285970
87305  27.005  13.597  -41.879 0.5714285970
88169  26.025  14.811  -42.572 0.5714285970
89031  24.950  15.033  -43.063 0.7142857313
90758  24.225  16.788  -44.013 0.4285714328
137926  26.081  16.241  -43.776 0.2857142985
91560  25.145  17.136  -44.078 0.2857142985
131107  24.570  17.620  -43.896 0.1428571492
91552  24.155  18.385  -43.123 0.1428571492
91549  24.011  18.222  -42.282 0.1428571492
91542  24.210  16.995  -38.983 0.2857142985
93045  24.520  19.636  -41.008 0.1428571492
91524  24.589  17.101  -37.119 0.1428571492
90707  24.156  16.689  -36.426 0.1428571492
92275  25.246  19.030  -38.399 0.1428571492
90671  25.097  16.888  -34.000 0.1428571492
91491  24.440  16.956  -34.260 0.1428571492
91480  25.490  17.258  -33.351 0.1428571492
88152  28.109  12.814  -41.184 0.4285714328
132914  27.345  13.846  -41.723 0.4285714328
89029  26.781  15.309  -42.275 0.4285714328
89879  26.470  15.817  -42.889 0.4285714328
89030  25.703  15.316  -43.271 0.5714285970
89885  25.667  15.897  -43.865 0.5714285970
62039  21.742  -15.815  -25.002 0.1428571492
62049  20.494  -15.680  -25.764 0.1428571492
61109  18.866  -16.949  -24.859 0.1428571492
62069  20.853  -15.190  -26.150 0.4285714328
62050  19.725  -15.685  -25.783 0.2857142985
62974  20.771  -14.637  -26.760 0.5714285970
62954  22.707  -14.719  -25.323 0.1428571492
64902  23.847  -12.627  -26.916 0.1428571492
67859  25.560  -9.668  -27.933 0.2857142985
75297  27.206  -2.111  -32.334 0.7142857313
76990  30.820  0.535  -34.801 0.8571428657
76964  29.270  0.182  -33.278 0.8571428657
76169  30.044  -0.548  -37.608 0.5714285970
124149  28.386  1.205  -39.400 0.5714285970
78804  30.943  3.042  -38.684 0.1428571492
128660  27.668  4.242  -38.543 0.8571428657
82190  27.969  6.671  -38.333 0.8571428657
84024  27.253  8.343  -39.311 0.8571428657
84020  26.917  7.780  -38.857 0.8571428657
83098  26.327  7.217  -37.796 0.8571428657
84932  26.852  8.972  -39.262 0.8571428657
86549  27.403  12.089  -41.148 0.8571428657
86546  27.064  11.706  -40.695 0.8571428657
92294  24.719  19.171  -43.397 0.1428571492
91550  23.573  17.253  -41.817 0.5714285970
90755  22.925  16.082  -42.288 0.5714285970
93035  25.407  20.155  -39.032 0.1428571492
138662  23.913  16.948  -39.869 0.4285714328
92276  24.700  18.157  -38.863 0.1428571492
92249  26.155  18.807  -36.119 0.1428571492
93012  25.855  19.340  -36.914 0.1428571492
122649  24.335  18.451  -40.654 0.1428571492
91534  24.358  17.124  -38.029 0.1428571492
90694  25.305  16.926  -35.256 0.1428571492
65867  25.980  -11.223  -26.494 0.1428571492
87302  27.640  12.974  -41.445 0.5714285970
63972  21.749  -13.595  -27.563 0.4285714328
67886  24.803  -9.001  -29.414 0.5714285970
90717  23.825  16.623  -37.360 0.1428571492
68799  23.823  -9.083  -30.075 0.5714285970
67889  22.272  -9.863  -30.053 0.5714285970
67890  21.580  -10.013  -29.964 0.2857142985
68818  24.045  -8.081  -30.428 0.5714285970
68820  22.935  -8.642  -30.346 0.5714285970
65914  21.539  -11.203  -29.492 0.4285714328
68819  23.609  -8.609  -30.312 0.5714285970
67891  20.905  -9.727  -29.890 0.2857142985
67908  21.698  -9.303  -30.188 0.4285714328
69737  24.137  -7.499  -30.536 0.5714285970
69738  22.757  -7.959  -30.514 0.5714285970
69739  21.985  -7.888  -30.483 0.4285714328
70703  25.249  -6.197  -30.462 0.5714285970
71606  24.501  -5.780  -30.516 0.5714285970
131048  23.387  -7.255  -30.691 0.4285714328
119951  23.853  -5.246  -30.524 0.4285714328
72558  24.743  -4.863  -30.483 0.4285714328
130722  22.211  -8.601  -30.348 0.4285714328
67909  21.064  -8.986  -30.175 0.2857142985
68800  20.533  -8.958  -29.824 0.2857142985
129684  22.470  -7.247  -30.698 0.4285714328
120214  25.296  -5.496  -30.563 0.7142857313
73544  25.414  -4.101  -30.650 0.7142857313
73546  23.922  -3.520  -30.641 0.4285714328
124709  25.440  -2.570  -30.766 0.7142857313
128859  24.586  -2.393  -30.635 0.5714285970
75285  24.836  -1.636  -30.602 0.7142857313
75286  23.938  -1.899  -30.871 0.2857142985
74442  25.916  -3.402  -30.942 0.5714285970
121330  24.788  -3.225  -30.563 0.7142857313
75312  26.908  -1.658  -32.571 0.7142857313
76115  25.474  -0.920  -30.799 0.7142857313
76953  25.972  -0.189  -31.326 0.7142857313
76942  24.928  0.074  -30.661 0.7142857313
76116  24.359  -0.617  -30.568 0.4285714328
141265  25.387  0.643  -30.937 0.4285714328
75296  27.367  -2.064  -32.555 0.5714285970
75298  26.765  -2.171  -31.846 0.5714285970
75311  27.231  -1.688  -32.947 0.5714285970
76142  26.958  -1.077  -33.272 0.5714285970
76966  26.698  -0.131  -32.902 0.7142857313
127944  26.772  0.718  -33.287 0.7142857313
77875  26.899  1.626  -33.785 0.7142857313
77846  26.421  0.821  -32.372 0.7142857313
77857  25.855  1.752  -31.824 0.5714285970
78764  26.567  2.483  -33.170 0.5714285970
77873  29.472  1.128  -34.698 0.7142857313
76981  28.191  0.289  -34.193 0.5714285970
76155  27.256  -0.702  -33.713 0.5714285970
76993  27.853  0.950  -34.683 0.7142857313
76982  27.457  0.167  -34.104 0.7142857313
77885  27.258  1.993  -34.421 0.8571428657
77836  25.318  1.421  -30.964 0.4285714328
78789  27.217  2.672  -34.949 0.7142857313
79661  26.485  3.304  -33.472 0.7142857313
123354  26.866  3.439  -34.472 0.7142857313
76992  28.613  1.030  -34.699 0.5714285970
77874  27.375  1.194  -34.337 0.7142857313
77895  27.615  2.259  -35.582 0.8571428657
78796  27.189  2.925  -35.914 0.8571428657
79669  26.902  4.108  -34.950 0.7142857313
79662  26.374  4.114  -33.855 0.5714285970
81330  26.059  5.179  -34.226 0.2857142985
128939  28.054  1.649  -37.060 0.7142857313
78797  27.081  3.506  -35.384 0.7142857313
82183  26.290  5.962  -35.525 0.7142857313
136025  27.101  2.996  -36.726 0.7142857313
79675  27.109  4.036  -35.693 0.8571428657
80502  26.934  4.536  -35.602 0.8571428657
139709  26.361  5.621  -37.061 0.8571428657
81333  26.410  5.364  -35.302 0.5714285970
134113  26.515  5.472  -36.245 0.8571428657
82182  26.330  6.129  -36.479 0.8571428657
83092  26.150  6.497  -34.784 0.7142857313
80504  27.086  4.074  -36.914 0.8571428657
81336  26.524  5.009  -37.039 0.8571428657
83091  26.212  6.744  -35.717 0.8571428657
83096  26.208  6.964  -36.755 0.8571428657
129877  26.218  7.663  -35.938 0.7142857313
86524  26.156  11.219  -38.091 0.7142857313
86541  25.995  12.061  -39.351 0.5714285970
86517  25.972  11.715  -36.172 0.7142857313
86533  25.786  12.155  -38.386 0.7142857313
87294  25.555  12.642  -39.795 0.7142857313
87301  24.850  13.177  -40.186 0.8571428657
88147  23.917  13.453  -39.821 0.7142857313
87283  25.381  12.707  -37.507 0.7142857313
88148  22.892  13.505  -39.625 0.7142857313
88149  22.169  13.931  -39.461 0.7142857313
88140  22.857  13.595  -38.658 0.5714285970
88162  23.394  14.096  -41.101 0.7142857313
88157  22.219  13.916  -40.262 0.7142857313
88141  22.356  14.151  -37.968 0.5714285970
89019  21.948  14.580  -40.635 0.4285714328
138986  22.113  14.188  -38.762 0.5714285970
137529  22.983  14.453  -41.370 0.5714285970
88132  22.555  14.128  -36.978 0.5714285970
89015  21.767  14.525  -40.014 0.5714285970
89008  21.796  14.641  -39.232 0.5714285970
128889  21.586  14.741  -38.365 0.5714285970
88999  21.752  14.566  -37.416 0.4285714328
88992  21.230  14.871  -36.849 0.5714285970
88991  21.954  14.585  -36.463 0.4285714328
89001  20.658  15.572  -37.767 0.5714285970
89000  21.082  15.040  -37.675 0.5714285970
89869  21.695  15.134  -39.640 0.5714285970
88985  20.896  15.155  -36.347 0.4285714328
88976  22.210  14.501  -34.404 0.4285714328
89852  20.285  16.005  -37.420 0.5714285970
88993  20.707  15.339  -37.103 0.5714285970
90699  19.737  17.239  -36.245 0.4285714328
73541  27.799  -3.305  -30.744 0.2857142985
76154  27.721  -0.572  -33.834 0.5714285970
90711  19.605  17.408  -37.357 0.2857142985
90698  20.214  16.591  -35.725 0.4285714328
90686  20.042  17.170  -35.268 0.2857142985
65912  23.110  -10.650  -29.561 0.5714285970
65913  22.314  -11.057  -29.566 0.5714285970
69720  25.327  -7.447  -30.024 0.2857142985
68797  24.939  -8.254  -29.810 0.4285714328
66898  22.466  -10.433  -29.827 0.5714285970
70692  24.886  -7.036  -30.361 0.5714285970
66900  21.152  -10.528  -29.676 0.2857142985
69740  21.308  -7.707  -30.441 0.4285714328
70705  22.935  -6.597  -30.844 0.4285714328
71607  23.526  -6.019  -30.722 0.5714285970
68822  20.819  -8.226  -30.158 0.2857142985
72559  23.628  -4.357  -30.704 0.5714285970
74438  28.578  -2.033  -30.813 0.2857142985
74457  22.409  -2.711  -31.731 0.2857142985
133810  23.903  -1.199  -30.680 0.7142857313
79674  27.115  3.601  -36.307 0.8571428657
81329  26.598  4.937  -35.180 0.7142857313
123418  26.211  9.595  -37.240 0.7142857313
85749  26.165  10.360  -37.533 0.7142857313
85740  26.127  10.286  -36.731 0.7142857313
123066  23.811  13.422  -39.010 0.7142857313
88122  23.373  13.817  -36.462 0.5714285970
88984  21.399  14.902  -35.945 0.2857142985
89022  23.587  14.700  -41.813 0.5714285970
89875  22.135  15.127  -41.196 0.5714285970
89878  22.656  15.534  -41.797 0.5714285970
141281  22.126  15.497  -40.981 0.5714285970
89861  21.019  15.497  -38.251 0.5714285970
90731  20.795  16.162  -38.209 0.2857142985
120121  22.643  -5.815  -30.993 0.4285714328
68788  25.505  -8.595  -29.085 0.2857142985
76140  27.990  -1.028  -33.428 0.7142857313
74454  26.967  -2.734  -31.815 0.5714285970
77892  29.333  1.002  -36.263 0.7142857313
77894  28.022  1.871  -36.182 0.7142857313
77882  28.737  1.351  -35.402 0.7142857313
80505  26.908  4.550  -36.516 0.7142857313
88155  24.109  13.665  -40.610 0.8571428657
72557  25.748  -4.879  -30.710 0.5714285970
84913  26.225  8.588  -36.217 0.7142857313
121892  24.371  -8.822  -29.885 0.5714285970
67906  23.057  -9.343  -30.150 0.5714285970
67888  23.519  -9.830  -29.843 0.4285714328
67907  22.427  -9.181  -30.225 0.4285714328
66899  21.878  -10.525  -29.812 0.5714285970
69721  24.604  -7.784  -30.292 0.5714285970
123566  23.507  -8.028  -30.501 0.5714285970
65894  22.029  -11.844  -29.212 0.5714285970
68821  21.501  -8.477  -30.315 0.4285714328
70704  24.197  -6.670  -30.602 0.5714285970
142382  23.525  -6.671  -30.760 0.5714285970
128666  21.753  -7.251  -30.639 0.4285714328
72560  23.084  -5.154  -31.036 0.4285714328
73545  24.472  -3.996  -30.486 0.5714285970
74443  23.807  -2.718  -30.903 0.5714285970
73557  23.077  -3.397  -31.332 0.4285714328
120054  22.660  -4.292  -31.361 0.4285714328
74455  26.378  -2.768  -31.344 0.7142857313
75284  25.969  -1.924  -31.053 0.7142857313
121936  23.336  -2.118  -31.331 0.2857142985
76129  26.381  -1.308  -31.613 0.7142857313
136562  26.431  0.104  -32.040 0.7142857313
76141  27.374  -1.223  -33.430 0.5714285970
134287  26.507  1.653  -32.799 0.7142857313
77884  27.592  1.788  -34.883 0.5714285970
78781  26.911  2.620  -34.070 0.7142857313
79644  26.122  3.112  -32.440 0.2857142985
80496  26.527  4.621  -34.639 0.5714285970
80497  25.980  4.719  -33.743 0.2857142985
81332  26.754  4.988  -35.985 0.8571428657
132738  25.499  12.570  -39.026 0.7142857313
87295  24.786  13.086  -39.252 0.7142857313
88156  23.061  13.686  -40.439 0.8571428657
89860  21.537  15.215  -38.859 0.7142857313
90732  20.433  16.114  -38.027 0.5714285970
89847  20.483  15.816  -36.306 0.4285714328
141076  20.664  -6.906  -30.382 0.1428571492
71608  21.983  -5.612  -31.053 0.4285714328
62975  19.909  -14.549  -26.620 0.4285714328
69701  26.882  -7.865  -28.187 0.1428571492
69710  26.548  -7.377  -29.039 0.1428571492
71592  26.782  -4.991  -30.113 0.1428571492
136803  27.261  -4.369  -30.175 0.1428571492
70681  27.026  -6.498  -28.889 0.1428571492
69709  27.197  -7.226  -28.236 0.1428571492
72536  27.797  -4.401  -29.216 0.1428571492
71583  27.319  -5.228  -29.195 0.1428571492
142583  27.162  -5.853  -29.028 0.1428571492
73534  27.825  -3.795  -30.007 0.1428571492
76113  29.516  -0.644  -31.141 0.2857142985
76125  31.275  0.049  -32.363 0.1428571492
142125  26.230  8.796  -37.080 0.5714285970
93773  24.193  20.408  -32.042 0.1428571492
84003  26.348  8.427  -35.182 0.4285714328
93774  23.546  20.382  -32.679 0.1428571492
90684  24.078  16.726  -35.033 0.1428571492
85732  26.266  10.263  -35.785 0.4285714328
86516  26.102  10.933  -36.267 0.5714285970
86512  25.926  11.998  -35.324 0.4285714328
92242  21.236  19.258  -36.125 0.2857142985
91515  21.734  16.857  -37.791 0.2857142985
89859  21.890  15.612  -39.078 0.2857142985
90709  22.635  16.611  -37.328 0.2857142985
87254  24.687  11.982  -32.809 0.1428571492
133893  25.620  12.558  -36.006 0.5714285970
138664  24.546  13.264  -38.537 0.5714285970
92264  20.460  18.200  -37.931 0.2857142985
89868  22.404  15.797  -39.767 0.4285714328
87263  24.990  12.782  -34.263 0.4285714328
88121  24.185  13.539  -36.719 0.5714285970
132399  20.930  17.409  -38.118 0.2857142985
88102  24.234  13.245  -34.294 0.4285714328
88103  23.404  13.791  -34.506 0.2857142985
91527  19.511  18.331  -37.557 0.1428571492
91535  20.282  16.806  -38.111 0.1428571492
91525  20.263  17.540  -38.097 0.1428571492
88113  22.815  14.278  -35.047 0.4285714328
91517  19.390  17.957  -36.697 0.1428571492
92266  19.374  19.448  -37.610 0.1428571492
93014  19.531  20.064  -37.363 0.1428571492
142119  22.791  14.168  -34.398 0.2857142985
130502  19.402  18.305  -36.030 0.2857142985
91494  20.407  17.450  -34.333 0.1428571492
92253  19.245  18.932  -36.886 0.1428571492
93016  19.193  20.181  -37.404 0.1428571492
92243  19.327  18.953  -35.774 0.1428571492
92993  19.309  19.785  -34.687 0.1428571492
93008  19.105  19.767  -36.390 0.1428571492
92992  19.778  19.853  -34.074 0.1428571492
62986  20.265  -14.023  -27.247 0.4285714328
64914  19.557  -12.485  -27.610 0.2857142985
71582  28.017  -4.993  -28.396 0.1428571492
74427  28.466  -2.662  -30.337 0.1428571492
84906  26.334  9.314  -35.554 0.2857142985
89877  23.138  16.036  -42.956 0.4285714328
90729  22.749  16.094  -38.830 0.2857142985
93013  20.327  19.759  -37.028 0.2857142985
136440  22.331  16.958  -36.968 0.2857142985
93816  19.584  20.880  -36.825 0.2857142985
63961  19.214  -13.021  -26.853 0.2857142985
65868  25.389  -11.685  -26.571 0.1428571492
64901  24.617  -12.295  -26.598 0.1428571492
67858  26.316  -9.359  -27.444 0.1428571492
68770  26.866  -8.833  -27.168 0.1428571492
76126  30.054  0.112  -31.665 0.1428571492
88091  23.533  13.355  -33.536 0.1428571492
88131  23.350  13.713  -37.494 0.5714285970
89873  22.314  15.897  -40.763 0.4285714328
91506  21.579  18.192  -36.448 0.2857142985
90718  22.925  16.346  -37.898 0.2857142985
90697  22.991  16.728  -36.334 0.2857142985
92241  22.094  18.295  -35.486 0.2857142985
92233  22.581  18.481  -34.590 0.1428571492
92991  22.651  19.766  -33.819 0.1428571492
91482  24.035  17.530  -33.800 0.1428571492
94588  18.965  20.999  -36.557 0.2857142985
93007  20.058  20.580  -36.852 0.2857142985
92232  23.275  17.936  -34.174 0.1428571492
92224  23.676  18.382  -33.464 0.1428571492
90696  23.734  16.688  -35.868 0.1428571492
91492  23.677  17.186  -34.594 0.1428571492
76138  31.407  0.043  -33.222 0.2857142985
90739  23.422  16.396  -39.288 0.4285714328
93001  21.289  20.139  -35.313 0.2857142985
90708  23.372  16.609  -36.798 0.2857142985
91504  23.323  16.950  -35.447 0.1428571492
63973  20.497  -13.439  -27.819 0.4285714328
76114  28.728  -1.097  -31.901 0.4285714328
90748  22.512  15.881  -41.506 0.4285714328
90728  23.625  16.494  -38.332 0.2857142985
86511  26.188  11.199  -35.536 0.4285714328
123709  25.715  12.225  -36.817 0.5714285970
87277  25.331  12.917  -36.644 0.5714285970
88139  23.958  13.483  -38.170 0.5714285970
90710  19.929  16.613  -36.884 0.4285714328
91526  19.782  17.569  -37.990 0.2857142985
131464  26.210  9.463  -36.452 0.5714285970
88120  24.908  13.303  -37.006 0.5714285970
88112  23.433  13.854  -35.535 0.5714285970
90730  21.431  15.849  -38.531 0.2857142985
90720  20.972  16.662  -38.261 0.2857142985
141724  27.273  -4.739  -29.667 0.1428571492
70669  27.524  -6.623  -28.053 0.1428571492
73519  28.598  -3.564  -28.974 0.1428571492
85727  26.361  10.717  -34.830 0.2857142985
92251  20.777  18.702  -37.210 0.2857142985
91516  21.454  17.639  -37.356 0.2857142985
90719  21.985  16.381  -38.219 0.2857142985
138339  22.145  16.077  -38.624 0.2857142985
137687  25.067  12.262  -33.591 0.2857142985
87269  25.412  12.743  -35.127 0.4285714328
92252  20.045  19.059  -37.661 0.1428571492
87270  24.828  13.199  -34.974 0.4285714328
88090  24.309  12.712  -33.387 0.2857142985
88110  24.957  13.344  -35.951 0.5714285970
88111  24.170  13.490  -35.203 0.5714285970
62987  19.574  -13.837  -26.839 0.2857142985
73532  29.184  -2.677  -29.282 0.1428571492
84897  26.461  9.227  -34.557 0.2857142985
91505  22.419  17.363  -36.098 0.2857142985
91493  22.873  17.600  -35.001 0.2857142985
92225  23.009  18.870  -33.904 0.1428571492
78765  26.148  2.378  -32.396 0.4285714328
80490  25.774  4.580  -32.698 0.2857142985
95352  20.326  22.507  -34.852 0.1428571492
93801  20.706  21.163  -35.622 0.1428571492
96063  20.943  23.704  -34.642 0.1428571492
94555  19.968  21.649  -33.920 0.1428571492
96064  20.628  23.487  -34.420 0.1428571492
94572  20.278  21.976  -35.798 0.1428571492
94561  20.909  21.840  -35.028 0.1428571492
119268  19.917  22.111  -34.495 0.1428571492
94547  20.068  22.323  -33.343 0.1428571492
95357  19.726  22.042  -35.592 0.1428571492
95345  20.157  22.913  -33.557 0.1428571492
96745  20.619  24.315  -34.113 0.1428571492
94573  19.762  21.707  -36.267 0.1428571492
133128  20.309  22.930  -34.232 0.1428571492
96043  20.169  23.632  -31.315 0.1428571492
96740  20.320  24.227  -33.345 0.1428571492
124584  25.961  3.878  -32.590 0.2857142985
95340  20.067  22.904  -32.803 0.1428571492
96727  19.979  24.345  -31.856 0.1428571492
96058  21.072  24.280  -34.513 0.1428571492
93815  20.136  21.304  -36.442 0.1428571492
93800  21.349  20.879  -34.640 0.1428571492
95355  20.580  22.432  -35.062 0.1428571492
137844  21.157  22.472  -34.766 0.1428571492
96044  19.993  23.756  -32.109 0.1428571492
95330  20.363  22.865  -31.340 0.1428571492
71594  25.896  -6.065  -30.500 0.4285714328
65879  23.355  -11.803  -28.221 0.2857142985
65892  23.618  -11.072  -28.803 0.2857142985
66881  24.061  -10.260  -29.210 0.2857142985
64928  22.501  -12.350  -28.447 0.2857142985
88123  22.713  14.238  -36.000 0.4285714328
67872  24.618  -9.628  -29.111 0.2857142985
133186  21.732  -12.426  -28.773 0.4285714328
121635  24.258  -10.707  -28.429 0.1428571492
64912  23.240  -12.530  -27.566 0.1428571492
65893  22.837  -11.532  -29.086 0.2857142985
86506  25.652  12.035  -34.326 0.2857142985
63984  20.658  -12.982  -28.267 0.2857142985
63985  20.107  -12.798  -28.056 0.2857142985
64929  21.154  -12.728  -28.551 0.2857142985
64930  20.505  -12.407  -28.558 0.2857142985
65895  21.125  -11.994  -29.072 0.2857142985
72572  22.334  -5.010  -31.250 0.2857142985
72573  21.940  -4.265  -31.521 0.2857142985
75299  23.155  -1.364  -31.329 0.1428571492
76117  23.367  -0.503  -30.848 0.1428571492
76943  23.741  0.400  -30.557 0.2857142985
130697  25.263  2.328  -30.900 0.1428571492
81309  25.442  5.147  -31.652 0.1428571492
81323  25.747  5.235  -32.814 0.1428571492
82177  26.039  5.875  -34.426 0.1428571492
132860  25.880  5.918  -33.030 0.1428571492
83086  26.116  6.757  -33.440 0.1428571492
133783  25.878  7.428  -32.292 0.1428571492
136223  26.204  9.756  -32.994 0.1428571492
86505  26.132  11.451  -34.793 0.1428571492
86488  24.986  11.164  -32.330 0.1428571492
127746  25.813  10.596  -32.908 0.1428571492
88983  22.111  14.636  -35.474 0.1428571492
88977  21.556  14.969  -34.951 0.1428571492
141606  22.017  14.347  -33.570 0.1428571492
89840  20.956  15.272  -35.522 0.1428571492
89832  21.128  15.331  -34.552 0.1428571492
89841  20.694  15.937  -35.166 0.1428571492
64913  21.804  -12.978  -28.236 0.1428571492
83085  26.270  7.437  -34.640 0.2857142985
83078  26.249  7.772  -33.296 0.1428571492
86499  25.449  11.570  -33.295 0.1428571492
62976  19.254  -14.380  -26.276 0.2857142985
70706  22.014  -6.467  -30.845 0.2857142985
76954  22.767  0.310  -31.228 0.1428571492
79620  24.497  2.731  -30.594 0.1428571492
79628  24.418  3.521  -30.687 0.1428571492
123666  25.645  3.643  -31.480 0.1428571492
81299  23.958  5.159  -31.313 0.1428571492
81324  25.495  5.916  -31.672 0.1428571492
82171  25.747  6.647  -32.026 0.1428571492
83995  26.408  8.407  -34.064 0.1428571492
85705  25.162  10.367  -32.020 0.1428571492
132547  21.582  14.797  -33.898 0.1428571492
71624  21.645  -4.961  -31.110 0.2857142985
63983  21.141  -13.335  -28.049 0.2857142985
77837  24.591  0.994  -30.602 0.1428571492
88082  22.049  13.883  -33.046 0.1428571492
71609  21.231  -5.782  -30.741 0.1428571492
85720  26.419  10.118  -33.940 0.1428571492
73559  21.493  -3.535  -31.583 0.1428571492
142462  24.923  5.478  -31.204 0.1428571492
62977  18.749  -14.199  -25.919 0.1428571492
138272  19.061  -13.752  -26.427 0.1428571492
63953  18.145  -13.487  -25.211 0.1428571492
65896  20.334  -11.689  -28.763 0.1428571492
76153  31.441  -0.072  -34.173 0.1428571492
88158  27.779  13.630  -41.423 0.1428571492
62072  18.914  -14.950  -25.759 0.1428571492
64915  19.039  -12.122  -27.125 0.1428571492
64931  19.889  -12.087  -28.250 0.1428571492
65915  20.748  -11.170  -29.251 0.1428571492
64932  19.407  -11.728  -27.791 0.1428571492
66901  20.341  -10.422  -29.252 0.1428571492
123315  28.337  12.674  -40.758 0.1428571492
134352  27.016  15.361  -41.926 0.1428571492
67892  20.150  -9.552  -29.382 0.1428571492
86539  28.747  11.645  -40.443 0.1428571492
62071  19.503  -15.046  -26.061 0.1428571492
76160  31.428  -0.394  -35.212 0.1428571492
63974  19.843  -13.280  -27.450 0.1428571492
63962  18.695  -13.395  -26.173 0.1428571492
137248  20.178  -11.072  -28.836 0.1428571492
67887  24.199  -9.450  -29.661 0.5714285970
68798  24.229  -8.430  -30.202 0.5714285970
70707  21.144  -6.869  -30.602 0.1428571492
71605  25.835  -5.550  -30.637 0.7142857313
73533  28.359  -3.205  -29.870 0.1428571492
74456  23.061  -2.592  -31.491 0.2857142985
75283  28.685  -1.483  -31.325 0.7142857313
75310  27.590  -1.626  -33.039 0.5714285970
76165  31.294  -0.603  -36.222 0.1428571492
76173  29.978  -0.497  -38.395 0.2857142985
76176  31.410  -0.735  -38.938 0.1428571492
76177  30.321  -0.239  -39.110 0.4285714328
76178  29.724  0.621  -39.606 0.4285714328
76183  32.279  0.418  -39.882 0.1428571492
76184  31.581  0.459  -40.032 0.1428571492
76950  30.506  0.330  -32.328 0.1428571492
76952  26.617  -0.798  -32.359 0.5714285970
76965  28.489  -0.233  -33.681 0.5714285970
76978  30.739  0.609  -33.800 0.8571428657
76983  26.963  -0.162  -33.653 0.7142857313
76991  30.199  1.031  -34.661 0.8571428657
77011  29.091  1.197  -40.048 0.4285714328
77013  30.843  0.534  -40.058 0.4285714328
77014  30.130  0.674  -40.017 0.4285714328
77015  29.520  0.904  -40.047 0.4285714328
77017  30.550  0.930  -40.286 0.4285714328
77018  30.057  0.877  -40.195 0.4285714328
77019  29.689  1.343  -40.246 0.4285714328
77847  25.899  0.773  -31.567 0.4285714328
77881  29.526  1.258  -35.408 0.7142857313
77883  28.119  1.596  -35.218 0.7142857313
77901  27.467  2.067  -37.376 1.0000000000
77908  31.042  2.218  -40.541 0.1428571492
77909  29.422  1.640  -40.326 0.4285714328
77910  32.052  1.595  -40.193 0.1428571492
77911  31.302  2.023  -40.872 0.1428571492
77912  29.684  2.029  -40.768 0.4285714328
77913  29.720  1.739  -40.501 0.4285714328
77914  31.227  1.805  -40.795 0.1428571492
77915  30.955  1.359  -40.552 0.4285714328
77916  30.355  1.247  -40.385 0.4285714328
77917  30.030  1.491  -40.434 0.4285714328
77918  30.917  1.859  -41.019 0.4285714328
77919  30.621  1.716  -40.764 0.4285714328
78746  24.521  1.881  -30.614 0.1428571492
78753  25.705  2.773  -31.589 0.4285714328
78807  27.363  2.950  -38.468 0.8571428657
78810  30.406  2.122  -41.013 0.4285714328
78811  30.050  1.951  -41.009 0.4285714328
78812  30.942  2.000  -41.094 0.1428571492
78813  30.557  1.951  -41.046 0.4285714328
78814  30.290  1.737  -40.702 0.4285714328
79627  25.194  3.236  -30.790 0.1428571492
80501  27.107  4.188  -36.221 0.8571428657
80510  26.790  4.495  -37.283 0.7142857313
81335  29.644  5.693  -37.769 0.1428571492
83101  27.045  7.303  -38.827 0.8571428657
83102  27.534  7.828  -38.997 0.8571428657
84025  26.749  8.279  -38.930 0.8571428657
84886  26.399  9.175  -33.550 0.2857142985
84929  29.062  9.709  -39.811 0.2857142985
85728  26.107  11.138  -33.987 0.1428571492
85741  25.931  11.225  -37.024 0.7142857313
85761  26.957  10.515  -39.863 0.8571428657
86525  25.848  11.961  -37.553 0.7142857313
86544  28.475  11.280  -40.716 0.2857142985
86545  27.838  11.388  -40.868 0.5714285970
86547  28.049  12.333  -41.241 0.4285714328
86548  27.762  12.202  -41.262 0.5714285970
87289  25.177  12.865  -38.413 0.7142857313
87293  28.644  12.293  -40.230 0.1428571492
88092  22.689  13.934  -33.704 0.2857142985
88129  24.786  13.264  -37.843 0.5714285970
88130  24.289  13.479  -37.447 0.5714285970
88160  25.571  13.499  -41.496 0.8571428657
88163  22.495  14.291  -41.004 0.7142857313
88164  26.751  14.546  -42.113 0.4285714328
88165  26.334  14.224  -42.174 0.5714285970
88167  25.101  14.109  -41.856 0.8571428657
88168  26.202  15.129  -42.650 0.4285714328
89020  27.631  14.287  -41.259 0.1428571492
89021  24.501  14.457  -41.978 0.7142857313
89023  22.741  14.890  -41.525 0.5714285970
89024  27.251  14.592  -41.774 0.1428571492
89027  23.482  15.430  -42.698 0.4285714328
89028  23.095  15.303  -41.992 0.5714285970
89033  26.081  15.467  -43.057 0.4285714328
89881  24.906  15.468  -43.856 0.5714285970
89882  24.051  15.896  -44.018 0.7142857313
89883  23.557  15.807  -43.427 0.5714285970
89884  26.167  15.834  -43.431 0.4285714328
89886  24.952  16.232  -44.151 0.5714285970
90682  25.402  16.932  -34.539 0.1428571492
90685  20.467  16.602  -34.835 0.2857142985
90695  24.504  16.684  -35.538 0.1428571492
90721  19.953  16.752  -37.809 0.5714285970
90751  23.107  16.601  -42.140 0.5714285970
90760  26.201  16.738  -43.759 0.2857142985
90761  25.762  16.580  -44.015 0.2857142985
91490  25.775  17.158  -34.010 0.1428571492
91507  19.648  17.724  -35.669 0.2857142985
91556  24.595  18.355  -43.658 0.1428571492
92236  19.388  18.917  -34.922 0.1428571492
92250  25.665  18.153  -36.622 0.1428571492
92265  19.749  18.572  -37.855 0.1428571492
92290  24.250  18.937  -41.676 0.1428571492
92297  24.988  18.873  -43.800 0.1428571492
93002  19.120  19.797  -35.428 0.1428571492
93006  20.635  20.459  -36.325 0.2857142985
93009  18.993  20.423  -36.895 0.1428571492
93015  19.062  19.889  -37.119 0.1428571492
93025  19.230  19.953  -37.538 0.1428571492
93036  25.031  19.407  -39.412 0.1428571492
93788  19.408  20.510  -34.476 0.1428571492
93803  18.926  21.159  -35.908 0.2857142985
93817  18.900  20.597  -36.059 0.1428571492
93825  19.181  20.413  -37.213 0.1428571492
93826  19.103  20.594  -37.029 0.1428571492
94587  19.269  21.028  -36.729 0.2857142985
95331  20.081  23.190  -32.090 0.1428571492
95339  20.229  22.416  -32.232 0.1428571492
95351  20.634  22.783  -34.734 0.1428571492
95356  20.167  22.295  -35.487 0.1428571492
96052  20.095  23.533  -32.875 0.1428571492
96059  20.327  23.621  -33.799 0.1428571492
96728  20.055  24.128  -32.571 0.1428571492
96746  20.917  24.239  -34.459 0.1428571492
119099  29.274  0.631  -39.374 0.4285714328
123073  28.804  5.579  -38.096 0.1428571492
123100  31.097  -0.049  -39.552 0.4285714328
124128  24.023  13.542  -35.974 0.5714285970
125130  26.444  9.939  -34.951 0.1428571492
127588  19.443  19.490  -37.639 0.1428571492
127682  31.186  1.085  -40.388 0.1428571492
129396  22.874  -10.057  -29.973 0.5714285970
130541  24.354  17.800  -39.741 0.1428571492
131991  21.828  15.224  -40.503 0.5714285970
132780  27.065  0.661  -33.928 0.7142857313
138201  22.425  19.238  -34.312 0.1428571492
139117  28.253  4.927  -38.510 0.8571428657
140035  26.203  11.540  -38.917 0.5714285970
140449  27.252  -7.611  -27.773 0.1428571492
143673  23.047  15.747  -42.321 0.5714285970
